[84.11, [440.4, 68.58, 28.96, 19.74, 308.72, 21.34, 279.54, 22.9, 180.59, 23.35, 75.5, 15.44], (128.1118, 535.8854, 1335.214)]
[104.08, [440.4, 68.58, 28.96, 64.88, 332.18, 20.97, 283.83, 23.01, 180.59, 23.0, 71.73, 15.42], (126.9298, 540.1167, 1318.828)]
[230.81, [440.4, 68.58, 28.96, 60.75, 306.76, 21.12, 284.87, 23.03, 180.59, 23.42, 71.73, 15.34], (124.9978, 534.0301, 1387.931)]
[295.38, [440.4, 68.58, 28.96, 62.52, 306.76, 21.25, 230.96, 22.54, 185.77, 22.94, 76.71, 22.71], (122.3807, 496.3273, 1284.539)]
[297.47, [440.4, 68.58, 28.96, 26.8, 306.47, 21.08, 233.68, 22.6, 191.7, 22.99, 76.71, 22.46], (123.4624, 496.9457, 1236.256)]
[310.25, [440.4, 68.58, 28.96, 26.8, 306.47, 21.35, 233.68, 22.57, 189.5, 22.99, 79.92, 22.71], (138.8309, 500.7076, 1247.454)]
[317.62, [440.4, 68.58, 28.96, 60.75, 306.76, 21.25, 232.02, 22.54, 185.77, 23.07, 76.71, 22.46], (121.885, 496.7914, 1283.736)]
[359.96, [440.4, 68.58, 28.96, 55.46, 304.65, 21.23, 233.68, 22.71, 189.5, 23.08, 76.71, 22.37], (120.953, 497.4012, 1283.634)]
[558.58, [440.4, 68.58, 28.96, 26.69, 324.12, 19.96, 266.36, 21.67, 177.23, 23.66, 77.92, 22.61], (120.1783, 472.0496, 1147.56)]
[628.18, [440.4, 68.58, 28.96, 22.61, 306.76, 21.18, 231.48, 22.54, 185.77, 22.98, 77.38, 22.47], (124.1541, 552.7335, 1735.0)]
[639.02, [440.4, 68.58, 28.96, 26.8, 357.43, 21.23, 233.68, 22.57, 189.5, 22.99, 76.61, 22.3], (120.0507, 455.4248, 1090.008)]
[681.85, [440.4, 68.58, 28.96, 26.69, 323.42, 19.96, 261.99, 22.51, 175.94, 23.48, 83.59, 22.36], (117.5685, 469.1322, 1162.405)]
[743.86, [440.4, 68.58, 28.96, 49.76, 350.73, 20.1, 284.83, 21.54, 186.89, 23.41, 135.03, 15.68], (143.5348, 602.9369, 1518.55)]
[1036.8, [440.4, 68.58, 28.96, 68.55, 332.18, 20.97, 283.83, 22.73, 180.59, 23.26, 80.23, 22.36], (112.9158, 438.7489, 1112.972)]
[1110.37, [440.4, 68.58, 28.96, 31.3, 310.79, 20.17, 284.83, 22.9, 180.95, 23.46, 82.19, 22.77], (111.3411, 449.241, 1131.007)]
[1152.82, [440.4, 68.58, 28.96, 68.55, 332.18, 20.86, 283.83, 22.9, 180.59, 23.26, 75.5, 22.35], (111.506, 432.9645, 1093.942)]
[1762.38, [440.4, 68.58, 28.96, 38.57, 330.96, 22.64, 234.72, 20.34, 216.79, 23.47, 128.54, 15.78], (156.6942, 654.6939, 1622.4)]
[3427.84, [440.4, 68.58, 28.96, 76.59, 330.95, 21.03, 236.42, 22.54, 185.77, 22.75, 76.71, 22.71], (175.2416, 177.2184, 1187.703)]
[6269.79, [440.4, 68.58, 28.96, 24.49, 354.75, 19.93, 278.69, 17.69, 212.15, 19.76, 107.82, 22.38], (185.6644, 1451.257, 2587.53)]
[8014.41, [440.4, 68.58, 28.96, 52.55, 352.03, 20.08, 284.83, 22.51, 179.93, 23.42, 77.71, 15.32], (53.22302, 129.081, 522.4168)]
[8823.51, [440.4, 68.58, 28.96, 66.26, 318.28, 20.99, 277.26, 20.12, 176.77, 15.62, 84.02, 15.92], (217.5994, 771.7106, 1798.231)]
[9434.38, [440.4, 68.58, 28.96, 52.87, 356.75, 20.06, 283.59, 22.73, 183.62, 23.31, 71.73, 22.64], (43.63246, 111.5007, 425.5903)]
[10390.19, [440.4, 68.58, 28.96, 24.6, 318.73, 20.21, 264.2, 21.75, 180.91, 21.72, 133.24, 22.87], (28.86992, 542.4948, 1386.202)]
[11267.15, [440.4, 68.58, 28.96, 52.87, 354.09, 19.93, 278.69, 17.69, 212.15, 19.64, 104.42, 15.44], (28.07738, 216.0003, 761.3655)]
[11382.45, [440.4, 68.58, 28.96, 35.03, 319.03, 22.54, 226.41, 16.42, 196.83, 20.02, 95.83, 19.3], (26.78736, 924.1784, 1679.773)]
[33758.8, [440.4, 68.58, 28.96, 24.52, 308.72, 21.34, 279.54, 23.0, 180.59, 23.35, 75.5, 15.43], (355.0556, 596.2259, 1414.226)]
[77596.44, [440.4, 68.58, 28.96, 52.87, 357.43, 20.19, 285.39, 22.9, 181.17, 23.14, 82.42, 15.44], (517.1406, 1186.676, 2307.616)]
[79506.98, [440.4, 68.58, 28.96, 18.73, 308.07, 18.61, 252.5, 16.83, 159.35, 20.0, 131.65, 14.9], (518.1298, 1848.617, 3264.379)]
[99856.77, [440.4, 68.58, 28.96, 38.56, 315.92, 16.11, 276.57, 22.08, 177.88, 23.26, 75.5, 15.44], (587.1847, 1513.528, 2680.583)]
[104096.27, [440.4, 68.58, 28.96, 26.8, 306.47, 21.18, 232.71, 22.69, 193.85, 23.42, 135.7, 15.84], (599.4529, 1655.887, 2820.166)]

Population size: 30
Number of couples: 13
Number of kept parents: 0
Best parent kept: True
Mutation Probability: 0.3
Mutation range (x, y): 5, 0.2