[2.69, [440.4, 68.58, 28.96, 25.29, 296.03, 21.75, 221.63, 21.99, 191.75, 22.68, 86.07, 22.85], (131.1353, 524.0866, 1308.152)]
[4.47, [440.4, 68.58, 28.96, 23.58, 296.03, 21.2, 221.68, 22.05, 188.45, 22.79, 86.07, 22.98], (130.6503, 525.4792, 1306.546)]
[5.63, [440.4, 68.58, 28.96, 25.29, 296.03, 21.75, 221.63, 21.99, 191.75, 22.68, 84.77, 22.85], (131.0268, 522.9359, 1303.807)]
[7.06, [440.4, 68.58, 28.96, 23.58, 296.03, 21.2, 221.68, 22.05, 188.45, 22.79, 86.07, 22.88], (131.0284, 527.2118, 1310.232)]
[10.87, [440.4, 68.58, 28.96, 25.29, 296.03, 21.75, 221.63, 21.99, 191.75, 22.79, 86.07, 22.85], (130.1476, 521.8905, 1304.054)]
[10.96, [440.4, 68.58, 28.96, 23.58, 296.03, 21.03, 229.91, 22.06, 188.45, 22.68, 86.07, 22.85], (131.454, 527.0153, 1310.198)]
[11.16, [440.4, 68.58, 28.96, 27.53, 296.03, 21.2, 223.39, 22.05, 188.45, 22.79, 86.07, 22.98], (130.2088, 525.2328, 1312.617)]
[13.08, [440.4, 68.58, 28.96, 27.53, 296.03, 21.2, 221.68, 22.05, 188.45, 22.79, 82.17, 22.98], (130.0942, 522.8874, 1301.512)]
[13.34, [440.4, 68.58, 28.96, 27.53, 296.03, 21.2, 229.67, 22.14, 191.75, 22.68, 86.07, 22.85], (130.3118, 525.4745, 1315.704)]
[14.23, [440.4, 68.58, 28.96, 23.58, 296.03, 21.2, 221.68, 22.05, 186.25, 22.89, 84.77, 22.85], (130.0905, 523.4991, 1300.288)]
[15.16, [440.4, 68.58, 28.96, 27.53, 296.03, 21.2, 221.68, 22.05, 188.45, 22.79, 86.07, 22.88], (130.8058, 528.1051, 1318.433)]
[17.1, [440.4, 68.58, 28.96, 27.53, 296.03, 21.2, 221.68, 22.05, 188.45, 22.79, 86.07, 22.85], (130.9181, 528.6226, 1319.518)]
[18.37, [440.4, 68.58, 28.96, 27.53, 296.03, 21.2, 221.68, 21.99, 184.64, 22.78, 80.58, 22.56], (132.0196, 528.1962, 1308.303)]
[32.01, [440.4, 68.58, 28.96, 25.29, 300.32, 20.95, 221.68, 21.99, 186.25, 22.78, 80.58, 22.56], (132.3582, 527.7898, 1299.867)]
[33.9, [440.4, 68.58, 28.96, 25.29, 296.03, 21.75, 221.63, 21.99, 190.18, 22.89, 86.07, 22.85], (129.2295, 519.1389, 1298.269)]
[37.15, [440.4, 68.58, 28.96, 25.29, 296.03, 21.75, 221.68, 22.05, 188.45, 22.79, 86.07, 22.98], (129.1791, 516.9833, 1298.134)]
[44.82, [440.4, 68.58, 28.96, 27.53, 296.03, 21.2, 229.67, 22.14, 190.18, 22.89, 86.07, 22.85], (128.3199, 520.3959, 1305.532)]
[47.4, [440.4, 68.58, 28.96, 23.58, 296.03, 21.2, 221.63, 21.99, 191.75, 22.68, 86.07, 22.85], (132.6391, 532.6246, 1321.476)]
[49.18, [440.4, 68.58, 28.96, 27.53, 296.03, 21.2, 221.68, 22.05, 188.45, 22.79, 82.17, 23.28], (128.9319, 517.6536, 1290.35)]
[50.44, [440.4, 68.58, 28.96, 31.1, 296.03, 21.2, 229.67, 22.14, 190.18, 22.89, 86.07, 22.85], (128.1468, 521.1464, 1312.931)]
[76.35, [440.4, 68.58, 28.96, 25.29, 296.03, 21.2, 229.67, 22.14, 190.18, 22.89, 81.33, 22.85], (128.0541, 515.7587, 1285.1)]
[178.23, [440.4, 68.58, 28.96, 23.49, 296.03, 21.2, 224.26, 22.07, 191.75, 22.68, 86.07, 22.85], (136.2648, 544.4053, 1337.91)]
[724.24, [440.4, 68.58, 28.96, 27.53, 296.03, 21.2, 221.63, 22.07, 190.18, 22.78, 84.77, 22.12], (133.4017, 266.2779, 882.517)]
[1269.95, [440.4, 68.58, 28.96, 23.58, 300.32, 20.95, 221.68, 22.05, 188.45, 22.79, 84.77, 23.13], (126.494, 130.1389, 521.0499)]
[1797.58, [440.4, 68.58, 28.96, 25.29, 296.03, 21.75, 221.63, 21.94, 191.75, 22.68, 86.07, 22.85], (132.0257, 1273.622, 2341.982)]
[3396.03, [440.4, 68.58, 28.96, 15.96, 319.53, 16.18, 272.55, 22.87, 154.12, 19.21, 87.37, 15.8], (175.1542, 681.804, 1592.962)]
[3408.37, [440.4, 68.58, 28.96, 21.4, 291.86, 21.2, 229.67, 22.14, 190.18, 22.64, 86.07, 22.98], (175.2614, 488.142, 1718.033)]
[3942.02, [440.4, 68.58, 28.96, 23.58, 296.03, 21.03, 229.91, 22.06, 188.45, 22.79, 86.07, 22.85], (80.74417, 130.4304, 1301.77)]
[9847.02, [440.4, 68.58, 28.96, 23.58, 296.03, 21.75, 221.63, 21.99, 191.75, 22.68, 84.26, 22.98], (34.75831, 267.2317, 1131.212)]
[74749.21, [440.4, 68.58, 28.96, 25.29, 296.03, 21.75, 221.63, 21.99, 188.45, 22.79, 86.07, 22.85], (507.0506, 1272.936, 2329.432)]

Population size: 30
Number of couples: 14
Number of kept parents: 0
Best parent kept: True
Mutation Probability: 0.05
Mutation range (x, y): 5, 0.3
Number of Parameters: 4

Written time: 26/03/2023 00:06:31