[87.07, [440.4, 68.58, 28.96, 21.55, 308.72, 21.39, 279.54, 22.9, 177.17, 23.31, 75.5, 15.44], (127.7352, 533.3127, 1331.14)]
[175.94, [440.4, 68.58, 28.96, 28.67, 319.71, 19.98, 266.36, 21.67, 179.16, 23.49, 74.12, 22.57], (129.4091, 490.6937, 1181.378)]
[181.92, [440.4, 68.58, 28.96, 62.52, 306.96, 21.43, 286.3, 23.01, 180.59, 23.19, 71.73, 15.35], (126.5244, 535.4818, 1389.006)]
[229.92, [440.4, 68.58, 28.96, 26.74, 302.63, 21.18, 235.74, 22.44, 183.68, 22.92, 83.32, 22.71], (124.7161, 500.2149, 1251.794)]
[281.01, [440.4, 68.58, 28.96, 19.81, 306.76, 21.18, 231.66, 22.54, 185.77, 22.98, 77.31, 22.47], (124.3529, 494.7518, 1219.815)]
[281.53, [440.4, 68.58, 28.96, 27.6, 323.88, 21.23, 235.91, 22.71, 186.51, 23.08, 78.97, 22.47], (125.4777, 486.1954, 1186.896)]
[282.1, [440.4, 68.58, 28.96, 28.21, 312.84, 21.22, 280.84, 23.0, 186.89, 23.41, 129.12, 15.68], (130.0078, 582.6487, 1523.611)]
[286.46, [440.4, 68.58, 28.96, 55.46, 308.21, 21.29, 236.12, 22.54, 185.77, 22.98, 77.38, 22.47], (122.989, 495.4013, 1268.373)]
[300.19, [440.4, 68.58, 28.96, 22.61, 306.76, 21.18, 235.53, 22.54, 183.19, 22.98, 75.14, 22.3], (124.035, 492.5132, 1215.141)]
[330.67, [440.4, 68.58, 28.96, 62.52, 304.82, 21.38, 230.96, 22.54, 182.85, 23.07, 78.53, 22.62], (121.4283, 495.1208, 1293.088)]
[371.83, [440.4, 68.58, 28.96, 62.52, 306.96, 21.43, 230.41, 22.54, 178.91, 23.07, 77.38, 22.57], (121.1586, 490.2957, 1269.235)]
[487.84, [440.4, 68.58, 28.96, 57.38, 304.65, 20.06, 261.99, 22.48, 175.94, 23.39, 83.59, 22.36], (118.7662, 488.4985, 1273.174)]
[489.99, [440.4, 68.58, 28.96, 25.74, 306.76, 21.07, 231.48, 22.86, 188.01, 23.24, 73.61, 22.2], (119.896, 487.7148, 1214.386)]
[503.15, [440.4, 68.58, 28.96, 55.46, 308.21, 21.29, 233.12, 22.71, 188.01, 23.24, 77.38, 22.47], (118.7741, 487.6653, 1258.278)]
[515.53, [440.4, 68.58, 28.96, 64.88, 332.43, 21.08, 230.96, 22.54, 182.85, 23.07, 78.53, 22.58], (119.9639, 473.5767, 1199.618)]
[582.68, [440.4, 68.58, 28.96, 50.67, 357.24, 19.93, 237.66, 22.64, 189.68, 22.99, 79.92, 22.71], (119.9261, 467.4163, 1140.503)]
[701.74, [440.4, 68.58, 28.96, 25.44, 323.88, 20.06, 261.99, 22.51, 175.94, 23.48, 83.59, 22.41], (117.3808, 466.8174, 1155.114)]
[722.25, [440.4, 68.58, 28.96, 50.89, 357.3, 19.93, 237.66, 22.64, 189.68, 23.13, 79.92, 22.71], (118.6237, 464.3638, 1070.34)]
[748.34, [440.4, 68.58, 28.96, 19.74, 306.29, 21.34, 283.73, 22.79, 180.59, 22.98, 77.38, 22.47], (117.228, 454.0751, 1129.681)]
[792.11, [440.4, 68.58, 28.96, 19.74, 308.72, 21.07, 288.38, 22.71, 177.66, 23.13, 78.99, 22.36], (116.5949, 452.1845, 1123.21)]
[1873.05, [440.4, 68.58, 28.96, 58.95, 306.98, 19.46, 285.15, 21.31, 191.52, 20.97, 110.32, 20.82], (159.1015, 620.5767, 1579.278)]
[3751.5, [440.4, 68.58, 28.96, 54.16, 309.88, 21.25, 233.51, 22.54, 184.29, 23.48, 75.5, 15.42], (82.52676, 132.9601, 1314.005)]
[7356.05, [440.4, 68.58, 28.96, 67.85, 319.06, 18.64, 222.48, 19.87, 183.65, 18.65, 143.25, 20.02], (206.0115, 799.0805, 1867.354)]
[7401.35, [440.4, 68.58, 28.96, 72.66, 366.46, 19.55, 270.73, 15.1, 192.88, 22.04, 141.55, 18.38], (207.0898, 766.6095, 1804.362)]
[8623.24, [440.4, 68.58, 28.96, 22.61, 302.63, 21.21, 231.79, 22.36, 185.77, 22.79, 76.56, 22.79], (48.86415, 126.4533, 500.1573)]
[9005.09, [440.4, 68.58, 28.96, 21.92, 308.72, 21.34, 279.54, 22.79, 180.59, 23.35, 75.5, 15.44], (45.77261, 129.0508, 539.438)]
[11262.54, [440.4, 68.58, 28.96, 60.95, 332.18, 20.97, 282.03, 22.89, 180.59, 23.0, 71.73, 15.46], (22.67986, 509.6474, 1312.614)]
[38735.21, [440.4, 68.58, 28.96, 63.31, 332.18, 20.97, 283.83, 23.06, 180.59, 23.0, 71.73, 15.42], (369.1134, 1318.136, 2462.072)]
[69765.96, [440.4, 68.58, 28.96, 62.52, 306.96, 21.43, 230.96, 22.54, 182.85, 23.07, 78.53, 22.71], (489.5554, 1262.117, 2387.635)]
[139803.54, [440.4, 68.58, 28.96, 52.74, 361.73, 20.43, 262.21, 20.9, 156.19, 14.87, 134.55, 16.97], (703.2161, 1632.635, 3055.144)]

Population size: 30
Number of couples: 13
Number of kept parents: 0
Best parent kept: True
Mutation Probability: 0.3
Mutation range (x, y): 5, 0.2