[99.29, [440.4, 68.58, 28.96, 24.52, 308.72, 21.34, 279.54, 22.9, 180.59, 23.35, 75.5, 15.44], (127.7742, 536.1245, 1341.572)]
[126.62, [440.4, 68.58, 28.96, 68.55, 332.18, 20.97, 283.83, 22.9, 180.59, 23.26, 75.5, 15.44], (125.8174, 519.8568, 1319.695)]
[154.64, [440.4, 68.58, 28.96, 76.59, 330.95, 21.03, 283.36, 22.9, 180.59, 23.31, 71.73, 15.34], (125.1275, 516.7231, 1320.671)]
[305.48, [440.4, 68.58, 28.96, 60.75, 306.76, 21.25, 232.02, 22.54, 185.77, 22.94, 76.71, 22.71], (122.2822, 495.4953, 1279.569)]
[313.04, [440.4, 68.58, 28.96, 26.8, 306.47, 21.23, 233.68, 22.57, 189.5, 22.99, 76.71, 22.46], (123.3069, 494.3665, 1229.625)]
[559.92, [440.4, 68.58, 28.96, 27.62, 306.33, 21.18, 235.04, 22.9, 181.17, 23.26, 81.75, 22.36], (118.5349, 483.7695, 1217.92)]
[628.69, [440.4, 68.58, 28.96, 24.6, 318.73, 20.21, 264.2, 21.75, 180.91, 21.63, 133.24, 22.87], (143.9671, 564.1197, 1418.872)]
[782.41, [440.4, 68.58, 28.96, 55.46, 304.65, 21.18, 232.71, 22.69, 189.28, 23.48, 135.7, 15.78], (137.8385, 657.4037, 1770.17)]
[834.9, [440.4, 68.58, 28.96, 40.13, 315.92, 16.24, 276.57, 22.08, 177.88, 23.19, 71.73, 15.44], (145.1496, 612.0223, 1511.419)]
[893.69, [440.4, 68.58, 28.96, 26.8, 306.76, 21.18, 231.48, 22.54, 185.77, 22.98, 77.38, 22.53], (119.2675, 141.3565, 1188.637)]
[957.9, [440.4, 68.58, 28.96, 31.58, 356.99, 16.93, 273.78, 22.08, 177.88, 21.01, 120.9, 22.26], (150.0127, 570.5589, 1377.436)]
[1117.6, [440.4, 68.58, 28.96, 52.87, 354.59, 20.19, 284.83, 22.51, 179.93, 23.48, 80.23, 22.36], (112.6225, 433.6999, 1055.913)]
[1185.34, [440.4, 68.58, 28.96, 26.69, 327.11, 19.96, 262.88, 21.54, 186.89, 23.39, 135.03, 15.68], (148.9575, 640.9933, 1602.84)]
[1227.87, [440.4, 68.58, 28.96, 26.8, 357.43, 20.19, 284.83, 22.9, 181.17, 23.26, 82.19, 22.77], (111.6169, 424.4337, 1020.126)]
[1240.59, [440.4, 68.58, 28.96, 52.87, 356.75, 20.06, 283.59, 22.73, 183.62, 23.31, 71.73, 22.69], (111.341, 424.8607, 1025.17)]
[1302.72, [440.4, 68.58, 28.96, 50.34, 360.97, 20.06, 280.25, 22.9, 183.57, 23.31, 75.21, 15.63], (125.733, 127.4614, 515.698)]
[1649.6, [440.4, 68.58, 28.96, 26.69, 324.12, 19.96, 266.36, 21.51, 177.23, 23.48, 77.92, 22.61], (113.8921, 143.5581, 734.2622)]
[1761.13, [440.4, 68.58, 28.96, 38.57, 332.17, 22.64, 231.0, 20.34, 216.79, 23.48, 128.54, 15.78], (156.6774, 654.6476, 1622.479)]
[4231.13, [440.4, 68.58, 28.96, 52.87, 354.09, 19.93, 278.69, 17.69, 212.15, 19.76, 107.82, 22.38], (184.2351, 650.4242, 1507.439)]
[5444.26, [440.4, 68.58, 28.96, 50.41, 352.52, 21.76, 288.76, 17.56, 206.67, 22.08, 129.38, 19.03], (178.1368, 1388.813, 2631.316)]
[6017.28, [440.4, 68.58, 28.96, 62.84, 310.89, 22.08, 253.83, 15.5, 153.67, 20.74, 103.2, 21.75], (198.3333, 671.1313, 1629.34)]
[10946.31, [440.4, 68.58, 28.96, 27.2, 314.21, 20.25, 285.03, 23.07, 181.91, 23.32, 84.34, 22.55], (28.52771, 141.1096, 1088.704)]
[11030.39, [440.4, 68.58, 28.96, 24.49, 357.43, 20.19, 285.39, 22.9, 181.17, 23.14, 81.75, 15.44], (31.95691, 118.882, 511.0124)]
[11352.69, [440.4, 68.58, 28.96, 69.52, 332.18, 21.03, 240.48, 16.02, 163.56, 18.8, 141.13, 17.05], (233.2865, 822.1972, 1988.563)]
[11942.25, [440.4, 68.58, 28.96, 52.87, 359.19, 20.06, 283.59, 23.0, 180.59, 21.23, 122.08, 22.43], (25.88116, 132.805, 505.1499)]
[15084.43, [440.4, 68.58, 28.96, 34.66, 300.8, 18.44, 272.78, 18.32, 168.35, 15.59, 141.73, 15.4], (255.4892, 913.2543, 2081.4)]
[61997.12, [440.4, 68.58, 28.96, 52.87, 359.19, 19.9, 283.59, 22.9, 180.59, 21.4, 122.08, 22.43], (463.0606, 959.3939, 2308.148)]
[69640.63, [440.4, 68.58, 28.96, 44.25, 327.51, 22.28, 274.95, 21.98, 180.18, 23.58, 80.23, 22.14], (490.1899, 1150.522, 2193.55)]
[78985.22, [440.4, 68.58, 28.96, 44.56, 326.61, 20.37, 265.48, 21.5, 180.04, 23.36, 84.46, 22.3], (516.4722, 1992.549, 3087.495)]
[85933.03, [440.4, 68.58, 28.96, 52.87, 359.19, 20.06, 285.43, 22.73, 175.71, 23.35, 75.5, 15.51], (544.4349, 1297.2, 2346.048)]

Population size: 30
Number of couples: 13
Number of kept parents: 0
Best parent kept: True
Mutation Probability: 0.3
Mutation range (x, y): 5, 0.2