[2.69, [440.4, 68.58, 28.96, 25.29, 296.03, 21.75, 221.63, 21.99, 191.75, 22.68, 86.07, 22.85], (131.1353, 524.0866, 1308.152)]
[2.69, [440.4, 68.58, 28.96, 25.29, 296.03, 21.75, 221.63, 21.99, 191.75, 22.68, 86.07, 22.85], (131.1353, 524.0866, 1308.152)]
[3.36, [440.4, 68.58, 28.96, 27.53, 300.32, 20.95, 221.68, 22.05, 188.45, 22.79, 86.07, 22.98], (130.6033, 525.6113, 1308.09)]
[3.55, [440.4, 68.58, 28.96, 23.58, 296.03, 21.2, 229.16, 22.06, 192.2, 22.68, 85.77, 22.89], (131.0147, 525.6466, 1308.378)]
[5.13, [440.4, 68.58, 28.96, 25.29, 296.03, 21.2, 221.68, 22.05, 188.04, 22.79, 86.07, 22.98], (130.5424, 525.6325, 1309.473)]
[5.82, [440.4, 68.58, 28.96, 23.58, 296.03, 21.2, 221.68, 22.05, 188.45, 22.79, 86.07, 22.98], (130.6503, 525.4794, 1305.189)]
[6.08, [440.4, 68.58, 28.96, 28.12, 299.33, 21.34, 226.23, 22.06, 192.2, 22.68, 84.77, 22.85], (130.5319, 522.5919, 1304.198)]
[7.87, [440.4, 68.58, 28.96, 26.11, 297.43, 21.44, 223.65, 22.06, 191.81, 22.78, 84.77, 22.58], (130.9584, 526.7053, 1311.988)]
[11.15, [440.4, 68.58, 28.96, 21.4, 294.43, 21.2, 222.34, 22.07, 186.25, 22.89, 84.88, 22.56], (131.2234, 529.1077, 1310.796)]
[14.72, [440.4, 68.58, 28.96, 27.53, 296.03, 21.2, 229.67, 22.14, 190.18, 22.78, 84.77, 22.56], (130.3171, 526.5305, 1316.075)]
[17.15, [440.4, 68.58, 28.96, 27.53, 296.03, 21.2, 226.23, 22.06, 189.28, 22.89, 84.88, 22.58], (130.2422, 527.3707, 1316.849)]
[21.79, [440.4, 68.58, 28.96, 21.4, 294.43, 21.03, 226.23, 22.06, 192.2, 22.89, 84.88, 22.58], (131.2014, 531.9386, 1318.814)]
[23.77, [440.4, 68.58, 28.96, 26.11, 297.43, 21.44, 223.65, 22.06, 192.2, 22.79, 86.07, 22.98], (129.4928, 520.9353, 1301.842)]
[27.9, [440.4, 68.58, 28.96, 25.29, 296.03, 21.2, 221.63, 22.07, 186.25, 22.89, 87.34, 22.51], (131.2941, 531.6418, 1324.306)]
[29.73, [440.4, 68.58, 28.96, 23.58, 296.03, 21.2, 229.16, 22.06, 192.2, 22.56, 85.77, 22.85], (132.2894, 528.7808, 1314.393)]
[31.22, [440.4, 68.58, 28.96, 21.4, 294.43, 21.2, 222.34, 22.07, 186.25, 22.89, 86.07, 22.85], (132.2505, 531.2962, 1314.074)]
[43.92, [440.4, 68.58, 28.96, 27.53, 300.32, 20.66, 226.23, 22.06, 192.2, 22.68, 85.77, 22.85], (132.1055, 532.8691, 1327.743)]
[44.1, [440.4, 68.58, 28.96, 22.78, 296.03, 21.75, 221.63, 21.99, 191.75, 22.68, 84.88, 22.56], (132.2394, 533.5666, 1324.881)]
[44.67, [440.4, 68.58, 28.96, 27.53, 300.32, 20.95, 221.68, 22.05, 188.45, 22.55, 86.07, 22.98], (132.8221, 530.4745, 1317.098)]
[47.97, [440.4, 68.58, 28.96, 27.53, 300.32, 20.95, 221.68, 21.99, 191.75, 22.68, 86.07, 22.85], (132.5848, 532.7421, 1323.022)]
[75.33, [440.4, 68.58, 28.96, 26.11, 297.43, 21.03, 217.9, 21.99, 191.75, 22.68, 86.07, 22.85], (133.2492, 536.8477, 1331.843)]
[247.38, [440.4, 68.58, 28.96, 25.29, 297.43, 21.32, 220.27, 22.19, 192.2, 22.78, 86.07, 22.85], (129.8563, 524.1511, 1071.002)]
[540.53, [440.4, 68.58, 28.96, 25.29, 296.03, 21.2, 221.63, 22.05, 188.45, 22.79, 86.07, 22.98], (130.5455, 554.6532, 800.3832)]
[1100.06, [440.4, 68.58, 28.96, 21.4, 294.43, 21.2, 222.34, 22.07, 186.25, 22.89, 84.88, 22.56], (150.4175, 581.9807, 1481.43)]
[2516.16, [440.4, 68.58, 28.96, 25.29, 296.47, 21.34, 226.23, 22.06, 190.79, 22.78, 84.77, 22.56], (110.1267, 124.7347, 131.3481)]
[3304.88, [440.4, 68.58, 28.96, 25.29, 296.03, 21.2, 226.23, 22.06, 192.2, 22.68, 84.77, 22.56], (85.59437, 295.0263, 1272.198)]
[11650.03, [440.4, 68.58, 28.96, 20.88, 333.29, 16.53, 246.42, 17.98, 217.6, 16.95, 100.04, 19.49], (236.6433, 802.5673, 1791.67)]
[73935.69, [440.4, 68.58, 28.96, 27.53, 300.32, 20.95, 226.23, 22.06, 192.2, 22.61, 89.51, 22.7], (506.3711, 995.1444, 1991.315)]
[74600.29, [440.4, 68.58, 28.96, 28.12, 299.33, 21.34, 226.23, 22.06, 192.2, 22.78, 84.77, 22.56], (506.3229, 1311.673, 2353.401)]
[122829.57, [440.4, 68.58, 28.96, 27.53, 300.32, 20.66, 221.68, 21.84, 188.45, 22.78, 84.77, 22.58], (657.5432, 1337.164, 2436.031)]

Population size: 30
Number of couples: 14
Number of kept parents: 0
Best parent kept: True
Mutation Probability: 0.05
Mutation range (x, y): 5, 0.3

Written time: 25/03/2023 09:17:03