[1.91, [440.4, 68.58, 28.96, 27.53, 296.66, 21.75, 221.63, 21.99, 190.19, 22.68, 86.07, 22.89], (130.7832, 522.4525, 1307.073)]
[4.54, [440.4, 68.58, 28.96, 23.58, 296.65, 20.95, 224.26, 21.93, 187.0, 22.93, 86.07, 22.89], (130.7525, 527.3147, 1308.454)]
[7.06, [440.4, 68.58, 28.96, 25.42, 296.03, 21.75, 221.63, 22.07, 190.19, 22.68, 86.07, 22.85], (130.5015, 521.9376, 1304.12)]
[7.61, [440.4, 68.58, 28.96, 27.53, 296.03, 21.75, 221.63, 21.99, 192.11, 22.68, 86.07, 22.85], (131.0211, 524.7764, 1313.262)]
[7.81, [440.4, 68.58, 28.96, 24.9, 299.64, 21.85, 221.63, 21.99, 195.11, 22.89, 88.83, 22.56], (129.9994, 523.2351, 1308.583)]
[7.81, [440.4, 68.58, 28.96, 24.9, 299.64, 21.85, 221.63, 21.99, 195.11, 22.89, 88.83, 22.56], (129.9994, 523.2351, 1308.583)]
[19.75, [440.4, 68.58, 28.96, 20.86, 296.2, 21.75, 216.75, 21.99, 190.19, 22.68, 86.07, 22.85], (131.9346, 525.1455, 1302.147)]
[20.8, [440.4, 68.58, 28.96, 25.42, 296.03, 20.95, 221.63, 21.93, 187.0, 22.93, 86.07, 22.85], (131.2091, 530.8124, 1318.876)]
[24.03, [440.4, 68.58, 28.96, 27.53, 296.2, 20.95, 221.63, 21.93, 187.0, 22.93, 86.07, 22.85], (131.0843, 531.1435, 1322.854)]
[25.48, [440.4, 68.58, 28.96, 25.29, 296.03, 21.75, 224.26, 22.07, 188.45, 22.79, 86.07, 22.85], (129.2518, 519.9473, 1305.461)]
[26.4, [440.4, 68.58, 28.96, 25.29, 300.32, 20.95, 222.02, 21.93, 187.0, 22.68, 86.07, 23.02], (132.4503, 527.9952, 1307.426)]
[26.63, [440.4, 68.58, 28.96, 25.42, 296.03, 21.75, 224.26, 22.07, 187.0, 22.71, 86.07, 22.85], (129.8856, 518.192, 1295.487)]
[34.09, [440.4, 68.58, 28.96, 25.29, 298.56, 21.75, 221.63, 21.99, 189.6, 22.79, 86.07, 22.89], (129.7216, 517.3849, 1291.312)]
[39.36, [440.4, 68.58, 28.96, 25.29, 300.32, 20.95, 221.63, 21.99, 188.45, 22.68, 86.07, 22.85], (132.6977, 530.73, 1314.136)]
[46.32, [440.4, 68.58, 28.96, 19.93, 301.5, 21.75, 224.26, 22.07, 190.19, 22.68, 86.07, 22.85], (130.3527, 514.2155, 1273.967)]
[52.03, [440.4, 68.58, 28.96, 20.86, 296.03, 21.75, 221.63, 21.99, 188.45, 22.93, 86.07, 22.85], (129.1266, 516.5862, 1284.665)]
[53.01, [440.4, 68.58, 28.96, 19.93, 301.5, 20.95, 221.63, 21.93, 190.19, 22.68, 86.07, 22.85], (133.411, 530.3525, 1304.093)]
[304.69, [440.4, 68.58, 28.96, 25.42, 296.03, 21.75, 224.26, 21.93, 187.0, 22.93, 86.07, 22.85], (128.5361, 268.6555, 1292.39)]
[340.11, [440.4, 68.58, 28.96, 19.93, 301.5, 20.95, 221.63, 21.93, 187.0, 22.93, 86.07, 22.85], (131.0824, 725.7585, 1444.332)]
[388.04, [440.4, 68.58, 28.96, 19.93, 301.5, 20.95, 221.63, 21.93, 187.0, 22.78, 86.07, 23.13], (131.8372, 171.9511, 1281.758)]
[760.87, [440.4, 68.58, 28.96, 20.36, 300.32, 20.95, 221.63, 22.21, 188.45, 22.79, 86.07, 22.85], (130.3472, 931.0275, 1658.043)]
[2768.71, [440.4, 68.58, 28.96, 27.53, 296.2, 21.75, 223.87, 21.99, 190.19, 22.68, 131.82, 22.98], (145.6978, 1415.775, 2610.05)]
[3233.03, [440.4, 68.58, 28.96, 27.53, 300.98, 21.75, 221.63, 21.99, 190.19, 22.68, 86.07, 22.89], (89.45628, 130.3773, 1127.591)]
[5523.12, [440.4, 68.58, 28.96, 59.2, 338.89, 17.66, 285.33, 19.22, 195.94, 19.42, 121.49, 22.16], (71.59745, 185.9327, 679.0625)]
[6537.1, [440.4, 68.58, 28.96, 19.93, 301.5, 21.75, 221.63, 22.07, 190.19, 22.68, 86.07, 22.85], (60.44293, 133.1216, 1551.978)]
[77507.79, [440.4, 68.58, 28.96, 27.53, 296.2, 21.75, 221.63, 21.99, 190.19, 22.68, 86.07, 22.89], (516.2947, 1307.51, 2347.392)]
[80792.83, [440.4, 68.58, 28.96, 23.58, 296.03, 20.95, 224.26, 22.21, 188.45, 22.89, 88.83, 22.5], (527.1108, 1338.502, 2393.797)]
[116789.71, [440.4, 68.58, 28.96, 27.53, 296.03, 21.75, 221.63, 21.99, 190.19, 22.68, 86.07, 22.85], (639.6906, 1427.761, 2399.115)]
[124819.6, [440.4, 68.58, 28.96, 20.86, 296.2, 21.75, 219.19, 21.99, 190.19, 22.68, 86.07, 22.89], (662.146, 1741.906, 2433.305)]
[417776.93, [440.4, 68.58, 28.96, 25.29, 299.96, 21.8, 224.26, 22.07, 188.45, 22.79, 86.07, 22.85], (1326.468, 2450.016, 3721.787)]

Population size: 30
Number of couples: 14
Number of kept parents: 0
Best parent kept: True
Mutation Probability: 0.05
Mutation range (x, y): 5, 0.3
Number of Parameters: 4

Written time: 26/03/2023 11:01:02