[1.06, [440.4, 68.58, 28.96, 27.53, 296.03, 21.75, 221.63, 21.99, 188.45, 22.68, 86.07, 22.85], (130.9691, 523.0245, 1308.347)]
[2.69, [440.4, 68.58, 28.96, 25.29, 296.03, 21.75, 221.63, 21.99, 191.75, 22.68, 86.07, 22.85], (131.1353, 524.0866, 1308.152)]
[2.69, [440.4, 68.58, 28.96, 25.29, 296.03, 21.75, 221.63, 21.99, 191.75, 22.68, 86.07, 22.85], (131.1353, 524.0866, 1308.152)]
[4.6, [440.4, 68.58, 28.96, 23.58, 296.03, 21.2, 223.39, 22.01, 188.45, 22.79, 86.07, 22.98], (130.7306, 525.102, 1305.619)]
[5.73, [440.4, 68.58, 28.96, 23.58, 296.03, 21.75, 221.63, 21.99, 195.11, 22.68, 86.07, 22.85], (131.2827, 525.2376, 1308.658)]
[6.03, [440.4, 68.58, 28.96, 25.29, 297.38, 21.75, 221.63, 21.99, 191.75, 22.68, 86.07, 22.85], (131.0003, 522.5813, 1303.584)]
[8.23, [440.4, 68.58, 28.96, 20.79, 296.03, 21.2, 224.26, 22.07, 188.45, 22.79, 86.07, 22.85], (130.8521, 525.1085, 1301.829)]
[9.62, [440.4, 68.58, 28.96, 25.29, 300.32, 20.95, 226.59, 22.13, 190.18, 22.89, 86.07, 22.56], (130.1413, 526.3786, 1309.118)]
[10.88, [440.4, 68.58, 28.96, 27.53, 296.03, 21.2, 226.79, 22.05, 188.45, 22.79, 86.07, 22.98], (129.7812, 522.9797, 1308.257)]
[13.48, [440.4, 68.58, 28.96, 25.29, 296.03, 21.03, 229.91, 22.06, 188.45, 22.68, 86.07, 22.85], (131.3465, 527.3492, 1313.615)]
[15.83, [440.4, 68.58, 28.96, 19.36, 296.03, 21.03, 229.91, 22.06, 191.81, 22.68, 86.07, 22.85], (131.7876, 527.816, 1306.484)]
[16.46, [440.4, 68.58, 28.96, 20.79, 296.03, 21.2, 224.26, 22.07, 191.75, 22.68, 82.17, 22.98], (131.0881, 523.2263, 1293.139)]
[17.1, [440.4, 68.58, 28.96, 27.53, 296.03, 21.2, 221.68, 22.05, 188.45, 22.79, 86.07, 22.85], (130.9181, 528.6226, 1319.518)]
[17.6, [440.4, 68.58, 28.96, 23.58, 296.03, 21.03, 229.91, 22.06, 188.45, 22.68, 82.17, 22.98], (130.6423, 521.3596, 1293.125)]
[18.19, [440.4, 68.58, 28.96, 23.58, 296.03, 21.03, 229.91, 22.06, 188.45, 22.68, 82.17, 22.98], (130.6423, 521.3596, 1292.542)]
[18.67, [440.4, 68.58, 28.96, 25.29, 297.38, 21.75, 221.63, 21.99, 191.75, 22.79, 86.07, 22.85], (130.0154, 520.1431, 1299.697)]
[23.64, [440.4, 68.58, 28.96, 23.58, 296.03, 21.2, 221.63, 21.99, 191.75, 22.79, 86.07, 22.85], (131.6197, 530.4292, 1317.346)]
[27.24, [440.4, 68.58, 28.96, 23.58, 296.03, 21.75, 221.63, 21.99, 191.75, 22.79, 86.07, 22.98], (129.7601, 519.2399, 1295.711)]
[41.6, [440.4, 68.58, 28.96, 23.58, 296.03, 21.2, 218.79, 22.05, 188.45, 22.68, 86.07, 22.85], (132.5189, 531.8248, 1318.875)]
[45.42, [440.4, 68.58, 28.96, 25.29, 300.32, 20.95, 221.68, 21.99, 191.75, 22.68, 86.07, 22.85], (132.7114, 532.2449, 1318.399)]
[50.75, [440.4, 68.58, 28.96, 23.58, 296.03, 21.75, 221.63, 21.99, 186.25, 22.78, 80.58, 22.85], (129.84, 514.4508, 1275.779)]
[64.47, [440.4, 68.58, 28.96, 25.29, 296.03, 21.75, 221.63, 21.99, 188.45, 22.93, 86.07, 22.98], (128.372, 515.2896, 1289.762)]
[90.8, [440.4, 68.58, 28.96, 27.53, 296.03, 21.63, 218.79, 22.05, 188.45, 23.07, 86.07, 22.98], (127.1691, 515.5823, 1294.555)]
[1595.37, [440.4, 68.58, 28.96, 25.29, 296.03, 21.75, 221.63, 21.99, 188.45, 22.79, 87.37, 22.88], (130.2966, 1254.916, 2168.129)]
[5066.63, [440.4, 68.58, 28.96, 23.37, 296.03, 21.2, 221.68, 22.05, 188.45, 22.79, 86.07, 22.98], (78.9384, 130.7325, 370.2418)]
[7918.61, [440.4, 68.58, 28.96, 25.29, 297.71, 20.91, 229.91, 22.33, 191.75, 22.79, 86.07, 22.85], (48.3565, 755.0225, 1507.456)]
[8292.66, [440.4, 68.58, 28.96, 67.34, 319.39, 16.06, 284.2, 15.28, 209.76, 19.88, 142.07, 21.82], (211.8236, 836.6976, 1995.916)]
[8501.78, [440.4, 68.58, 28.96, 27.53, 296.03, 21.2, 221.68, 22.05, 188.45, 22.79, 86.07, 22.85], (43.88594, 136.1695, 1318.208)]
[78481.76, [440.4, 68.58, 28.96, 31.1, 296.03, 21.2, 229.67, 21.99, 189.66, 22.78, 80.58, 22.85], (519.6135, 1301.621, 2347.74)]
[82298.11, [440.4, 68.58, 28.96, 27.53, 296.03, 21.2, 221.68, 22.05, 191.75, 22.68, 86.07, 22.85], (532.2163, 1327.808, 2380.326)]

Population size: 30
Number of couples: 14
Number of kept parents: 0
Best parent kept: True
Mutation Probability: 0.05
Mutation range (x, y): 5, 0.3
Number of Parameters: 4

Written time: 26/03/2023 00:24:35