[7.45, [440.4, 68.58, 28.96, 26.11, 294.4, 21.46, 229.91, 21.99, 187.23, 22.78, 84.77, 22.73], (130.3901, 522.2933, 1304.392)]
[15.34, [440.4, 68.58, 28.96, 21.4, 299.36, 21.03, 226.69, 22.14, 190.18, 22.89, 83.51, 22.46], (130.3626, 524.6371, 1297.202)]
[24.4, [440.4, 68.58, 28.96, 22.57, 296.57, 21.08, 228.42, 21.88, 191.61, 22.69, 82.19, 23.27], (130.7752, 520.2328, 1286.822)]
[25.01, [440.4, 68.58, 28.96, 22.83, 296.77, 21.17, 223.25, 22.17, 190.18, 22.76, 84.55, 22.46], (131.6656, 530.7744, 1317.75)]
[28.07, [440.4, 68.58, 28.96, 23.77, 297.49, 20.83, 226.49, 21.97, 190.18, 22.89, 82.09, 22.46], (132.0204, 532.2024, 1313.982)]
[28.59, [440.4, 68.58, 28.96, 29.75, 297.43, 21.06, 223.2, 22.38, 192.2, 22.79, 81.22, 22.46], (129.3448, 526.7962, 1315.388)]
[30.25, [440.4, 68.58, 28.96, 26.33, 297.43, 21.32, 224.44, 22.05, 192.71, 22.79, 83.14, 22.98], (129.4972, 520.1959, 1296.027)]
[31.79, [440.4, 68.58, 28.96, 20.2, 294.11, 21.2, 228.41, 22.23, 192.2, 22.72, 81.22, 22.77], (132.426, 527.8289, 1301.398)]
[34.7, [440.4, 68.58, 28.96, 24.89, 297.79, 21.03, 226.69, 22.14, 190.18, 22.97, 83.51, 22.62], (128.9346, 522.5392, 1299.889)]
[36.46, [440.4, 68.58, 28.96, 24.89, 297.79, 20.9, 219.15, 21.71, 193.13, 22.9, 86.07, 23.16], (132.0918, 533.3329, 1320.045)]
[39.98, [440.4, 68.58, 28.96, 26.11, 299.36, 20.98, 244.86, 21.9, 193.25, 22.69, 84.47, 22.98], (129.7711, 516.0718, 1285.967)]
[53.44, [440.4, 68.58, 28.96, 26.58, 300.0, 21.51, 232.6, 22.25, 192.5, 22.61, 82.87, 22.66], (129.1865, 514.5541, 1284.131)]
[55.48, [440.4, 68.58, 28.96, 29.6, 295.05, 21.17, 223.17, 22.29, 192.85, 22.89, 84.55, 22.81], (128.1214, 524.6147, 1318.087)]
[57.8, [440.4, 68.58, 28.96, 26.11, 297.43, 21.31, 225.37, 22.25, 191.02, 22.49, 90.98, 22.66], (132.4854, 533.9824, 1333.576)]
[76.57, [440.4, 68.58, 28.96, 28.27, 316.85, 20.92, 215.34, 22.22, 191.81, 22.9, 89.53, 22.85], (128.4459, 514.5094, 1276.724)]
[90.89, [440.4, 68.58, 28.96, 23.95, 298.89, 21.53, 223.65, 22.06, 187.7, 22.81, 84.41, 23.16], (128.2385, 510.4685, 1271.33)]
[105.47, [440.4, 68.58, 28.96, 22.57, 296.81, 21.04, 228.42, 21.88, 186.85, 22.69, 84.55, 22.32], (134.6798, 536.8834, 1323.928)]
[116.87, [440.4, 68.58, 28.96, 18.62, 296.8, 21.17, 226.49, 22.28, 195.6, 22.89, 83.08, 23.11], (127.0517, 513.2239, 1274.233)]
[133.05, [440.4, 68.58, 28.96, 27.53, 297.05, 21.47, 227.49, 22.22, 185.39, 22.89, 88.52, 23.16], (126.2941, 509.6035, 1284.79)]
[186.49, [440.4, 68.58, 28.96, 21.4, 300.79, 20.95, 220.88, 21.64, 194.29, 22.42, 85.8, 23.08], (137.0372, 539.6829, 1322.909)]
[9461.77, [440.4, 68.58, 28.96, 49.22, 351.86, 16.24, 226.33, 14.6, 164.67, 21.5, 119.26, 20.16], (221.8749, 788.1274, 1815.321)]
[10349.38, [440.4, 68.58, 28.96, 23.95, 298.89, 21.53, 223.65, 22.06, 187.7, 22.75, 88.52, 23.16], (28.8202, 504.0491, 1278.353)]
[11199.73, [440.4, 68.58, 28.96, 21.65, 297.43, 21.32, 221.68, 22.05, 189.45, 22.79, 86.07, 22.98], (30.67418, 130.3572, 522.1235)]
[11211.66, [440.4, 68.58, 28.96, 52.44, 363.97, 15.74, 220.39, 14.73, 148.11, 16.7, 114.01, 19.07], (232.6435, 822.9909, 1944.22)]
[14494.87, [440.4, 68.58, 28.96, 23.95, 298.89, 21.53, 223.65, 22.25, 185.05, 22.61, 86.07, 22.85], (257.5392, 298.3175, 1312.152)]
[15128.55, [440.4, 68.58, 28.96, 60.65, 352.99, 21.02, 281.63, 16.4, 211.57, 15.01, 142.67, 18.63], (257.1502, 835.7476, 1923.906)]
[72451.25, [440.4, 68.58, 28.96, 31.05, 297.43, 21.42, 229.91, 22.17, 190.18, 22.79, 83.55, 23.16], (499.1274, 1281.154, 2316.352)]
[77331.25, [440.4, 68.58, 28.96, 21.46, 301.84, 21.46, 224.98, 21.72, 215.23, 22.95, 84.47, 23.28], (515.9518, 1276.482, 2302.838)]
[78658.54, [440.4, 68.58, 28.96, 26.38, 296.8, 21.31, 229.91, 22.17, 188.57, 22.8, 84.55, 22.64], (520.262, 1299.939, 2334.319)]
[87726.77, [440.4, 68.58, 28.96, 29.75, 293.76, 19.26, 266.66, 21.23, 177.08, 16.76, 71.21, 15.6], (549.9549, 1465.482, 2281.941)]

Population size: 30
Number of couples: 13
Number of kept parents: 0
Best parent kept: True
Mutation Probability: 0.3
Mutation range (x, y): 5, 0.2

Written time: 24/03/2023 23:22:36