[3.74, [440.4, 68.58, 28.96, 26.11, 297.43, 21.51, 221.63, 21.99, 191.75, 22.78, 84.77, 22.73], (131.0025, 525.5351, 1308.765)]
[4.03, [440.4, 68.58, 28.96, 25.29, 298.76, 21.34, 226.23, 22.06, 192.2, 22.68, 86.07, 22.85], (130.8452, 523.7086, 1304.611)]
[6.9, [440.4, 68.58, 28.96, 25.29, 296.03, 21.2, 226.23, 22.13, 192.2, 22.72, 81.22, 22.71], (130.6734, 524.9153, 1303.414)]
[8.69, [440.4, 68.58, 28.96, 25.29, 298.89, 21.34, 226.23, 22.06, 192.2, 22.61, 88.65, 22.96], (131.2838, 525.3969, 1311.448)]
[9.6, [440.4, 68.58, 28.96, 24.89, 301.84, 21.03, 222.43, 22.07, 186.25, 22.89, 87.34, 22.46], (131.2239, 528.1135, 1310.238)]
[11.92, [440.4, 68.58, 28.96, 21.4, 294.43, 21.03, 226.69, 22.14, 190.18, 22.89, 83.51, 22.46], (130.8403, 530.0155, 1313.245)]
[13.22, [440.4, 68.58, 28.96, 27.53, 297.05, 21.44, 223.65, 22.06, 192.2, 22.81, 86.07, 22.85], (129.7658, 523.5676, 1310.317)]
[13.67, [440.4, 68.58, 28.96, 22.79, 296.03, 21.2, 222.34, 22.19, 192.2, 22.62, 81.22, 22.99], (130.7298, 523.0119, 1294.939)]
[13.69, [440.4, 68.58, 28.96, 29.75, 296.94, 21.2, 226.23, 22.23, 192.2, 22.72, 81.22, 22.46], (130.4909, 527.3579, 1315.882)]
[14.98, [440.4, 68.58, 28.96, 27.53, 297.05, 21.44, 223.65, 22.25, 185.05, 22.61, 86.07, 22.85], (130.0183, 520.7541, 1302.731)]
[15.72, [440.4, 68.58, 28.96, 26.33, 297.43, 21.32, 220.88, 22.05, 191.81, 22.9, 86.07, 22.85], (129.6659, 524.7795, 1310.032)]
[21.78, [440.4, 68.58, 28.96, 21.4, 297.49, 21.03, 226.49, 22.14, 190.18, 22.89, 84.55, 22.71], (129.731, 523.4171, 1297.771)]
[24.2, [440.4, 68.58, 28.96, 21.4, 300.32, 20.95, 220.88, 22.05, 191.81, 23.0, 86.07, 22.85], (129.6198, 524.5096, 1298.219)]
[25.82, [440.4, 68.58, 28.96, 25.29, 298.89, 21.34, 223.65, 22.06, 192.2, 22.73, 83.32, 22.96], (130.0393, 519.9128, 1292.456)]
[49.78, [440.4, 68.58, 28.96, 26.11, 297.43, 21.31, 229.91, 22.38, 190.18, 22.79, 84.55, 22.46], (128.3607, 519.5975, 1300.405)]
[56.46, [440.4, 68.58, 28.96, 29.33, 296.03, 21.2, 230.23, 22.11, 192.2, 22.58, 88.65, 22.69], (132.1478, 533.5303, 1338.892)]
[87.04, [440.4, 68.58, 28.96, 25.29, 298.89, 21.16, 226.23, 22.06, 192.2, 22.61, 88.65, 22.46], (133.5832, 536.9505, 1335.368)]
[96.24, [440.4, 68.58, 28.96, 21.4, 297.49, 20.81, 226.49, 22.42, 190.18, 22.89, 84.55, 22.96], (127.1713, 517.2172, 1287.419)]
[106.77, [440.4, 68.58, 28.96, 24.89, 301.84, 21.03, 222.43, 21.79, 189.45, 22.79, 86.07, 22.98], (132.2423, 526.835, 1222.028)]
[427.6, [440.4, 68.58, 28.96, 21.4, 299.36, 21.03, 226.69, 22.14, 190.18, 22.89, 84.88, 22.58], (129.57, 199.767, 1217.874)]
[1809.12, [440.4, 68.58, 28.96, 26.33, 297.43, 21.32, 221.68, 22.07, 186.25, 22.89, 84.88, 22.58], (114.9356, 130.3251, 524.5989)]
[2585.44, [440.4, 68.58, 28.96, 47.52, 304.99, 20.77, 283.82, 15.65, 175.84, 22.69, 108.89, 22.64], (167.793, 640.547, 1527.475)]
[3227.69, [440.4, 68.58, 28.96, 21.4, 300.32, 20.95, 221.68, 22.05, 188.45, 22.79, 86.07, 22.98], (86.97762, 232.5442, 1273.417)]
[10052.56, [440.4, 68.58, 28.96, 25.29, 296.03, 21.45, 226.23, 22.12, 192.2, 22.61, 88.65, 22.96], (218.1695, 1299.48, 2419.716)]
[12270.23, [440.4, 68.58, 28.96, 25.29, 298.89, 21.34, 226.23, 22.06, 192.2, 22.62, 81.22, 22.87], (23.67233, 130.921, 520.2293)]
[13992.07, [440.4, 68.58, 28.96, 27.53, 293.03, 21.44, 223.65, 22.25, 185.05, 22.61, 86.07, 22.85], (244.3511, 1392.214, 2333.267)]
[51430.87, [440.4, 68.58, 28.96, 26.11, 294.4, 21.46, 229.91, 22.05, 189.45, 22.79, 86.07, 22.85], (421.8498, 1282.741, 2329.213)]
[77241.51, [440.4, 68.58, 28.96, 26.11, 298.89, 21.34, 226.23, 22.19, 192.2, 22.62, 81.22, 22.87], (515.5252, 1294.721, 2320.405)]
[78052.02, [440.4, 68.58, 28.96, 21.54, 298.89, 21.34, 223.65, 22.25, 185.05, 22.61, 86.07, 22.85], (518.3597, 1285.489, 2304.672)]
[86105.58, [440.4, 68.58, 28.96, 28.84, 295.49, 21.16, 227.36, 21.92, 181.17, 22.81, 86.07, 22.85], (544.8813, 1315.037, 2364.538)]

Population size: 30
Number of couples: 14
Number of kept parents: 0
Best parent kept: True
Mutation Probability: 0.05
Mutation range (x, y): 5, 0.3

Written time: 25/03/2023 00:56:10