[3.55, [440.4, 68.58, 28.96, 27.53, 300.32, 20.95, 221.68, 22.05, 188.45, 22.79, 86.07, 22.98], (130.6966, 525.5958, 1307.319)]
[4.47, [440.4, 68.58, 28.96, 21.4, 294.43, 21.03, 229.67, 22.14, 190.18, 22.78, 84.77, 22.73], (130.6056, 526.7257, 1308.083)]
[6.68, [440.4, 68.58, 28.96, 21.4, 297.05, 21.22, 223.65, 22.06, 192.2, 22.81, 86.07, 22.85], (130.6608, 525.7813, 1304.569)]
[8.36, [440.4, 68.58, 28.96, 25.29, 296.47, 21.34, 226.23, 22.06, 192.2, 22.68, 86.07, 22.85], (131.0691, 526.2099, 1312.237)]
[10.3, [440.4, 68.58, 28.96, 25.29, 296.03, 21.45, 226.23, 22.12, 192.2, 22.61, 88.65, 22.96], (130.8501, 525.6896, 1315.925)]
[11.3, [440.4, 68.58, 28.96, 26.51, 297.43, 21.51, 221.63, 21.99, 191.75, 22.79, 86.07, 22.98], (130.0608, 522.2563, 1304.353)]
[12.32, [440.4, 68.58, 28.96, 25.29, 296.03, 21.2, 226.23, 22.14, 190.18, 22.89, 83.51, 22.46], (130.0889, 526.6253, 1310.911)]
[15.23, [440.4, 68.58, 28.96, 27.53, 297.05, 21.44, 223.65, 22.06, 192.2, 22.78, 84.77, 22.56], (131.0012, 528.0286, 1317.77)]
[17.09, [440.4, 68.58, 28.96, 25.29, 299.33, 21.34, 226.23, 22.06, 192.2, 22.61, 88.65, 22.85], (131.6529, 526.814, 1313.964)]
[17.35, [440.4, 68.58, 28.96, 25.29, 298.76, 21.2, 226.23, 22.13, 192.2, 22.72, 81.22, 22.71], (130.4104, 521.9831, 1294.599)]
[20.66, [440.4, 68.58, 28.96, 25.29, 296.03, 21.2, 226.23, 22.06, 192.2, 22.68, 86.07, 22.85], (131.4489, 528.9094, 1318.06)]
[21.32, [440.4, 68.58, 28.96, 26.33, 297.43, 21.32, 221.68, 22.19, 192.2, 22.62, 81.22, 22.99], (130.1583, 520.7647, 1294.597)]
[21.42, [440.4, 68.58, 28.96, 25.29, 298.76, 20.95, 220.88, 22.05, 191.81, 23.0, 86.07, 22.85], (129.5193, 527.0018, 1311.087)]
[22.24, [440.4, 68.58, 28.96, 26.33, 297.43, 21.32, 220.88, 22.05, 191.81, 22.9, 86.07, 22.96], (129.2432, 522.8647, 1305.945)]
[22.71, [440.4, 68.58, 28.96, 25.29, 298.76, 21.34, 226.23, 22.13, 194.61, 22.72, 81.22, 22.71], (130.1204, 520.9433, 1293.496)]
[32.47, [440.4, 68.58, 28.96, 24.89, 301.84, 21.03, 229.32, 22.14, 190.18, 22.89, 83.51, 22.46], (129.5635, 520.815, 1292.063)]
[47.89, [440.4, 68.58, 28.96, 21.4, 300.32, 21.34, 223.06, 22.35, 192.2, 22.68, 86.07, 22.85], (129.1221, 517.9708, 1287.506)]
[74.64, [440.4, 68.58, 28.96, 26.11, 297.43, 21.51, 221.63, 22.11, 192.2, 22.58, 88.65, 22.48], (133.1205, 535.4094, 1335.556)]
[76.47, [440.4, 68.58, 28.96, 27.53, 293.03, 21.44, 223.65, 22.25, 185.05, 22.39, 86.07, 22.58], (133.305, 534.4046, 1334.113)]
[114.43, [440.4, 68.58, 28.96, 21.4, 294.43, 21.03, 222.43, 22.07, 186.25, 22.89, 87.34, 22.46], (133.3323, 560.0613, 1345.765)]
[954.34, [440.4, 68.58, 28.96, 29.33, 296.03, 21.2, 230.23, 21.99, 191.75, 22.78, 84.77, 22.73], (139.3838, 1091.12, 1172.576)]
[1098.24, [440.4, 68.58, 28.96, 22.79, 296.03, 21.2, 222.34, 22.07, 186.25, 22.89, 84.88, 22.58], (130.8932, 206.1431, 527.2261)]
[1734.73, [440.4, 68.58, 28.96, 21.4, 294.43, 21.03, 226.69, 22.13, 192.2, 22.72, 81.22, 22.71], (147.357, 157.6633, 611.9092)]
[6486.97, [440.4, 68.58, 28.96, 25.29, 298.12, 21.34, 226.23, 22.06, 192.2, 22.72, 81.22, 22.46], (55.94673, 531.1566, 1309.37)]
[6715.63, [440.4, 68.58, 28.96, 64.54, 325.43, 17.68, 253.37, 14.81, 179.92, 18.94, 113.05, 21.3], (203.4775, 232.3832, 1077.543)]
[7074.51, [440.4, 68.58, 28.96, 26.11, 297.43, 21.51, 221.63, 21.99, 189.0, 22.89, 83.51, 22.46], (60.47238, 130.8262, 525.4642)]
[12578.15, [440.4, 68.58, 28.96, 29.75, 296.94, 21.2, 226.23, 22.04, 192.2, 22.61, 88.65, 22.96], (21.62327, 131.7303, 531.1659)]
[12951.4, [440.4, 68.58, 28.96, 26.11, 297.43, 21.51, 221.63, 21.99, 191.75, 22.78, 81.97, 22.73], (22.33439, 47.22166, 131.1364)]
[79768.05, [440.4, 68.58, 28.96, 26.11, 297.43, 21.51, 221.63, 21.99, 191.75, 22.81, 86.07, 22.85], (523.9447, 1307.575, 2343.477)]
[81119.91, [440.4, 68.58, 28.96, 24.89, 301.84, 21.03, 221.53, 21.79, 189.45, 22.78, 84.77, 22.73], (528.8188, 1312.979, 2235.829)]

Population size: 30
Number of couples: 14
Number of kept parents: 0
Best parent kept: True
Mutation Probability: 0.05
Mutation range (x, y): 5, 0.3

Written time: 25/03/2023 01:08:20