[68.26, [440.4, 68.58, 28.96, 18.11, 313.18, 21.48, 277.41, 22.9, 180.05, 23.31, 75.5, 15.29], (128.0484, 532.7862, 1320.887)]
[112.82, [440.4, 68.58, 28.96, 21.95, 301.84, 21.18, 235.74, 22.44, 183.68, 22.68, 83.32, 22.54], (127.8586, 508.1487, 1261.196)]
[123.84, [440.4, 68.58, 28.96, 21.55, 310.41, 21.39, 279.54, 23.04, 177.17, 23.31, 78.47, 15.54], (126.1569, 529.1761, 1325.581)]
[133.45, [440.4, 68.58, 28.96, 17.67, 313.18, 21.39, 279.54, 23.01, 177.17, 23.44, 75.5, 15.41], (125.3669, 523.1265, 1301.897)]
[164.47, [440.4, 68.58, 28.96, 19.81, 306.76, 21.18, 240.03, 22.71, 177.17, 23.31, 75.5, 15.44], (132.9391, 565.6257, 1399.229)]
[170.42, [440.4, 68.58, 28.96, 26.74, 304.76, 21.23, 237.71, 22.44, 188.26, 22.72, 83.32, 22.68], (126.2513, 502.8539, 1255.541)]
[220.69, [440.4, 68.58, 28.96, 22.61, 310.87, 21.1, 235.53, 22.42, 185.77, 22.88, 83.32, 22.54], (125.6022, 497.8119, 1231.826)]
[225.14, [440.4, 68.58, 28.96, 67.46, 302.63, 21.18, 235.74, 22.44, 183.68, 22.98, 81.6, 22.47], (123.8633, 507.4262, 1334.235)]
[230.8, [440.4, 68.58, 28.96, 55.46, 305.12, 21.29, 236.58, 22.71, 177.17, 23.31, 75.5, 15.44], (131.7157, 575.2214, 1478.387)]
[265.46, [440.4, 68.58, 28.96, 22.61, 309.85, 21.13, 235.81, 22.54, 185.77, 22.83, 77.28, 22.47], (124.9055, 493.329, 1216.172)]
[288.27, [440.4, 68.58, 28.96, 27.26, 308.2, 21.56, 230.96, 22.54, 184.21, 22.85, 74.64, 22.3], (124.3181, 491.7649, 1216.871)]
[335.15, [440.4, 68.58, 28.96, 21.55, 310.87, 21.24, 235.53, 22.54, 185.77, 22.98, 79.04, 22.47], (123.4281, 489.0286, 1207.885)]
[348.41, [440.4, 68.58, 28.96, 26.74, 303.81, 21.43, 230.96, 22.54, 182.85, 23.07, 78.53, 22.54], (122.5884, 491.7753, 1227.067)]
[387.75, [440.4, 68.58, 28.96, 28.42, 319.71, 21.36, 235.74, 22.44, 183.68, 22.94, 83.32, 22.69], (122.6871, 481.5812, 1193.686)]
[419.3, [440.4, 68.58, 28.96, 17.16, 305.24, 21.43, 227.76, 22.67, 182.85, 23.07, 76.73, 22.71], (121.8341, 484.7225, 1196.413)]
[442.95, [440.4, 68.58, 28.96, 54.37, 308.21, 21.26, 233.12, 22.54, 190.64, 23.24, 77.38, 22.6], (119.8184, 490.6607, 1262.334)]
[616.36, [440.4, 68.58, 28.96, 62.52, 323.88, 19.93, 261.99, 22.43, 171.36, 23.35, 83.59, 22.52], (117.9718, 471.2257, 1203.953)]
[782.14, [440.4, 68.58, 28.96, 17.73, 313.18, 21.39, 275.13, 22.9, 188.99, 23.03, 79.45, 22.47], (116.6194, 454.416, 1129.56)]
[1042.23, [440.4, 68.58, 28.96, 21.55, 315.38, 21.39, 281.5, 22.9, 188.01, 23.25, 77.45, 22.58], (113.0591, 440.6544, 1096.569)]
[1270.56, [440.4, 68.58, 28.96, 26.74, 306.04, 21.43, 229.12, 22.54, 178.8, 22.96, 77.38, 22.31], (124.0945, 710.0474, 2217.754)]
[2704.02, [440.4, 68.58, 28.96, 44.18, 311.94, 18.49, 250.66, 21.17, 165.99, 20.01, 84.98, 21.18], (169.4997, 628.5646, 1500.576)]
[4001.37, [440.4, 68.58, 28.96, 22.61, 313.87, 21.47, 275.0, 23.1, 177.17, 23.31, 75.5, 15.44], (82.57482, 125.6481, 1054.681)]
[6786.65, [440.4, 68.58, 28.96, 21.94, 298.76, 18.46, 268.95, 18.28, 147.02, 19.82, 119.93, 19.97], (203.4533, 726.6083, 1700.342)]
[9972.18, [440.4, 68.58, 28.96, 64.09, 301.07, 21.18, 237.71, 22.44, 183.68, 22.87, 83.32, 22.58], (33.63464, 140.3972, 1317.703)]
[11284.76, [440.4, 68.58, 28.96, 62.52, 302.63, 21.18, 235.74, 22.44, 183.68, 22.88, 83.32, 22.54], (25.45999, 125.7015, 1234.525)]
[12121.39, [440.4, 68.58, 28.96, 68.97, 361.24, 19.38, 256.31, 16.83, 201.68, 17.35, 94.59, 16.52], (239.5452, 801.5296, 1813.22)]
[64083.2, [440.4, 68.58, 28.96, 62.52, 302.63, 21.18, 237.66, 22.44, 183.68, 22.88, 83.32, 22.71], (473.1049, 1263.206, 1292.764)]
[70165.71, [440.4, 68.58, 28.96, 19.81, 306.76, 21.18, 235.83, 22.82, 188.99, 23.03, 79.45, 22.47], (491.7487, 1221.105, 2204.311)]
[71705.21, [440.4, 68.58, 28.96, 62.52, 306.83, 21.38, 230.96, 22.59, 182.85, 23.07, 78.53, 22.62], (496.2483, 1272.34, 2406.316)]
[186069.25, [440.4, 68.58, 28.96, 59.9, 314.33, 21.79, 227.96, 22.69, 207.35, 17.28, 144.02, 16.62], (820.6563, 3146.653, 3567.547)]

Population size: 30
Number of couples: 13
Number of kept parents: 0
Best parent kept: True
Mutation Probability: 0.3
Mutation range (x, y): 5, 0.2