[2.41, [440.4, 68.58, 28.96, 25.29, 296.03, 21.75, 222.34, 21.99, 191.75, 22.68, 86.07, 22.85], (131.0558, 523.6505, 1307.318)]
[2.69, [440.4, 68.58, 28.96, 25.29, 296.03, 21.75, 221.63, 21.99, 191.75, 22.68, 86.07, 22.85], (131.1353, 524.0866, 1308.152)]
[2.69, [440.4, 68.58, 28.96, 25.29, 296.03, 21.75, 221.63, 21.99, 191.75, 22.68, 86.07, 22.85], (131.1353, 524.0866, 1308.152)]
[3.16, [440.4, 68.58, 28.96, 25.29, 296.03, 21.75, 221.63, 21.99, 191.75, 22.68, 85.77, 22.89], (130.9625, 523.127, 1305.674)]
[3.34, [440.4, 68.58, 28.96, 25.29, 296.03, 21.75, 221.63, 22.06, 191.75, 22.68, 86.07, 22.85], (130.6064, 522.8227, 1306.159)]
[5.39, [440.4, 68.58, 28.96, 27.53, 296.03, 21.2, 229.67, 21.99, 191.75, 22.68, 81.72, 22.85], (131.056, 524.3771, 1305.061)]
[13.99, [440.4, 68.58, 28.96, 28.12, 299.33, 21.34, 226.23, 22.02, 192.2, 22.68, 87.34, 22.98], (130.5588, 527.6755, 1316.419)]
[14.14, [440.4, 68.58, 28.96, 25.29, 296.03, 21.75, 221.63, 21.99, 187.77, 22.68, 86.07, 22.98], (130.6129, 519.9754, 1298.159)]
[17.39, [440.4, 68.58, 28.96, 25.29, 296.03, 21.75, 221.63, 21.99, 191.75, 22.68, 81.72, 22.85], (130.7829, 520.2908, 1293.756)]
[24.71, [440.4, 68.58, 28.96, 25.29, 296.03, 21.75, 221.63, 21.99, 191.75, 22.68, 82.38, 22.98], (130.3545, 518.6187, 1291.154)]
[31.26, [440.4, 68.58, 28.96, 23.58, 296.03, 21.2, 225.71, 22.25, 188.45, 22.79, 86.07, 22.85], (129.1186, 521.3837, 1300.799)]
[39.74, [440.4, 68.58, 28.96, 26.11, 297.43, 21.03, 217.9, 22.14, 186.63, 22.78, 84.77, 22.56], (132.0864, 533.4508, 1323.305)]
[44.53, [440.4, 68.58, 28.96, 23.58, 296.03, 21.2, 221.68, 22.05, 188.04, 22.79, 86.07, 22.51], (132.3775, 533.3449, 1323.003)]
[47.07, [440.4, 68.58, 28.96, 23.58, 296.03, 21.2, 221.68, 21.99, 191.75, 22.68, 86.07, 22.85], (132.6325, 532.5849, 1321.326)]
[54.44, [440.4, 68.58, 28.96, 25.29, 299.47, 21.75, 221.63, 22.05, 188.45, 22.79, 85.77, 22.89], (129.1379, 514.5111, 1284.106)]
[77.17, [440.4, 68.58, 28.96, 23.9, 296.03, 21.2, 221.68, 22.05, 192.2, 22.61, 89.51, 22.7], (133.8642, 539.3131, 1315.943)]
[105.75, [440.4, 68.58, 28.96, 21.4, 290.99, 21.03, 226.23, 22.06, 192.2, 22.52, 86.07, 22.85], (134.1005, 539.6699, 1337.853)]
[368.16, [440.4, 68.58, 28.96, 21.4, 294.43, 21.2, 222.34, 22.06, 190.14, 22.68, 106.76, 21.77], (138.1655, 570.8916, 1429.281)]
[1795.04, [440.4, 68.58, 28.96, 27.85, 296.03, 21.2, 229.67, 21.99, 191.75, 22.68, 86.07, 22.85], (135.052, 1182.769, 2356.374)]
[1844.67, [440.4, 68.58, 28.96, 25.29, 296.03, 21.75, 221.63, 21.99, 192.52, 22.68, 85.77, 22.89], (131.1527, 1310.845, 2363.227)]
[2966.16, [440.4, 68.58, 28.96, 21.4, 294.43, 21.03, 226.23, 22.06, 192.2, 22.89, 85.0, 22.98], (99.05781, 129.644, 525.0389)]
[3858.92, [440.4, 68.58, 28.96, 24.04, 296.03, 21.2, 226.23, 22.07, 186.25, 22.78, 84.77, 22.56], (166.8473, 1286.445, 2240.765)]
[5033.45, [440.4, 68.58, 28.96, 25.29, 296.03, 21.75, 221.63, 21.99, 191.75, 22.68, 86.07, 22.85], (185.7058, 1076.826, 1721.019)]
[5317.41, [440.4, 68.58, 28.96, 25.05, 310.46, 20.2, 287.26, 21.23, 195.06, 16.19, 84.77, 22.56], (193.8655, 641.0023, 1501.068)]
[8521.84, [440.4, 68.58, 28.96, 21.4, 290.1, 21.2, 222.34, 22.07, 186.25, 22.89, 84.88, 22.56], (51.9742, 131.6701, 178.0673)]
[12496.32, [440.4, 68.58, 28.96, 25.43, 297.43, 21.03, 217.9, 22.14, 190.18, 22.78, 84.77, 22.56], (22.11277, 132.2588, 535.8277)]
[15890.04, [440.4, 68.58, 28.96, 54.62, 344.86, 18.52, 222.05, 16.28, 192.99, 16.18, 84.88, 14.81], (261.2351, 877.9644, 1948.926)]
[71894.1, [440.4, 68.58, 28.96, 27.53, 300.32, 20.95, 221.68, 21.99, 192.2, 22.68, 85.77, 22.98], (497.1636, 1240.962, 2363.958)]
[81834.11, [440.4, 68.58, 28.96, 26.35, 300.32, 20.66, 226.23, 21.99, 191.75, 22.68, 86.07, 22.85], (530.7469, 1319.813, 2365.508)]
[261192.78, [440.4, 68.58, 28.96, 25.29, 296.03, 21.75, 221.63, 21.99, 191.75, 22.68, 85.77, 22.89], (1004.929, 2047.531, 2540.276)]

Population size: 30
Number of couples: 14
Number of kept parents: 0
Best parent kept: True
Mutation Probability: 0.05
Mutation range (x, y): 5, 0.3

Written time: 25/03/2023 09:36:08