[27.63, [440.4, 68.58, 28.96, 17.93, 313.81, 21.34, 277.41, 23.0, 169.7, 23.21, 77.12, 15.42], (130.6346, 546.7452, 1304.745)]
[49.74, [440.4, 68.58, 28.96, 13.37, 313.18, 21.59, 277.41, 23.0, 173.27, 23.07, 77.12, 15.42], (128.2134, 528.4728, 1305.529)]
[93.91, [440.4, 68.58, 28.96, 25.48, 302.05, 21.18, 229.5, 22.24, 188.42, 22.85, 83.32, 22.69], (127.8966, 512.3947, 1274.88)]
[97.41, [440.4, 68.58, 28.96, 23.97, 308.09, 21.28, 280.26, 23.01, 177.34, 23.31, 75.5, 15.4], (126.8423, 533.0388, 1316.629)]
[125.56, [440.4, 68.58, 28.96, 17.93, 311.43, 21.37, 237.94, 22.71, 175.53, 23.2, 75.5, 15.5], (132.6132, 557.9487, 1374.838)]
[188.34, [440.4, 68.58, 28.96, 25.49, 305.92, 21.37, 237.94, 22.71, 178.49, 23.2, 75.5, 15.48], (133.2133, 568.8619, 1413.669)]
[197.81, [440.4, 68.58, 28.96, 69.04, 300.73, 21.0, 278.16, 22.71, 177.17, 23.31, 73.01, 15.31], (130.0184, 557.885, 1464.22)]
[207.4, [440.4, 68.58, 28.96, 69.04, 302.63, 21.04, 278.16, 22.72, 180.05, 23.37, 75.5, 15.29], (129.6595, 558.23, 1468.164)]
[212.27, [440.4, 68.58, 28.96, 13.36, 314.25, 21.39, 228.31, 22.26, 184.67, 22.9, 83.32, 22.69], (126.8047, 493.7376, 1205.628)]
[238.5, [440.4, 68.58, 28.96, 23.87, 301.05, 21.31, 235.7, 22.63, 190.95, 22.83, 83.32, 22.69], (124.3403, 501.2773, 1256.284)]
[248.41, [440.4, 68.58, 28.96, 55.09, 305.19, 21.12, 240.03, 22.59, 181.38, 23.44, 73.05, 15.41], (132.6111, 578.0622, 1477.614)]
[257.94, [440.4, 68.58, 28.96, 17.06, 303.77, 21.0, 235.83, 22.82, 189.11, 22.76, 79.45, 22.57], (124.5357, 498.0692, 1232.646)]
[403.04, [440.4, 68.58, 28.96, 23.2, 305.28, 21.2, 237.77, 22.82, 190.67, 23.01, 75.21, 22.29], (121.6059, 489.6317, 1218.08)]
[437.88, [440.4, 68.58, 28.96, 49.95, 360.22, 19.91, 285.17, 19.8, 196.92, 17.6, 95.19, 20.12], (134.9081, 657.0415, 1529.346)]
[441.05, [440.4, 68.58, 28.96, 59.6, 311.41, 21.26, 233.12, 22.54, 187.6, 23.07, 75.5, 15.28], (136.6775, 594.6916, 1535.72)]
[477.24, [440.4, 68.58, 28.96, 13.36, 314.14, 21.39, 228.31, 22.26, 184.67, 23.04, 75.5, 15.3], (140.76, 583.0779, 1411.825)]
[498.98, [440.4, 68.58, 28.96, 18.3, 340.56, 20.78, 223.48, 22.95, 209.25, 23.01, 79.45, 22.47], (120.9756, 478.708, 1162.243)]
[564.67, [440.4, 68.58, 28.96, 16.56, 303.02, 21.0, 237.94, 22.71, 173.76, 23.44, 82.85, 22.54], (118.861, 481.0728, 1198.836)]
[590.55, [440.4, 68.58, 28.96, 19.81, 308.99, 21.24, 240.03, 22.59, 186.46, 23.34, 75.5, 22.58], (118.9178, 475.0067, 1176.081)]
[1454.16, [440.4, 68.58, 28.96, 23.45, 306.76, 21.14, 235.83, 22.82, 184.39, 23.03, 79.45, 22.31], (121.6121, 166.2693, 490.0483)]
[1650.45, [440.4, 68.58, 28.96, 19.81, 306.76, 21.09, 235.83, 22.95, 187.38, 23.03, 79.45, 22.47], (118.6106, 120.5645, 486.6163)]
[4106.24, [440.4, 68.58, 28.96, 19.81, 305.28, 21.01, 235.83, 22.82, 187.38, 16.95, 127.34, 16.73], (180.1322, 746.4391, 1727.615)]
[7185.06, [440.4, 68.58, 28.96, 26.57, 361.34, 15.17, 291.5, 18.69, 201.27, 17.59, 123.58, 22.69], (206.3053, 425.2973, 780.2713)]
[7484.91, [440.4, 68.58, 28.96, 53.44, 309.17, 21.26, 233.12, 22.9, 180.05, 23.37, 75.5, 15.29], (52.80679, 129.7168, 1106.351)]
[7520.22, [440.4, 68.58, 28.96, 56.68, 309.17, 21.26, 233.12, 22.55, 191.46, 23.07, 82.85, 22.54], (57.24161, 121.8955, 499.7623)]
[8357.0, [440.4, 68.58, 28.96, 16.59, 306.76, 21.01, 237.94, 22.73, 180.05, 23.37, 75.5, 15.29], (45.14955, 133.9686, 1347.309)]
[11574.07, [440.4, 68.58, 28.96, 54.16, 318.46, 20.96, 272.3, 14.79, 209.91, 16.22, 98.24, 22.11], (236.4892, 768.2489, 1773.799)]
[12039.2, [440.4, 68.58, 28.96, 69.04, 300.32, 21.0, 282.74, 22.54, 187.6, 23.18, 79.98, 22.54], (25.59115, 116.4253, 469.169)]
[12322.99, [440.4, 68.58, 28.96, 17.06, 303.77, 21.0, 240.74, 22.63, 187.38, 23.1, 79.45, 22.28], (23.54335, 123.2061, 495.2224)]
[85986.32, [440.4, 68.58, 28.96, 20.86, 305.92, 21.43, 274.95, 23.0, 177.57, 23.21, 77.12, 15.49], (544.0706, 1368.637, 2439.011)]

Population size: 30
Number of couples: 13
Number of kept parents: 0
Best parent kept: True
Mutation Probability: 0.3
Mutation range (x, y): 5, 0.2