[37.92, [440.4, 68.58, 28.96, 25.29, 303.24, 21.18, 227.02, 22.2, 186.25, 22.56, 83.32, 22.82], (130.5508, 516.2634, 1278.537)]
[49.25, [440.4, 68.58, 28.96, 18.63, 301.78, 21.18, 227.02, 22.24, 186.94, 22.75, 82.03, 22.51], (130.1234, 516.5487, 1271.308)]
[61.45, [440.4, 68.58, 28.96, 21.33, 301.75, 21.18, 227.02, 22.2, 190.13, 22.75, 83.32, 22.82], (129.2759, 514.9812, 1274.009)]
[87.12, [440.4, 68.58, 28.96, 19.62, 310.98, 21.14, 226.48, 22.1, 186.25, 22.64, 78.84, 22.69], (130.5921, 507.5244, 1237.773)]
[271.07, [440.4, 68.58, 28.96, 23.82, 295.49, 17.66, 244.65, 21.65, 184.02, 22.75, 83.32, 22.82], (136.9587, 563.9979, 1386.098)]
[300.89, [440.4, 68.58, 28.96, 21.33, 303.51, 20.95, 236.7, 22.65, 190.86, 23.5, 75.5, 15.4], (135.3559, 587.0805, 1448.36)]
[381.89, [440.4, 68.58, 28.96, 25.76, 298.89, 21.33, 273.31, 22.95, 210.62, 23.01, 72.79, 15.17], (137.2467, 587.7671, 1462.314)]
[440.33, [440.4, 68.58, 28.96, 29.01, 303.53, 21.01, 228.96, 22.8, 177.13, 23.07, 72.27, 22.55], (121.0018, 487.2927, 1211.076)]
[513.27, [440.4, 68.58, 28.96, 16.56, 308.65, 21.1, 235.67, 22.78, 192.38, 22.65, 75.5, 15.43], (140.567, 595.2616, 1444.755)]
[549.14, [440.4, 68.58, 28.96, 28.78, 309.16, 21.31, 228.56, 22.76, 179.15, 23.4, 84.22, 22.34], (118.6998, 484.3977, 1219.428)]
[554.39, [440.4, 68.58, 28.96, 21.27, 301.19, 21.16, 227.02, 22.2, 186.25, 21.87, 106.65, 22.69], (142.9621, 563.9522, 1398.359)]
[710.03, [440.4, 68.58, 28.96, 31.64, 303.53, 21.11, 285.04, 23.0, 166.95, 23.21, 76.15, 15.61], (125.6649, 162.2059, 1075.951)]
[863.25, [440.4, 68.58, 28.96, 31.64, 303.53, 21.16, 227.23, 22.1, 181.43, 22.75, 83.32, 15.61], (145.5078, 614.7656, 1516.558)]
[904.71, [440.4, 68.58, 28.96, 21.92, 304.54, 21.21, 227.02, 22.07, 185.27, 22.9, 87.51, 15.3], (146.1588, 618.7006, 1516.242)]
[1073.83, [440.4, 68.58, 28.96, 21.99, 295.49, 17.66, 244.65, 21.47, 184.02, 22.04, 107.66, 22.69], (149.1581, 611.7911, 1507.679)]
[1094.82, [440.4, 68.58, 28.96, 31.64, 305.52, 21.18, 227.02, 22.1, 213.99, 23.01, 74.06, 15.17], (148.5355, 636.326, 1543.79)]
[1214.64, [440.4, 68.58, 28.96, 22.21, 290.77, 17.66, 244.65, 21.47, 184.02, 21.9, 106.65, 22.69], (150.9183, 619.1161, 1525.405)]
[2865.9, [440.4, 68.58, 28.96, 29.64, 303.01, 21.18, 227.02, 22.1, 186.25, 22.75, 79.8, 22.75], (166.0398, 787.2411, 1819.254)]
[4886.06, [440.4, 68.58, 28.96, 39.12, 335.01, 18.19, 279.92, 22.93, 218.0, 18.2, 111.12, 16.12], (187.7363, 723.9387, 1698.781)]
[6276.97, [440.4, 68.58, 28.96, 11.1, 307.73, 20.76, 233.82, 20.08, 153.8, 16.84, 132.03, 21.31], (200.0797, 709.2813, 1634.238)]
[8762.33, [440.4, 68.58, 28.96, 21.33, 301.19, 21.18, 235.67, 22.78, 193.66, 22.74, 83.32, 22.69], (46.17052, 124.566, 731.7115)]
[11693.41, [440.4, 68.58, 28.96, 23.87, 309.37, 21.22, 235.7, 22.82, 191.88, 22.54, 84.66, 22.69], (24.95386, 503.9125, 525.6788)]
[12685.96, [440.4, 68.58, 28.96, 29.41, 344.69, 15.58, 291.03, 16.67, 161.38, 17.45, 93.28, 18.15], (243.4534, 801.1405, 1761.426)]
[13094.64, [440.4, 68.58, 28.96, 16.56, 308.65, 21.22, 224.65, 22.2, 186.25, 22.75, 83.32, 22.82], (21.40032, 63.99958, 117.3697)]
[47809.07, [440.4, 68.58, 28.96, 31.64, 306.06, 21.11, 227.3, 22.1, 186.25, 22.72, 83.97, 22.78], (414.2359, 486.92, 1250.112)]
[51219.55, [440.4, 68.58, 28.96, 21.02, 312.01, 21.14, 285.04, 23.0, 166.73, 23.21, 77.15, 22.69], (423.5905, 951.8884, 2002.643)]
[62269.11, [440.4, 68.58, 28.96, 28.78, 309.16, 21.37, 273.31, 22.85, 185.15, 22.8, 83.32, 22.69], (463.7915, 1171.315, 2168.265)]
[79120.61, [440.4, 68.58, 28.96, 19.2, 306.45, 20.92, 232.66, 22.63, 193.83, 23.09, 79.31, 22.59], (522.0906, 1229.621, 2324.773)]
[95865.21, [440.4, 68.58, 28.96, 26.02, 303.53, 21.02, 228.96, 22.76, 180.02, 23.07, 75.5, 15.58], (575.4827, 1429.149, 2499.089)]
[96848.01, [440.4, 68.58, 28.96, 23.87, 308.65, 21.22, 235.7, 22.82, 192.38, 22.83, 72.27, 15.12], (578.4939, 1436.994, 2519.963)]

Population size: 30
Number of couples: 13
Number of kept parents: 0
Best parent kept: True
Mutation Probability: 0.3
Mutation range (x, y): 5, 0.2

Written time: 24/03/2023 21:52:58