[4.26, [440.4, 68.58, 28.96, 25.29, 298.89, 21.34, 226.23, 22.06, 192.2, 22.68, 86.07, 22.85], (130.8388, 523.6006, 1304.256)]
[9.92, [440.4, 68.58, 28.96, 25.29, 298.89, 21.34, 228.42, 22.06, 192.2, 22.61, 88.52, 22.87], (131.3617, 525.4734, 1311.768)]
[29.34, [440.4, 68.58, 28.96, 25.29, 298.89, 21.34, 226.23, 22.11, 192.2, 22.61, 88.65, 22.69], (131.915, 529.1818, 1319.969)]
[44.72, [440.4, 68.58, 28.96, 25.29, 298.32, 21.0, 240.89, 21.78, 185.87, 22.67, 80.25, 23.03], (130.8859, 514.5643, 1272.297)]
[70.48, [440.4, 68.58, 28.96, 24.89, 301.84, 20.91, 240.89, 21.82, 188.87, 22.78, 84.47, 23.16], (129.2107, 511.6923, 1269.488)]
[71.14, [440.4, 68.58, 28.96, 24.89, 301.84, 21.03, 222.43, 22.07, 186.25, 22.89, 75.18, 22.69], (129.4331, 513.9852, 1262.467)]
[75.34, [440.4, 68.58, 28.96, 24.89, 301.84, 20.91, 244.63, 21.82, 188.87, 22.78, 82.66, 23.0], (129.2745, 510.4992, 1264.622)]
[86.75, [440.4, 68.58, 28.96, 17.6, 308.66, 20.93, 226.48, 22.1, 181.47, 22.63, 79.36, 22.91], (130.8342, 507.8824, 1236.781)]
[99.12, [440.4, 68.58, 28.96, 28.19, 301.67, 21.05, 240.89, 21.78, 188.87, 22.78, 80.25, 23.2], (128.5734, 507.0669, 1258.713)]
[110.16, [440.4, 68.58, 28.96, 18.21, 315.4, 21.26, 229.3, 21.78, 188.87, 22.78, 79.77, 22.84], (130.4594, 502.4015, 1220.919)]
[114.63, [440.4, 68.58, 28.96, 28.94, 301.67, 21.0, 240.89, 22.07, 179.93, 22.93, 84.88, 22.66], (127.4704, 508.1858, 1269.674)]
[135.27, [440.4, 68.58, 28.96, 23.49, 301.37, 21.17, 228.67, 22.26, 179.93, 22.92, 81.66, 22.66], (127.2586, 506.9038, 1256.221)]
[155.13, [440.4, 68.58, 28.96, 29.46, 312.61, 21.09, 226.92, 22.1, 192.2, 23.12, 84.88, 22.58], (126.3877, 507.4526, 1261.894)]
[178.41, [440.4, 68.58, 28.96, 28.27, 312.61, 20.99, 220.05, 22.08, 215.23, 22.98, 69.45, 22.96], (126.2958, 506.9024, 1242.077)]
[186.75, [440.4, 68.58, 28.96, 24.13, 308.65, 21.11, 229.3, 22.2, 179.93, 22.93, 81.1, 22.84], (126.3834, 504.7656, 1233.095)]
[218.05, [440.4, 68.58, 28.96, 24.89, 303.57, 20.84, 235.67, 21.63, 181.37, 22.75, 107.86, 22.52], (136.216, 548.0232, 1375.824)]
[222.45, [440.4, 68.58, 28.96, 22.7, 315.4, 21.1, 229.3, 22.2, 179.93, 22.94, 87.65, 22.96], (125.9414, 494.5714, 1221.89)]
[1175.04, [440.4, 68.58, 28.96, 25.29, 298.87, 21.34, 229.37, 22.06, 192.2, 22.61, 84.47, 15.22], (149.6365, 636.1655, 1553.58)]
[1294.94, [440.4, 68.58, 28.96, 21.72, 303.53, 21.22, 241.64, 21.51, 190.13, 22.61, 74.79, 22.82], (134.1222, 1182.201, 1883.925)]
[1526.17, [440.4, 68.58, 28.96, 25.29, 298.89, 21.46, 240.89, 21.82, 190.56, 22.75, 82.66, 23.18], (131.4269, 1141.839, 2210.905)]
[1853.87, [440.4, 68.58, 28.96, 28.84, 295.49, 21.04, 227.36, 21.95, 186.24, 22.78, 79.08, 22.82], (161.632, 634.2397, 1340.101)]
[9535.57, [440.4, 68.58, 28.96, 25.29, 302.8, 21.34, 229.37, 22.06, 192.2, 22.43, 82.66, 23.2], (227.4425, 513.4748, 1281.046)]
[10674.31, [440.4, 68.58, 28.96, 64.35, 354.29, 16.3, 260.95, 20.14, 176.09, 15.8, 109.66, 17.0], (229.7435, 812.6836, 1853.007)]
[11675.99, [440.4, 68.58, 28.96, 56.72, 365.74, 21.2, 262.01, 17.24, 158.03, 16.31, 133.28, 14.96], (236.6295, 802.4921, 1819.839)]
[12900.49, [440.4, 68.58, 28.96, 54.83, 349.1, 17.82, 229.41, 16.31, 185.08, 17.43, 127.99, 19.6], (243.6646, 829.1249, 1914.342)]
[47006.47, [440.4, 68.58, 28.96, 22.57, 309.67, 21.38, 233.97, 22.2, 184.54, 22.75, 88.32, 22.96], (411.3615, 526.0233, 1321.128)]
[70338.14, [440.4, 68.58, 28.96, 17.6, 308.66, 21.07, 226.03, 22.1, 180.92, 22.63, 76.15, 23.06], (492.4128, 1214.551, 2193.954)]
[75727.66, [440.4, 68.58, 28.96, 28.19, 301.67, 21.43, 233.02, 22.06, 194.82, 22.61, 84.47, 22.96], (510.3909, 1285.831, 2320.964)]
[77023.9, [440.4, 68.58, 28.96, 15.76, 315.4, 21.01, 244.69, 21.82, 193.34, 22.69, 83.41, 23.03], (515.2153, 1244.381, 2244.298)]
[83338.42, [440.4, 68.58, 28.96, 24.89, 301.09, 21.07, 241.47, 21.42, 181.17, 22.77, 84.88, 22.96], (536.0246, 1307.699, 2293.542)]

Population size: 30
Number of couples: 13
Number of kept parents: 0
Best parent kept: True
Mutation Probability: 0.3
Mutation range (x, y): 5, 0.2

Written time: 24/03/2023 22:37:54