[3.04, [440.4, 68.58, 28.96, 27.53, 296.2, 21.75, 221.63, 21.99, 190.19, 22.68, 86.07, 22.85], (130.9755, 523.6607, 1310.103)]
[3.16, [440.4, 68.58, 28.96, 23.58, 296.03, 21.75, 224.43, 21.99, 195.75, 22.68, 86.07, 22.85], (130.9792, 523.8289, 1306.221)]
[4.92, [440.4, 68.58, 28.96, 24.9, 299.64, 20.95, 224.26, 22.07, 188.45, 22.79, 86.07, 22.85], (130.8159, 525.9092, 1305.873)]
[6.17, [440.4, 68.58, 28.96, 25.42, 296.03, 21.75, 221.63, 21.99, 188.45, 22.68, 86.07, 22.85], (131.0826, 522.5545, 1304.059)]
[9.29, [440.4, 68.58, 28.96, 20.79, 296.03, 21.03, 229.91, 22.06, 188.45, 22.79, 86.07, 22.85], (130.6088, 524.2695, 1300.784)]
[13.55, [440.4, 68.58, 28.96, 23.58, 296.03, 21.03, 229.91, 22.06, 188.45, 22.79, 86.07, 22.85], (130.4139, 524.7539, 1317.653)]
[13.71, [440.4, 68.58, 28.96, 27.53, 296.03, 21.75, 221.63, 21.99, 188.45, 22.79, 86.07, 22.89], (129.8434, 520.1313, 1307.086)]
[14.23, [440.4, 68.58, 28.96, 25.29, 298.56, 21.75, 221.63, 21.99, 195.11, 22.89, 88.83, 22.56], (130.3589, 526.2323, 1316.318)]
[16.75, [440.4, 68.58, 28.96, 25.29, 296.03, 20.95, 224.26, 22.21, 188.45, 22.79, 86.07, 22.85], (130.0844, 527.3404, 1314.574)]
[17.15, [440.4, 68.58, 28.96, 25.42, 296.03, 21.75, 222.33, 21.99, 191.75, 22.79, 87.93, 22.98], (129.7259, 520.8379, 1304.727)]
[18.06, [440.4, 68.58, 28.96, 27.53, 296.03, 21.75, 221.63, 21.99, 188.45, 22.79, 86.07, 22.89], (129.8434, 520.1264, 1302.748)]
[21.2, [440.4, 68.58, 28.96, 25.42, 296.03, 21.75, 221.63, 21.99, 188.45, 22.79, 86.07, 22.89], (129.9555, 519.6544, 1298.468)]
[27.59, [440.4, 68.58, 28.96, 25.29, 296.03, 21.75, 221.63, 22.01, 195.11, 22.89, 88.83, 22.56], (130.4697, 528.7734, 1328.191)]
[28.06, [440.4, 68.58, 28.96, 23.58, 296.03, 21.75, 221.63, 21.99, 188.45, 22.52, 86.07, 22.85], (132.6026, 525.3049, 1306.06)]
[38.16, [440.4, 68.58, 28.96, 25.42, 296.03, 21.94, 221.63, 21.99, 188.45, 22.79, 86.07, 22.89], (129.4494, 516.5392, 1292.608)]
[41.9, [440.4, 68.58, 28.96, 23.58, 296.03, 21.2, 227.88, 21.99, 188.45, 22.68, 86.07, 22.63], (132.6546, 530.7917, 1317.496)]
[50.48, [440.4, 68.58, 28.96, 23.58, 296.03, 21.2, 226.59, 21.85, 190.18, 22.68, 86.07, 22.85], (133.0478, 531.2242, 1317.225)]
[50.71, [440.4, 68.58, 28.96, 22.76, 296.03, 21.2, 226.59, 21.85, 190.18, 22.68, 86.07, 22.85], (133.1012, 531.0435, 1316.44)]
[138.49, [440.4, 68.58, 28.96, 25.29, 300.32, 20.95, 221.63, 21.93, 191.75, 22.68, 86.07, 22.85], (135.2278, 540.0289, 1337.077)]
[1278.14, [440.4, 68.58, 28.96, 24.9, 296.03, 21.2, 224.26, 22.07, 188.45, 22.79, 85.04, 22.85], (130.6765, 825.5163, 2283.499)]
[2709.89, [440.4, 68.58, 28.96, 27.53, 296.03, 21.75, 221.63, 21.99, 188.45, 22.68, 86.07, 22.85], (131.1371, 2033.951, 2505.472)]
[2983.73, [440.4, 68.58, 28.96, 25.42, 296.03, 21.63, 221.63, 21.99, 195.11, 22.89, 88.83, 22.56], (155.1017, 1281.274, 2336.8)]
[3337.56, [440.4, 68.58, 28.96, 27.53, 296.03, 21.63, 221.63, 21.73, 195.11, 22.68, 86.07, 22.85], (176.1489, 646.3482, 1470.044)]
[5930.51, [440.4, 68.58, 28.96, 27.53, 295.58, 21.75, 221.63, 21.99, 188.45, 22.68, 86.07, 22.85], (60.24098, 522.137, 1307.289)]
[8708.35, [440.4, 68.58, 28.96, 23.58, 296.03, 21.2, 218.79, 22.05, 188.45, 22.97, 86.07, 22.85], (48.02413, 129.8511, 526.0029)]
[11843.65, [440.4, 68.58, 28.96, 30.94, 296.03, 21.03, 229.91, 22.06, 188.45, 22.68, 86.07, 23.03], (26.40714, 130.375, 525.4667)]
[12664.64, [440.4, 68.58, 28.96, 27.53, 296.03, 21.63, 221.63, 21.99, 195.11, 22.68, 86.07, 23.0], (24.17658, 47.74009, 130.7993)]
[16994.92, [440.4, 68.58, 28.96, 64.25, 350.49, 14.66, 293.11, 15.12, 156.76, 16.23, 113.35, 19.24], (267.5069, 877.1494, 1967.428)]
[75318.06, [440.4, 68.58, 28.96, 25.29, 296.03, 21.2, 221.63, 21.93, 191.75, 22.68, 86.07, 22.85], (509.0487, 1318.117, 2270.981)]
[78275.01, [440.4, 68.58, 28.96, 25.29, 299.06, 21.75, 221.63, 22.01, 195.11, 22.68, 86.07, 22.85], (519.0251, 1290.528, 2326.048)]

Population size: 30
Number of couples: 14
Number of kept parents: 0
Best parent kept: True
Mutation Probability: 0.05
Mutation range (x, y): 5, 0.3
Number of Parameters: 4

Written time: 26/03/2023 01:00:41