[21.16, [440.4, 68.58, 28.96, 20.17, 300.46, 21.78, 241.68, 22.57, 157.3, 22.11, 103.77, 22.1], (131.2328, 517.1913, 1295.749)]
[67.47, [440.4, 68.58, 28.96, 66.15, 358.97, 17.09, 260.28, 22.27, 161.64, 22.69, 100.32, 22.45], (129.7354, 509.2213, 1265.88)]
[79.16, [440.4, 68.58, 28.96, 66.15, 362.01, 17.09, 260.28, 21.82, 157.78, 22.69, 100.32, 22.68], (132.5012, 512.3627, 1261.798)]
[81.78, [440.4, 68.58, 28.96, 66.15, 362.01, 17.09, 255.96, 21.82, 157.05, 22.69, 103.88, 22.45], (134.2012, 521.8792, 1290.085)]
[154.78, [440.4, 68.58, 28.96, 69.65, 366.06, 16.83, 262.58, 21.45, 201.67, 22.69, 102.31, 22.45], (135.2812, 543.1742, 1348.538)]
[219.12, [440.4, 68.58, 28.96, 29.43, 367.64, 17.1, 261.27, 21.45, 203.9, 22.66, 103.87, 22.1], (137.9527, 544.203, 1300.732)]
[245.1, [440.4, 68.58, 28.96, 40.57, 361.96, 21.5, 268.08, 20.55, 157.78, 22.94, 101.25, 22.32], (133.5531, 482.5875, 1149.053)]
[250.12, [440.4, 68.58, 28.96, 40.57, 357.29, 21.5, 268.08, 20.53, 157.78, 22.94, 93.71, 22.4], (133.0835, 479.2825, 1136.19)]
[276.73, [440.4, 68.58, 28.96, 71.46, 366.46, 21.46, 238.33, 20.32, 205.73, 22.62, 103.76, 22.45], (139.7445, 526.7313, 1301.807)]
[531.81, [440.4, 68.58, 28.96, 43.92, 359.47, 15.68, 275.62, 20.4, 158.34, 22.69, 102.31, 22.45], (144.0648, 553.8721, 1326.916)]
[598.0, [440.4, 68.58, 28.96, 66.15, 359.18, 16.88, 262.58, 21.82, 157.78, 21.55, 101.25, 22.32], (145.2003, 548.2715, 1335.395)]
[746.96, [440.4, 68.58, 28.96, 62.18, 308.15, 21.05, 237.4, 22.93, 204.77, 22.86, 107.37, 16.13], (139.7057, 639.6724, 1673.482)]
[901.14, [440.4, 68.58, 28.96, 40.88, 357.29, 21.5, 269.11, 20.38, 157.78, 22.94, 78.39, 22.33], (136.7289, 536.57, 2052.06)]
[1070.0, [440.4, 68.58, 28.96, 71.46, 366.46, 20.99, 238.37, 20.32, 154.12, 22.74, 85.45, 16.09], (152.1286, 564.3784, 1352.889)]
[1078.18, [440.4, 68.58, 28.96, 43.92, 359.47, 15.42, 275.62, 19.99, 158.34, 22.26, 103.87, 22.52], (151.8242, 575.9733, 1370.481)]
[1251.57, [440.4, 68.58, 28.96, 66.15, 359.18, 17.1, 262.18, 22.04, 154.6, 19.93, 84.0, 22.44], (150.7781, 169.1394, 1313.498)]
[1796.09, [440.4, 68.58, 28.96, 32.4, 366.41, 20.99, 235.73, 19.92, 204.77, 23.27, 108.45, 16.13], (159.6434, 617.8292, 1461.62)]
[1843.88, [440.4, 68.58, 28.96, 20.17, 307.79, 21.78, 237.68, 22.57, 184.37, 18.06, 99.7, 22.32], (160.9455, 597.3134, 1423.878)]
[1897.41, [440.4, 68.58, 28.96, 20.17, 304.02, 21.78, 237.68, 22.57, 188.0, 17.9, 78.39, 22.32], (162.0606, 590.1937, 1391.868)]
[2463.09, [440.4, 68.58, 28.96, 25.09, 366.41, 17.1, 262.34, 21.14, 202.45, 22.69, 145.48, 16.55], (164.8459, 685.4956, 1623.571)]
[2604.66, [440.4, 68.58, 28.96, 34.3, 366.41, 15.78, 294.61, 20.76, 201.42, 22.73, 145.48, 16.28], (166.1923, 688.974, 1642.693)]
[4096.74, [440.4, 68.58, 28.96, 69.65, 366.06, 20.99, 235.73, 19.92, 196.4, 17.14, 79.83, 23.2], (184.3268, 605.8955, 1407.526)]
[4731.14, [440.4, 68.58, 28.96, 27.48, 322.75, 18.59, 229.04, 21.35, 185.58, 19.83, 100.43, 15.3], (186.1926, 733.7834, 1707.533)]
[7200.48, [440.4, 68.58, 28.96, 40.57, 357.29, 21.5, 268.08, 20.55, 157.78, 22.94, 102.07, 22.33], (209.8969, 485.8973, 1177.863)]
[8330.57, [440.4, 68.58, 28.96, 72.54, 310.68, 19.96, 238.77, 20.6, 180.24, 16.76, 133.24, 16.59], (211.7112, 839.8291, 2045.858)]
[8519.65, [440.4, 68.58, 28.96, 53.68, 300.16, 17.04, 291.72, 20.79, 158.14, 16.32, 95.64, 18.95], (215.4097, 766.1468, 1803.984)]
[11815.29, [440.4, 68.58, 28.96, 37.12, 359.24, 15.42, 278.93, 20.78, 162.29, 23.2, 142.64, 16.28], (22.84286, 159.657, 1540.792)]
[84232.54, [440.4, 68.58, 28.96, 66.15, 359.18, 17.31, 262.58, 21.54, 157.78, 21.46, 91.59, 22.4], (538.4863, 1299.636, 2451.294)]
[105183.44, [440.4, 68.58, 28.96, 43.92, 359.47, 15.42, 275.62, 20.4, 188.0, 17.9, 75.25, 22.41], (603.9459, 1461.037, 2639.725)]
[108470.71, [440.4, 68.58, 28.96, 67.03, 359.18, 16.71, 262.58, 21.82, 157.78, 22.69, 104.38, 20.3], (613.915, 1481.902, 2636.389)]

Population size: 30
Number of couples: 13
Number of kept parents: 0
Best parent kept: True
Mutation Probability: 0.3
Mutation range (x, y): 5, 0.5