[0.92, [440.4, 68.58, 28.96, 27.53, 296.66, 21.75, 221.63, 21.99, 190.19, 22.68, 86.07, 22.85], (130.9287, 523.1435, 1308.543)]
[0.92, [440.4, 68.58, 28.96, 27.53, 296.66, 21.75, 221.63, 21.99, 190.19, 22.68, 86.07, 22.85], (130.9287, 523.1435, 1308.543)]
[0.92, [440.4, 68.58, 28.96, 27.53, 296.66, 21.75, 221.63, 21.99, 190.19, 22.68, 86.07, 22.85], (130.9287, 523.1435, 1308.543)]
[4.54, [440.4, 68.58, 28.96, 23.58, 296.65, 20.95, 224.26, 21.93, 187.0, 22.93, 86.07, 22.89], (130.7525, 527.3147, 1308.454)]
[7.81, [440.4, 68.58, 28.96, 24.9, 299.64, 21.85, 221.63, 21.99, 195.11, 22.89, 88.83, 22.56], (129.9994, 523.2351, 1308.583)]
[7.81, [440.4, 68.58, 28.96, 24.9, 299.64, 21.85, 221.63, 21.99, 195.11, 22.89, 88.83, 22.56], (129.9994, 523.2351, 1308.583)]
[8.26, [440.4, 68.58, 28.96, 27.53, 296.03, 21.75, 221.63, 21.99, 193.99, 22.68, 86.07, 22.89], (130.8995, 524.9998, 1314.384)]
[10.54, [440.4, 68.58, 28.96, 25.42, 296.03, 21.75, 221.63, 22.07, 190.19, 22.68, 86.07, 22.89], (130.3578, 521.2536, 1302.664)]
[11.97, [440.4, 68.58, 28.96, 23.21, 296.2, 21.75, 216.75, 21.99, 190.19, 22.68, 86.07, 22.89], (131.6287, 524.9111, 1305.19)]
[16.48, [440.4, 68.58, 28.96, 27.53, 296.03, 21.75, 221.63, 21.99, 192.11, 22.62, 86.07, 22.85], (131.5567, 525.9715, 1315.475)]
[17.17, [440.4, 68.58, 28.96, 20.36, 300.32, 20.95, 221.63, 22.21, 188.45, 22.79, 86.07, 22.85], (130.3445, 523.5416, 1294.458)]
[21.99, [440.4, 68.58, 28.96, 20.86, 296.2, 21.75, 216.75, 21.99, 187.0, 22.68, 86.07, 23.02], (131.2864, 520.75, 1291.897)]
[26.8, [440.4, 68.58, 28.96, 25.29, 300.32, 20.95, 222.02, 21.93, 187.0, 22.68, 86.07, 23.02], (132.4503, 527.995, 1307.021)]
[26.95, [440.4, 68.58, 28.96, 25.29, 300.32, 20.95, 222.02, 21.93, 187.0, 22.68, 86.07, 23.01], (132.4887, 528.1674, 1307.79)]
[34.1, [440.4, 68.58, 28.96, 25.29, 298.56, 21.75, 221.63, 21.99, 189.6, 22.79, 86.07, 22.89], (129.7216, 517.3849, 1291.302)]
[35.2, [440.4, 68.58, 28.96, 25.29, 296.03, 21.75, 224.26, 22.07, 188.45, 22.79, 86.07, 22.85], (129.1996, 517.2531, 1299.419)]
[41.75, [440.4, 68.58, 28.96, 19.93, 301.5, 20.95, 225.29, 21.93, 190.19, 22.68, 86.07, 22.89], (132.7868, 527.3173, 1298.174)]
[53.01, [440.4, 68.58, 28.96, 19.93, 301.5, 20.95, 221.63, 21.93, 190.19, 22.68, 86.07, 22.85], (133.411, 530.3525, 1304.093)]
[57.43, [440.4, 68.58, 28.96, 25.42, 297.39, 21.75, 224.26, 21.93, 187.0, 22.93, 86.07, 22.85], (128.8382, 514.8374, 1286.869)]
[68.47, [440.4, 68.58, 28.96, 24.9, 299.64, 21.85, 221.63, 21.99, 195.11, 22.93, 86.07, 22.85], (128.3284, 514.971, 1287.106)]
[71.83, [440.4, 68.58, 28.96, 24.9, 299.64, 21.85, 221.63, 21.93, 187.0, 22.93, 86.07, 22.85], (128.6926, 512.1952, 1278.229)]
[82.2, [440.4, 68.58, 28.96, 27.53, 296.2, 20.95, 221.63, 21.93, 187.0, 22.89, 88.83, 22.56], (132.812, 539.5612, 1345.757)]
[219.57, [440.4, 68.58, 28.96, 26.06, 300.32, 20.95, 222.02, 21.93, 190.19, 22.68, 86.07, 22.85], (133.062, 576.194, 1175.225)]
[647.53, [440.4, 68.58, 28.96, 25.42, 300.22, 21.75, 224.26, 22.07, 187.0, 22.71, 86.07, 22.85], (132.1107, 521.2054, 677.4298)]
[1298.34, [440.4, 68.58, 28.96, 19.77, 340.38, 20.25, 268.12, 21.45, 203.91, 20.57, 76.96, 21.31], (155.805, 554.3731, 1290.309)]
[1575.91, [440.4, 68.58, 28.96, 23.58, 296.65, 20.95, 224.26, 21.93, 187.0, 22.93, 86.07, 22.85], (132.1285, 1261.649, 2130.55)]
[1751.74, [440.4, 68.58, 28.96, 25.42, 296.03, 21.75, 224.26, 21.96, 187.0, 22.71, 86.07, 22.85], (133.0138, 1219.691, 2330.785)]
[1972.13, [440.4, 68.58, 28.96, 23.58, 296.65, 20.95, 224.26, 21.93, 187.0, 22.93, 86.07, 22.89], (139.1122, 1233.21, 2331.211)]
[6905.67, [440.4, 68.58, 28.96, 21.59, 296.03, 20.95, 221.63, 21.99, 195.11, 22.89, 88.83, 22.56], (61.67714, 132.8199, 541.3955)]
[9772.88, [440.4, 68.58, 28.96, 27.53, 296.66, 21.75, 221.75, 21.99, 190.19, 22.68, 86.07, 22.89], (39.85508, 157.0809, 576.2437)]

Population size: 30
Number of couples: 14
Number of kept parents: 0
Best parent kept: True
Mutation Probability: 0.05
Mutation range (x, y): 5, 0.3
Number of Parameters: 4

Written time: 26/03/2023 11:10:03