[1.91, [440.4, 68.58, 28.96, 27.53, 296.66, 21.75, 221.63, 21.99, 190.19, 22.68, 86.07, 22.89], (130.7832, 522.4525, 1307.073)]
[2.54, [440.4, 68.58, 28.96, 27.53, 296.2, 21.75, 221.63, 21.99, 190.19, 22.68, 86.07, 22.85], (130.9755, 523.6607, 1309.605)]
[3.86, [440.4, 68.58, 28.96, 27.53, 296.03, 21.75, 221.63, 21.99, 190.19, 22.68, 86.07, 22.85], (130.9935, 523.8409, 1310.63)]
[7.81, [440.4, 68.58, 28.96, 24.9, 299.64, 21.85, 221.63, 21.99, 195.11, 22.89, 88.83, 22.56], (129.9994, 523.2351, 1308.583)]
[14.09, [440.4, 68.58, 28.96, 24.9, 299.64, 20.95, 221.63, 21.99, 188.45, 22.79, 86.07, 22.89], (131.6077, 528.4397, 1309.947)]
[16.31, [440.4, 68.58, 28.96, 20.86, 296.2, 21.75, 219.19, 21.99, 190.19, 22.68, 86.07, 22.89], (131.5092, 522.9879, 1297.898)]
[19.29, [440.4, 68.58, 28.96, 19.93, 301.5, 20.95, 221.63, 21.93, 187.0, 22.93, 86.07, 22.85], (131.077, 523.9037, 1290.851)]
[24.03, [440.4, 68.58, 28.96, 20.86, 296.03, 21.75, 221.63, 21.99, 188.45, 22.79, 86.07, 22.85], (130.3885, 519.3793, 1290.741)]
[30.24, [440.4, 68.58, 28.96, 25.42, 296.03, 21.75, 224.26, 22.07, 190.19, 22.68, 86.07, 22.85], (130.2049, 521.4088, 1331.78)]
[31.92, [440.4, 68.58, 28.96, 24.9, 299.64, 20.95, 221.63, 21.99, 190.19, 22.68, 86.07, 22.96], (132.3657, 530.2446, 1313.711)]
[37.82, [440.4, 68.58, 28.96, 25.42, 296.03, 21.75, 221.63, 21.93, 187.0, 22.93, 86.07, 22.85], (129.2807, 517.9283, 1294.602)]
[40.34, [440.4, 68.58, 28.96, 25.29, 296.03, 21.75, 224.26, 22.07, 188.45, 22.79, 86.07, 22.85], (129.1996, 517.2483, 1294.292)]
[41.98, [440.4, 68.58, 28.96, 27.53, 296.2, 21.75, 221.63, 21.99, 190.19, 22.93, 86.07, 22.85], (128.7268, 518.654, 1300.877)]
[42.13, [440.4, 68.58, 28.96, 25.29, 300.32, 20.95, 222.02, 21.93, 187.0, 22.68, 86.07, 22.89], (132.9451, 530.2275, 1312.154)]
[50.77, [440.4, 68.58, 28.96, 23.58, 296.03, 20.95, 224.26, 21.93, 187.0, 22.93, 86.07, 22.85], (132.4539, 541.3942, 1296.522)]
[283.51, [440.4, 68.58, 28.96, 66.75, 320.35, 22.56, 289.02, 21.48, 193.8, 21.23, 86.07, 22.85], (138.4912, 502.3932, 1258.235)]
[315.01, [440.4, 68.58, 28.96, 27.53, 296.2, 21.75, 223.87, 21.99, 190.19, 22.68, 131.82, 22.98], (135.2912, 570.3912, 1481.238)]
[909.08, [440.4, 68.58, 28.96, 25.29, 298.56, 21.75, 221.63, 21.99, 188.45, 22.79, 86.07, 23.02], (129.2411, 427.3595, 514.647)]
[1052.05, [440.4, 68.58, 28.96, 19.93, 301.5, 20.95, 222.33, 21.99, 191.75, 22.79, 87.93, 21.0], (138.4065, 585.748, 2088.435)]
[1822.53, [440.4, 68.58, 28.96, 23.58, 296.03, 20.95, 224.26, 22.21, 188.45, 22.89, 88.83, 22.56], (130.7205, 1296.244, 2357.385)]
[6091.21, [440.4, 68.58, 28.96, 70.91, 316.07, 20.13, 269.2, 16.57, 162.45, 22.69, 142.41, 17.45], (195.8882, 757.9077, 1915.124)]
[6141.39, [440.4, 68.58, 28.96, 25.29, 298.56, 20.95, 224.26, 22.07, 188.45, 22.8, 88.83, 22.56], (65.0554, 132.2469, 890.0957)]
[7531.18, [440.4, 68.58, 28.96, 20.36, 300.32, 20.95, 221.63, 22.21, 188.45, 22.79, 86.07, 22.85], (51.24085, 567.7806, 1696.685)]
[9458.16, [440.4, 68.58, 28.96, 24.9, 299.64, 20.95, 224.26, 22.07, 188.45, 22.79, 86.07, 22.89], (38.31313, 131.5289, 1138.039)]
[11488.52, [440.4, 68.58, 28.96, 24.9, 299.64, 20.95, 224.26, 22.07, 188.45, 22.79, 86.07, 22.85], (21.66988, 479.1326, 1266.086)]
[17843.99, [440.4, 68.58, 28.96, 25.29, 298.56, 21.85, 221.63, 21.99, 195.11, 22.79, 86.07, 22.85], (267.9907, 1285.256, 2323.467)]
[19529.9, [440.4, 68.58, 28.96, 25.29, 300.32, 20.95, 221.63, 21.99, 188.45, 22.68, 86.07, 22.89], (280.3933, 791.3756, 2275.786)]
[61308.58, [440.4, 68.58, 28.96, 27.53, 296.2, 21.75, 224.26, 22.07, 188.45, 22.79, 86.07, 22.85], (459.2042, 1296.622, 2333.71)]
[69711.51, [440.4, 68.58, 28.96, 24.9, 299.64, 20.95, 224.26, 22.07, 188.45, 22.79, 86.07, 22.85], (489.4904, 1274.565, 2339.207)]
[71320.03, [440.4, 68.58, 28.96, 25.29, 300.32, 20.95, 222.33, 21.99, 191.75, 22.79, 87.93, 22.98], (494.9548, 1301.14, 2362.912)]

Population size: 30
Number of couples: 14
Number of kept parents: 0
Best parent kept: True
Mutation Probability: 0.05
Mutation range (x, y): 5, 0.3
Number of Parameters: 4

Written time: 26/03/2023 10:52:06