[2.69, [440.4, 68.58, 28.96, 25.29, 296.03, 21.75, 221.63, 21.99, 191.75, 22.68, 86.07, 22.85], (131.1353, 524.0866, 1308.152)]
[6.03, [440.4, 68.58, 28.96, 25.29, 297.38, 21.75, 221.63, 21.99, 191.75, 22.68, 86.07, 22.85], (131.0003, 522.5813, 1303.584)]
[6.79, [440.4, 68.58, 28.96, 23.58, 296.03, 21.75, 221.63, 21.99, 191.75, 22.68, 86.07, 22.85], (131.2339, 523.6653, 1304.488)]
[7.09, [440.4, 68.58, 28.96, 23.58, 296.03, 21.2, 218.79, 22.05, 188.45, 22.79, 86.07, 22.98], (131.0243, 527.3817, 1310.116)]
[8.35, [440.4, 68.58, 28.96, 23.58, 296.03, 21.2, 223.39, 22.05, 188.45, 22.79, 86.07, 22.98], (130.4322, 525.4271, 1304.309)]
[9.66, [440.4, 68.58, 28.96, 27.53, 296.03, 21.75, 221.63, 21.99, 191.75, 22.79, 86.07, 22.85], (130.0287, 522.4164, 1310.012)]
[11.16, [440.4, 68.58, 28.96, 27.53, 296.03, 21.2, 223.39, 22.05, 188.45, 22.79, 86.07, 22.98], (130.2088, 525.2328, 1312.617)]
[13.48, [440.4, 68.58, 28.96, 25.29, 296.03, 21.03, 229.91, 22.06, 188.45, 22.68, 86.07, 22.85], (131.3465, 527.3492, 1313.615)]
[13.76, [440.4, 68.58, 28.96, 23.58, 296.03, 21.75, 221.63, 21.99, 191.75, 22.79, 86.07, 22.85], (130.2462, 521.4786, 1300.41)]
[17.1, [440.4, 68.58, 28.96, 27.53, 296.03, 21.2, 221.68, 22.05, 188.45, 22.79, 86.07, 22.85], (130.9181, 528.6226, 1319.518)]
[18.19, [440.4, 68.58, 28.96, 23.58, 296.03, 21.03, 229.91, 22.06, 188.45, 22.68, 82.17, 22.98], (130.6423, 521.3596, 1292.542)]
[19.47, [440.4, 68.58, 28.96, 20.79, 296.03, 21.2, 224.26, 22.07, 191.75, 22.68, 86.07, 22.85], (131.9056, 528.9141, 1310.513)]
[21.2, [440.4, 68.58, 28.96, 27.53, 296.03, 21.2, 221.68, 22.05, 188.45, 22.79, 87.37, 22.88], (130.9209, 529.2953, 1322.934)]
[22.65, [440.4, 68.58, 28.96, 25.29, 300.32, 20.95, 221.68, 21.99, 186.25, 22.78, 80.58, 22.85], (131.2946, 522.846, 1289.227)]
[31.2, [440.4, 68.58, 28.96, 25.29, 296.03, 21.75, 221.63, 21.99, 188.45, 22.79, 86.07, 22.98], (129.6336, 518.0797, 1294.909)]
[36.2, [440.4, 68.58, 28.96, 25.29, 300.32, 21.2, 221.68, 22.05, 186.25, 22.89, 84.77, 22.85], (129.5763, 519.1966, 1289.737)]
[37.62, [440.4, 68.58, 28.96, 31.1, 296.03, 21.2, 229.67, 22.13, 190.18, 22.89, 86.07, 22.56], (129.3012, 526.3807, 1324.03)]
[41.02, [440.4, 68.58, 28.96, 23.58, 296.03, 20.95, 221.68, 21.99, 186.25, 22.78, 80.58, 22.56], (132.8886, 532.1082, 1310.391)]
[45.73, [440.4, 68.58, 28.96, 23.58, 296.03, 21.2, 221.68, 22.05, 191.75, 22.68, 84.77, 22.71], (132.6014, 532.7586, 1320.438)]
[78.5, [440.4, 68.58, 28.96, 25.29, 296.03, 21.75, 221.63, 21.99, 191.75, 22.68, 86.07, 22.85], (130.0844, 487.4329, 1271.672)]
[1118.47, [440.4, 68.58, 28.96, 27.53, 296.03, 21.2, 219.08, 22.05, 188.45, 22.79, 86.07, 15.8], (148.6709, 635.9717, 1559.229)]
[1173.16, [440.4, 68.58, 28.96, 23.58, 296.03, 21.2, 221.68, 22.05, 185.39, 22.79, 86.07, 22.98], (130.64, 134.8754, 524.0615)]
[1698.17, [440.4, 68.58, 28.96, 27.53, 296.03, 21.2, 221.68, 22.05, 188.45, 22.79, 86.07, 22.98], (130.5668, 1216.365, 2311.964)]
[6793.51, [440.4, 68.58, 28.96, 73.05, 325.14, 20.21, 239.68, 18.33, 192.19, 19.95, 140.53, 19.85], (201.5286, 762.6807, 1915.553)]
[8545.39, [440.4, 68.58, 28.96, 15.96, 319.53, 16.18, 272.55, 22.87, 154.12, 19.11, 87.37, 22.88], (207.9501, 1341.624, 2260.37)]
[10597.07, [440.4, 68.58, 28.96, 23.58, 296.03, 21.2, 221.68, 22.05, 188.45, 22.79, 86.07, 22.88], (28.12927, 415.8636, 1223.701)]
[71948.29, [440.4, 68.58, 28.96, 25.29, 296.03, 21.2, 221.68, 22.05, 188.45, 22.79, 86.07, 22.98], (497.1748, 1312.337, 2343.565)]
[81147.28, [440.4, 68.58, 28.96, 25.29, 296.03, 21.2, 221.68, 21.99, 184.64, 22.78, 80.58, 22.56], (533.5033, 791.3746, 1237.423)]
[102039.98, [440.4, 68.58, 28.96, 23.58, 296.03, 21.03, 229.91, 22.06, 188.45, 22.68, 86.07, 22.85], (595.1566, 1462.688, 2348.976)]
[102855.03, [440.4, 68.58, 28.96, 23.58, 296.03, 21.2, 221.68, 22.05, 193.35, 22.79, 86.07, 22.88], (597.7892, 1375.881, 2398.697)]

Population size: 30
Number of couples: 14
Number of kept parents: 0
Best parent kept: True
Mutation Probability: 0.05
Mutation range (x, y): 5, 0.3
Number of Parameters: 4

Written time: 26/03/2023 00:15:29