[0.92, [440.4, 68.58, 28.96, 27.53, 296.66, 21.75, 221.63, 21.99, 190.19, 22.68, 86.07, 22.85], (130.9287, 523.1435, 1308.543)]
[1.2, [440.4, 68.58, 28.96, 27.53, 296.03, 21.75, 221.63, 21.99, 190.19, 22.68, 86.07, 22.89], (130.8478, 523.1499, 1309.165)]
[4.54, [440.4, 68.58, 28.96, 23.58, 296.65, 20.95, 224.26, 21.93, 187.0, 22.93, 86.07, 22.89], (130.7525, 527.3147, 1308.454)]
[5.35, [440.4, 68.58, 28.96, 24.9, 299.64, 21.85, 221.63, 21.93, 195.11, 22.89, 88.83, 22.56], (130.4528, 524.3198, 1310.253)]
[7.24, [440.4, 68.58, 28.96, 24.9, 296.66, 21.75, 221.63, 21.99, 190.19, 22.68, 86.07, 22.85], (131.0642, 522.4866, 1302.911)]
[7.81, [440.4, 68.58, 28.96, 24.9, 299.64, 21.85, 221.63, 21.99, 195.11, 22.89, 88.83, 22.56], (129.9994, 523.2351, 1308.583)]
[8.79, [440.4, 68.58, 28.96, 27.53, 296.66, 21.63, 221.63, 21.99, 190.19, 22.68, 86.07, 22.85], (131.2465, 525.1011, 1312.213)]
[10.54, [440.4, 68.58, 28.96, 25.42, 296.03, 21.75, 221.63, 22.07, 190.19, 22.68, 86.07, 22.89], (130.3578, 521.2536, 1302.664)]
[12.53, [440.4, 68.58, 28.96, 25.29, 300.32, 20.95, 221.63, 22.21, 188.45, 22.79, 86.07, 22.85], (130.0124, 524.457, 1303.967)]
[12.67, [440.4, 68.58, 28.96, 23.21, 296.2, 21.75, 216.75, 21.99, 190.19, 22.68, 87.28, 22.89], (131.7304, 525.9866, 1309.274)]
[13.09, [440.4, 68.58, 28.96, 25.5, 296.03, 21.75, 221.63, 21.99, 192.11, 22.62, 86.07, 22.85], (131.6648, 525.477, 1311.134)]
[15.41, [440.4, 68.58, 28.96, 24.9, 299.64, 21.67, 221.63, 21.99, 193.99, 22.68, 84.95, 22.89], (130.7846, 520.6537, 1295.369)]
[16.02, [440.4, 68.58, 28.96, 27.53, 299.64, 21.85, 221.63, 21.99, 195.11, 22.89, 88.83, 22.56], (129.8667, 523.9019, 1314.295)]
[21.99, [440.4, 68.58, 28.96, 20.86, 296.2, 21.75, 216.75, 21.99, 187.0, 22.68, 86.07, 23.02], (131.2864, 520.75, 1291.897)]
[39.02, [440.4, 68.58, 28.96, 19.93, 301.5, 20.95, 225.29, 21.93, 193.99, 22.68, 86.07, 22.89], (132.7937, 528.9967, 1302.734)]
[40.99, [440.4, 68.58, 28.96, 24.9, 299.64, 21.85, 221.63, 21.99, 195.11, 22.89, 88.83, 22.85], (128.9293, 518.2537, 1297.991)]
[50.96, [440.4, 68.58, 28.96, 20.86, 296.2, 21.75, 216.75, 21.99, 187.0, 22.44, 86.07, 23.02], (133.3795, 525.4728, 1300.507)]
[52.95, [440.4, 68.58, 28.96, 19.93, 301.5, 20.95, 221.63, 21.93, 190.19, 22.68, 86.07, 22.85], (133.411, 530.3525, 1304.154)]
[69.26, [440.4, 68.58, 28.96, 24.9, 299.64, 21.85, 221.63, 21.93, 187.0, 22.93, 86.5, 22.85], (128.7279, 512.5648, 1279.663)]
[85.22, [440.4, 68.58, 28.96, 24.9, 299.64, 21.85, 221.63, 21.99, 187.0, 22.93, 86.07, 22.85], (128.2348, 511.0967, 1276.465)]
[408.26, [440.4, 68.58, 28.96, 20.36, 300.32, 20.95, 222.02, 21.93, 187.0, 22.68, 86.07, 23.01], (129.3051, 134.9543, 1306.687)]
[467.57, [440.4, 68.58, 28.96, 19.93, 301.5, 20.95, 221.63, 21.93, 190.19, 22.68, 86.07, 22.85], (142.7702, 566.9569, 1318.523)]
[11407.91, [440.4, 68.58, 28.96, 26.06, 300.32, 20.95, 222.02, 22.21, 188.45, 22.79, 86.07, 22.85], (24.14808, 638.4317, 1584.649)]
[18662.64, [440.4, 68.58, 28.96, 25.29, 300.32, 20.95, 222.02, 21.93, 187.0, 22.68, 86.07, 23.02], (264.1403, 1852.317, 3246.742)]
[39805.22, [440.4, 68.58, 28.96, 20.36, 300.32, 20.95, 221.63, 21.93, 190.19, 22.68, 86.07, 22.85], (380.5015, 861.574, 1320.413)]
[77429.17, [440.4, 68.58, 28.96, 24.9, 299.64, 21.85, 221.63, 21.99, 195.11, 22.89, 88.83, 22.56], (516.0497, 1304.572, 2343.853)]
[79712.21, [440.4, 68.58, 28.96, 27.53, 296.66, 21.75, 221.63, 21.99, 190.19, 22.68, 86.07, 22.56], (523.9827, 1231.523, 2352.388)]
[86365.32, [440.4, 68.58, 28.96, 27.53, 296.03, 21.75, 221.63, 21.99, 195.11, 22.89, 88.83, 22.56], (545.9741, 1222.074, 2383.466)]
[145696.65, [440.4, 68.58, 28.96, 68.81, 353.74, 19.65, 232.2, 19.47, 197.95, 20.12, 110.61, 18.12], (719.3795, 1680.733, 3058.778)]
[598755.73, [440.4, 68.58, 28.96, 27.53, 296.66, 21.75, 221.63, 21.99, 190.19, 22.68, 86.07, 22.85], (1654.22, 2552.715, 3435.743)]

Population size: 30
Number of couples: 14
Number of kept parents: 0
Best parent kept: True
Mutation Probability: 0.05
Mutation range (x, y): 5, 0.3
Number of Parameters: 4

Written time: 26/03/2023 11:19:05