[6.23, [440.4, 68.58, 28.96, 24.9, 296.66, 21.75, 221.63, 21.93, 193.99, 22.68, 86.07, 22.89], (131.4148, 524.6571, 1307.976)]
[7.24, [440.4, 68.58, 28.96, 24.9, 296.66, 21.75, 221.63, 21.99, 190.19, 22.68, 86.07, 22.85], (131.0642, 522.4866, 1302.911)]
[8.25, [440.4, 68.58, 28.96, 25.5, 296.19, 21.75, 221.63, 21.99, 192.11, 22.62, 86.07, 22.89], (131.5032, 524.6315, 1309.268)]
[8.48, [440.4, 68.58, 28.96, 24.9, 296.66, 21.75, 221.63, 21.99, 190.19, 22.68, 86.07, 22.89], (130.9187, 521.798, 1301.447)]
[10.08, [440.4, 68.58, 28.96, 23.81, 296.66, 21.75, 221.63, 21.99, 190.19, 22.68, 86.07, 22.85], (131.1319, 522.2741, 1300.833)]
[11.25, [440.4, 68.58, 28.96, 23.58, 296.65, 20.95, 221.63, 22.21, 188.45, 22.79, 86.07, 22.85], (130.4742, 528.132, 1312.529)]
[12.73, [440.4, 68.58, 28.96, 26.06, 300.32, 20.95, 222.02, 22.21, 188.45, 22.79, 86.07, 22.85], (129.9173, 524.3409, 1304.968)]
[16.09, [440.4, 68.58, 28.96, 25.42, 296.03, 21.75, 221.63, 22.07, 190.19, 22.68, 86.07, 22.56], (131.5233, 526.9037, 1314.581)]
[16.88, [440.4, 68.58, 28.96, 24.9, 296.66, 21.75, 224.21, 21.93, 195.11, 22.89, 88.83, 22.56], (130.7198, 527.7205, 1320.261)]
[17.11, [440.4, 68.58, 28.96, 24.9, 296.66, 21.75, 221.63, 21.85, 190.19, 22.68, 87.18, 22.89], (132.0673, 525.2995, 1309.149)]
[18.26, [440.4, 68.58, 28.96, 24.9, 299.64, 21.85, 221.63, 21.93, 190.19, 22.68, 86.07, 22.85], (130.9476, 518.6679, 1294.947)]
[22.4, [440.4, 68.58, 28.96, 27.53, 296.66, 21.75, 221.63, 21.99, 192.11, 22.89, 88.83, 22.56], (130.3724, 527.3823, 1323.473)]
[23.06, [440.4, 68.58, 28.96, 24.9, 299.64, 21.85, 218.06, 21.79, 195.11, 22.68, 86.07, 22.89], (132.298, 524.8982, 1304.808)]
[26.31, [440.4, 68.58, 28.96, 27.53, 296.03, 21.75, 221.63, 21.99, 195.11, 22.89, 87.87, 22.56], (130.4161, 528.7631, 1326.428)]
[31.09, [440.4, 68.58, 28.96, 27.53, 296.66, 21.63, 221.63, 21.99, 195.11, 22.89, 88.83, 22.56], (130.7495, 530.9339, 1331.376)]
[36.4, [440.4, 68.58, 28.96, 24.9, 299.64, 21.85, 225.29, 21.99, 190.19, 22.68, 86.07, 22.85], (130.0988, 515.4295, 1285.588)]
[40.99, [440.4, 68.58, 28.96, 24.9, 299.64, 21.85, 221.63, 21.99, 195.11, 22.89, 88.83, 22.85], (128.9293, 518.2537, 1297.991)]
[118.17, [440.4, 68.58, 28.96, 27.53, 296.03, 21.75, 221.63, 21.47, 195.11, 22.89, 88.83, 22.56], (134.3514, 539.0285, 1343.961)]
[141.96, [440.4, 68.58, 28.96, 22.82, 299.64, 21.85, 221.63, 21.85, 190.19, 22.68, 86.07, 22.89], (136.4154, 531.9813, 1308.755)]
[301.75, [440.4, 68.58, 28.96, 23.21, 296.2, 21.75, 216.75, 21.99, 190.19, 22.89, 88.83, 22.56], (131.1247, 225.0012, 1309.89)]
[851.35, [440.4, 68.58, 28.96, 24.9, 299.64, 21.74, 221.63, 21.99, 190.19, 22.68, 86.07, 22.61], (118.4205, 516.3496, 899.9332)]
[1621.39, [440.4, 68.58, 28.96, 24.9, 296.66, 21.75, 221.63, 21.99, 190.19, 22.68, 85.22, 22.85], (135.94, 1106.822, 2229.862)]
[5605.26, [440.4, 68.58, 28.96, 24.9, 299.64, 21.85, 221.63, 21.99, 194.74, 22.62, 87.29, 22.85], (197.7241, 651.0548, 1312.317)]
[9144.6, [440.4, 68.58, 28.96, 34.24, 363.42, 15.92, 256.8, 17.34, 147.73, 17.7, 100.64, 22.5], (221.6127, 719.0596, 1604.716)]
[9810.83, [440.4, 68.58, 28.96, 27.53, 296.03, 21.75, 221.63, 21.99, 190.19, 22.68, 86.07, 22.89], (40.14458, 130.8478, 523.1499)]
[11265.38, [440.4, 68.58, 28.96, 24.9, 299.64, 21.85, 221.63, 21.99, 195.11, 22.71, 88.83, 22.56], (30.1966, 131.5948, 527.0143)]
[57934.54, [440.4, 68.58, 28.96, 24.9, 299.64, 21.85, 221.63, 21.93, 195.11, 22.68, 87.28, 22.85], (446.7646, 1282.389, 2323.051)]
[73052.98, [440.4, 68.58, 28.96, 27.53, 296.03, 21.75, 221.63, 21.99, 190.19, 22.89, 88.83, 22.56], (500.9938, 1299.218, 2362.055)]
[78241.61, [440.4, 68.58, 28.96, 22.28, 299.64, 21.85, 221.63, 21.99, 195.11, 22.78, 90.34, 22.85], (518.8669, 1300.123, 2329.805)]
[151973.36, [440.4, 68.58, 28.96, 25.5, 296.19, 21.75, 221.63, 21.99, 192.11, 22.62, 86.07, 22.85], (736.4339, 1763.385, 3001.888)]

Population size: 30
Number of couples: 14
Number of kept parents: 0
Best parent kept: True
Mutation Probability: 0.05
Mutation range (x, y): 5, 0.3
Number of Parameters: 4

Written time: 26/03/2023 11:37:15