[14.36, [440.4, 68.58, 28.96, 25.29, 298.89, 21.34, 227.36, 22.06, 192.2, 22.61, 84.47, 22.96], (130.8016, 520.9678, 1296.071)]
[16.86, [440.4, 68.58, 28.96, 29.22, 295.49, 21.16, 227.36, 21.92, 181.17, 22.73, 83.32, 23.11], (130.5811, 519.8067, 1295.837)]
[29.91, [440.4, 68.58, 28.96, 28.19, 301.04, 21.07, 244.65, 21.6, 190.13, 22.78, 83.41, 22.82], (131.1901, 518.1287, 1285.663)]
[67.68, [440.4, 68.58, 28.96, 24.89, 303.24, 21.0, 240.89, 21.78, 188.87, 22.78, 83.41, 23.03], (129.6589, 511.1695, 1264.928)]
[107.94, [440.4, 68.58, 28.96, 17.6, 303.75, 21.08, 228.67, 22.2, 179.93, 22.93, 84.88, 22.66], (128.3412, 508.725, 1253.576)]
[122.92, [440.4, 68.58, 28.96, 15.86, 313.74, 21.0, 226.48, 22.1, 186.25, 22.63, 74.92, 22.88], (130.2442, 501.0711, 1211.676)]
[125.23, [440.4, 68.58, 28.96, 23.72, 295.49, 17.74, 232.38, 22.32, 181.43, 22.79, 83.32, 23.04], (132.9189, 555.5915, 1370.458)]
[138.15, [440.4, 68.58, 28.96, 31.64, 312.61, 20.99, 223.09, 22.1, 186.25, 22.89, 75.18, 22.69], (127.8734, 504.02, 1239.617)]
[148.56, [440.4, 68.58, 28.96, 15.56, 308.23, 17.74, 231.48, 22.32, 184.77, 22.51, 81.82, 23.04], (135.5673, 548.6296, 1327.644)]
[186.09, [440.4, 68.58, 28.96, 20.46, 308.65, 21.01, 235.67, 21.56, 181.37, 22.75, 107.02, 22.52], (136.0821, 539.4515, 1357.067)]
[199.71, [440.4, 68.58, 28.96, 23.09, 297.0, 17.66, 231.48, 22.22, 184.77, 22.61, 81.82, 23.09], (135.315, 560.7644, 1374.801)]
[282.56, [440.4, 68.58, 28.96, 28.27, 312.61, 20.99, 223.09, 22.08, 186.25, 22.7, 76.53, 22.69], (137.6329, 565.6651, 1246.082)]
[319.22, [440.4, 68.58, 28.96, 19.36, 308.65, 21.01, 235.67, 21.56, 180.27, 21.9, 80.5, 23.01], (139.9726, 524.9788, 1267.848)]
[328.08, [440.4, 68.58, 28.96, 26.4, 303.53, 21.26, 271.11, 23.06, 214.96, 23.01, 70.57, 15.22], (136.3564, 583.2609, 1445.687)]
[366.01, [440.4, 68.58, 28.96, 25.29, 298.89, 21.34, 268.7, 22.95, 206.81, 23.01, 73.32, 15.15], (136.7993, 588.1716, 1462.755)]
[619.72, [440.4, 68.58, 28.96, 29.22, 297.21, 17.93, 241.13, 21.5, 181.37, 22.75, 107.02, 22.54], (141.7886, 596.5034, 1490.987)]
[717.82, [440.4, 68.58, 28.96, 20.73, 306.5, 21.18, 230.43, 22.2, 184.54, 22.75, 88.86, 22.61], (129.5749, 563.4415, 1971.984)]
[849.97, [440.4, 68.58, 28.96, 23.82, 300.43, 17.66, 241.13, 21.26, 179.32, 22.04, 84.52, 22.89], (147.5981, 584.1342, 1409.542)]
[874.85, [440.4, 68.58, 28.96, 25.29, 298.62, 21.29, 222.77, 22.35, 186.25, 22.56, 75.5, 15.43], (145.7644, 619.0164, 1509.09)]
[1528.69, [440.4, 68.58, 28.96, 20.73, 303.75, 21.18, 230.43, 22.1, 192.2, 22.61, 83.32, 22.96], (130.4021, 1240.81, 2116.627)]
[4489.36, [440.4, 68.58, 28.96, 31.3, 303.53, 21.16, 230.09, 22.08, 192.2, 22.61, 81.82, 22.96], (86.58799, 129.7834, 153.2806)]
[5902.55, [440.4, 68.58, 28.96, 29.4, 305.8, 21.0, 244.65, 21.56, 188.41, 22.75, 78.48, 22.86], (201.09, 518.1658, 1302.087)]
[8217.24, [440.4, 68.58, 28.96, 40.5, 343.74, 18.59, 265.21, 15.11, 191.0, 19.37, 94.81, 21.33], (214.7241, 728.6237, 1633.488)]
[8643.32, [440.4, 68.58, 28.96, 19.98, 308.65, 21.27, 235.67, 21.47, 182.34, 21.9, 102.18, 22.48], (48.22483, 143.4479, 550.0654)]
[8839.38, [440.4, 68.58, 28.96, 72.68, 305.66, 18.33, 273.36, 16.32, 162.62, 20.15, 85.52, 20.96], (209.7153, 1383.623, 2278.489)]
[9258.27, [440.4, 68.58, 28.96, 31.3, 301.47, 21.16, 227.36, 22.2, 184.54, 22.75, 80.61, 23.05], (43.65994, 139.2356, 570.1232)]
[12339.88, [440.4, 68.58, 28.96, 23.82, 295.49, 17.66, 239.64, 21.45, 181.37, 22.75, 107.02, 22.54], (26.1772, 47.27695, 147.5961)]
[13876.51, [440.4, 68.58, 28.96, 52.4, 365.27, 19.57, 257.4, 18.07, 181.94, 14.51, 110.6, 15.0], (250.002, 840.2714, 1855.317)]
[13916.86, [440.4, 68.58, 28.96, 28.0, 297.09, 17.74, 231.48, 22.32, 184.77, 22.61, 81.82, 23.23], (244.7256, 1301.097, 2289.269)]
[16820.1, [440.4, 68.58, 28.96, 56.96, 301.61, 16.51, 280.08, 17.45, 184.17, 14.96, 139.29, 19.44], (265.1551, 920.6169, 2159.804)]

Population size: 30
Number of couples: 13
Number of kept parents: 0
Best parent kept: True
Mutation Probability: 0.3
Mutation range (x, y): 5, 0.2

Written time: 24/03/2023 22:19:52