[10.02, [440.4, 68.58, 28.96, 25.29, 296.03, 21.2, 226.23, 22.19, 192.2, 22.62, 81.22, 22.87], (130.5547, 523.0664, 1299.611)]
[10.75, [440.4, 68.58, 28.96, 25.29, 298.89, 21.44, 223.65, 22.06, 192.2, 22.81, 88.52, 22.87], (129.8487, 522.9142, 1307.189)]
[13.93, [440.4, 68.58, 28.96, 24.89, 299.36, 21.03, 222.43, 21.81, 193.13, 22.78, 84.47, 23.16], (131.5188, 526.4836, 1303.361)]
[16.61, [440.4, 68.58, 28.96, 26.11, 298.89, 21.22, 230.23, 22.11, 192.2, 22.58, 85.92, 22.69], (131.7413, 526.7932, 1312.258)]
[20.82, [440.4, 68.58, 28.96, 25.29, 297.49, 21.03, 226.49, 22.07, 190.18, 22.89, 84.55, 22.58], (131.4752, 530.4532, 1316.356)]
[27.94, [440.4, 68.58, 28.96, 26.11, 298.89, 21.34, 223.65, 22.06, 192.2, 22.88, 86.07, 22.85], (129.2561, 521.3873, 1301.482)]
[34.8, [440.4, 68.58, 28.96, 25.29, 298.89, 21.34, 226.23, 22.07, 192.2, 22.68, 82.66, 23.0], (129.9148, 517.836, 1287.259)]
[37.04, [440.4, 68.58, 28.96, 25.29, 300.0, 20.91, 240.89, 21.81, 190.51, 22.69, 84.47, 23.16], (130.2652, 516.3209, 1282.074)]
[44.13, [440.4, 68.58, 28.96, 25.29, 298.89, 21.34, 229.51, 22.11, 192.2, 22.58, 92.23, 22.69], (132.1287, 530.9972, 1329.42)]
[51.52, [440.4, 68.58, 28.96, 25.29, 298.32, 21.16, 245.34, 21.78, 193.81, 22.65, 80.25, 23.03], (130.2102, 513.0192, 1271.521)]
[55.76, [440.4, 68.58, 28.96, 28.27, 312.61, 20.93, 221.3, 21.9, 210.41, 23.12, 82.9, 22.69], (128.4652, 522.0449, 1289.551)]
[60.03, [440.4, 68.58, 28.96, 28.27, 312.61, 20.99, 228.42, 22.06, 189.44, 22.61, 83.55, 22.87], (130.318, 511.7772, 1263.059)]
[71.69, [440.4, 68.58, 28.96, 23.48, 301.84, 20.9, 244.63, 21.82, 189.66, 22.78, 81.96, 22.95], (129.5294, 511.0382, 1263.197)]
[73.72, [440.4, 68.58, 28.96, 25.29, 293.91, 20.91, 243.39, 21.96, 190.28, 22.78, 82.14, 23.16], (128.3289, 513.8567, 1282.959)]
[78.13, [440.4, 68.58, 28.96, 28.84, 301.84, 21.44, 228.42, 22.06, 187.58, 22.69, 78.56, 22.87], (129.0597, 509.2554, 1267.214)]
[91.06, [440.4, 68.58, 28.96, 25.89, 301.84, 21.51, 232.6, 22.25, 183.79, 22.61, 86.07, 22.85], (128.4555, 508.0729, 1268.451)]
[154.07, [440.4, 68.58, 28.96, 24.89, 301.84, 21.46, 224.98, 21.9, 215.23, 23.12, 84.47, 23.28], (125.4975, 515.0153, 1284.85)]
[165.06, [440.4, 68.58, 28.96, 28.44, 301.84, 21.03, 222.43, 22.17, 190.95, 22.89, 76.54, 23.28], (126.358, 505.8547, 1254.499)]
[537.42, [440.4, 68.58, 28.96, 22.08, 300.35, 20.91, 243.39, 22.22, 190.95, 23.03, 76.54, 22.69], (125.146, 466.8737, 961.9908)]
[1031.43, [440.4, 68.58, 28.96, 24.89, 298.89, 21.03, 243.39, 22.01, 193.13, 22.69, 84.47, 23.16], (128.4454, 523.5176, 2302.86)]
[1107.17, [440.4, 68.58, 28.96, 24.43, 298.32, 21.16, 240.89, 21.94, 183.51, 22.61, 88.65, 22.69], (131.9234, 706.3573, 2220.49)]
[1948.74, [440.4, 68.58, 28.96, 48.76, 356.88, 18.22, 285.21, 15.24, 152.87, 15.94, 79.08, 16.08], (153.1429, 873.3422, 1851.595)]
[2210.13, [440.4, 68.58, 28.96, 24.43, 298.32, 21.0, 240.89, 21.78, 186.05, 22.61, 88.65, 22.69], (152.177, 841.5798, 2212.466)]
[5032.98, [440.4, 68.58, 28.96, 55.54, 324.44, 16.05, 232.36, 16.08, 185.66, 22.66, 143.76, 22.55], (186.8848, 782.6207, 1883.018)]
[6449.56, [440.4, 68.58, 28.96, 24.89, 305.45, 21.34, 228.42, 22.06, 192.2, 22.42, 83.07, 22.94], (65.59985, 131.7757, 516.3112)]
[8140.35, [440.4, 68.58, 28.96, 63.61, 360.14, 21.2, 249.26, 18.46, 220.18, 17.69, 108.17, 17.98], (213.584, 735.4168, 1705.928)]
[10156.59, [440.4, 68.58, 28.96, 22.83, 296.77, 21.34, 221.07, 22.06, 192.2, 22.81, 86.07, 22.85], (30.3602, 587.0832, 1332.891)]
[10885.27, [440.4, 68.58, 28.96, 24.89, 301.84, 21.03, 222.43, 22.07, 186.25, 22.89, 84.88, 22.58], (32.76653, 130.5911, 523.9264)]
[74822.53, [440.4, 68.58, 28.96, 25.29, 296.68, 20.76, 243.33, 22.01, 193.13, 22.97, 86.26, 23.16], (507.29, 1286.846, 2319.176)]
[76274.02, [440.4, 68.58, 28.96, 25.29, 295.72, 21.34, 223.65, 22.06, 195.51, 22.81, 86.07, 22.74], (512.1372, 1300.882, 2341.347)]

Population size: 30
Number of couples: 13
Number of kept parents: 0
Best parent kept: True
Mutation Probability: 0.3
Mutation range (x, y): 5, 0.2

Written time: 24/03/2023 22:55:54