[37.29, [440.4, 68.58, 28.96, 21.33, 297.69, 21.18, 227.02, 22.24, 186.25, 22.75, 83.32, 22.69], (129.7642, 518.9889, 1285.848)]
[56.04, [440.4, 68.58, 28.96, 9.41, 311.37, 21.24, 280.26, 23.01, 184.67, 23.04, 75.5, 15.3], (131.5965, 544.4638, 1336.026)]
[66.12, [440.4, 68.58, 28.96, 29.01, 303.53, 21.18, 227.02, 22.24, 186.25, 22.75, 83.32, 22.69], (128.7375, 514.2146, 1280.952)]
[77.8, [440.4, 68.58, 28.96, 25.48, 302.05, 21.18, 231.97, 22.24, 190.32, 22.73, 79.25, 22.59], (128.7984, 512.4751, 1269.701)]
[93.88, [440.4, 68.58, 28.96, 28.78, 308.94, 21.28, 275.21, 22.63, 177.44, 23.21, 75.5, 15.37], (131.5074, 547.8103, 1371.664)]
[95.4, [440.4, 68.58, 28.96, 17.93, 312.01, 21.34, 280.57, 23.0, 170.08, 23.21, 77.12, 15.61], (126.5409, 523.2492, 1301.029)]
[246.73, [440.4, 68.58, 28.96, 69.04, 302.55, 21.06, 280.26, 23.02, 180.13, 23.31, 75.5, 15.4], (126.8669, 548.919, 1450.808)]
[270.29, [440.4, 68.58, 28.96, 23.87, 303.51, 21.22, 235.7, 22.63, 190.93, 23.5, 75.5, 15.43], (134.5617, 583.6718, 1445.419)]
[277.47, [440.4, 68.58, 28.96, 23.87, 308.65, 21.22, 235.7, 22.63, 193.66, 22.83, 83.32, 22.69], (123.9456, 496.2382, 1237.637)]
[287.68, [440.4, 68.58, 28.96, 18.3, 340.56, 20.7, 219.81, 22.95, 210.62, 23.01, 73.32, 15.29], (137.1298, 578.5639, 1381.738)]
[289.86, [440.4, 68.58, 28.96, 65.96, 297.81, 21.04, 280.26, 23.01, 177.72, 23.47, 75.5, 15.58], (125.4032, 546.2245, 1449.191)]
[316.49, [440.4, 68.58, 28.96, 16.56, 298.6, 21.06, 237.94, 22.59, 175.61, 23.12, 83.4, 22.54], (123.1564, 495.2168, 1231.542)]
[358.85, [440.4, 68.58, 28.96, 16.59, 302.98, 20.95, 231.85, 22.82, 181.08, 23.03, 75.5, 15.25], (137.1061, 588.6069, 1443.756)]
[374.72, [440.4, 68.58, 28.96, 21.49, 305.57, 21.28, 229.84, 22.29, 177.34, 23.31, 76.91, 15.4], (137.9434, 582.1627, 1433.533)]
[384.07, [440.4, 68.58, 28.96, 22.96, 306.76, 21.14, 235.83, 22.95, 209.25, 23.01, 79.45, 22.47], (121.2822, 496.6624, 1244.883)]
[438.1, [440.4, 68.58, 28.96, 16.56, 298.6, 21.06, 237.94, 22.71, 177.46, 23.29, 85.45, 22.59], (120.6079, 490.7681, 1228.52)]
[555.79, [440.4, 68.58, 28.96, 55.09, 306.72, 20.93, 240.03, 22.3, 184.06, 23.05, 75.09, 15.43], (139.8308, 599.6966, 1516.674)]
[638.71, [440.4, 68.58, 28.96, 55.09, 304.02, 20.93, 240.03, 22.59, 181.38, 23.44, 73.05, 22.69], (116.8809, 479.3316, 1233.368)]
[726.95, [440.4, 68.58, 28.96, 13.36, 310.47, 21.24, 280.26, 22.92, 177.34, 22.9, 83.32, 22.57], (117.6668, 454.5056, 1126.582)]
[825.79, [440.4, 68.58, 28.96, 25.48, 299.07, 21.18, 227.02, 22.3, 186.25, 22.75, 77.12, 15.42], (144.9651, 616.5836, 1508.196)]
[971.2, [440.4, 68.58, 28.96, 67.87, 305.48, 21.04, 278.16, 22.76, 180.05, 23.55, 84.22, 22.31], (111.9966, 457.1566, 1219.237)]
[975.65, [440.4, 68.58, 28.96, 31.65, 308.09, 21.28, 275.21, 22.55, 184.48, 23.44, 73.61, 22.69], (113.5159, 448.6484, 1126.47)]
[1681.29, [440.4, 68.58, 28.96, 25.48, 303.62, 21.18, 227.02, 22.24, 183.86, 22.82, 83.32, 22.69], (128.6163, 1192.905, 2287.205)]
[1776.55, [440.4, 68.58, 28.96, 14.48, 309.43, 21.35, 280.26, 23.01, 177.34, 23.31, 75.5, 15.4], (100.7581, 571.4931, 1388.76)]
[5841.46, [440.4, 68.58, 28.96, 49.95, 360.22, 20.01, 277.41, 22.95, 173.07, 23.07, 83.32, 22.74], (198.6267, 675.7176, 1203.528)]
[7339.03, [440.4, 68.58, 28.96, 58.22, 298.32, 22.03, 254.68, 15.83, 158.59, 21.56, 81.38, 15.59], (207.3838, 731.3037, 1738.802)]
[7651.71, [440.4, 68.58, 28.96, 22.34, 310.99, 22.31, 229.67, 18.2, 193.18, 16.21, 103.2, 20.72], (209.401, 216.1699, 1685.94)]
[12184.43, [440.4, 68.58, 28.96, 55.09, 305.65, 21.12, 240.03, 22.63, 177.44, 23.22, 79.95, 15.27], (22.90334, 154.6188, 701.9416)]
[82081.77, [440.4, 68.58, 28.96, 23.97, 303.23, 21.21, 229.84, 22.46, 179.14, 23.32, 73.05, 22.65], (532.2691, 1257.2, 2218.723)]
[155883.64, [440.4, 68.58, 28.96, 19.2, 295.49, 17.66, 244.65, 21.47, 184.02, 21.87, 106.65, 15.51], (751.4856, 1097.46, 1987.528)]

Population size: 30
Number of couples: 13
Number of kept parents: 0
Best parent kept: True
Mutation Probability: 0.3
Mutation range (x, y): 5, 0.2

Written time: 24/03/2023 21:31:46