[328.31, [440.4, 68.58, 28.96, 43.84, 330.48, 22.65, 278.42, 22.08, 178.62, 22.33, 117.97, 17.0], (138.1125, 555.9543, 1406.523)]
[439.76, [440.4, 68.58, 28.96, 25.14, 302.52, 20.76, 235.82, 22.68, 181.1, 23.4, 98.85, 15.47], (136.5791, 605.3552, 1527.327)]
[513.68, [440.4, 68.58, 28.96, 25.14, 303.92, 20.76, 235.82, 22.89, 186.06, 23.4, 80.23, 22.22], (118.9194, 491.773, 1236.107)]
[573.05, [440.4, 68.58, 28.96, 26.69, 304.26, 21.07, 235.82, 22.89, 185.89, 23.4, 79.42, 22.22], (118.1043, 486.5064, 1224.885)]
[648.21, [440.4, 68.58, 28.96, 25.14, 302.52, 20.76, 235.82, 23.19, 186.06, 23.4, 80.23, 22.22], (116.6141, 486.9998, 1231.205)]
[1003.37, [440.4, 68.58, 28.96, 55.26, 359.59, 19.86, 278.42, 22.08, 178.96, 22.22, 135.03, 15.66], (147.9259, 607.7766, 1519.049)]
[1199.13, [440.4, 68.58, 28.96, 24.6, 315.52, 19.45, 278.42, 22.08, 182.8, 22.22, 117.4, 17.19], (150.544, 620.1051, 1533.959)]
[1637.23, [440.4, 68.58, 28.96, 44.56, 324.32, 22.47, 218.51, 20.42, 202.55, 20.84, 120.9, 22.47], (157.4316, 596.4322, 1498.845)]
[2310.21, [440.4, 68.58, 28.96, 25.14, 303.92, 20.27, 238.33, 22.89, 186.06, 17.88, 85.22, 22.37], (165.8581, 612.7023, 1454.26)]
[3424.35, [440.4, 68.58, 28.96, 57.31, 353.09, 20.19, 282.68, 22.44, 179.98, 17.57, 91.19, 16.91], (176.7467, 646.7422, 1495.861)]
[4058.8, [440.4, 68.58, 28.96, 72.81, 299.94, 19.06, 236.06, 22.89, 186.06, 17.78, 81.14, 18.73], (179.6913, 718.2721, 1754.678)]
[4165.93, [440.4, 68.58, 28.96, 28.22, 308.83, 20.18, 235.82, 23.13, 191.33, 16.97, 117.97, 17.0], (180.6951, 744.3599, 1729.921)]
[4190.24, [440.4, 68.58, 28.96, 21.5, 303.92, 20.63, 247.18, 19.91, 146.8, 21.33, 85.22, 22.23], (161.8434, 1819.592, 2473.485)]
[4278.22, [440.4, 68.58, 28.96, 28.22, 303.4, 20.02, 226.13, 16.67, 205.03, 15.12, 77.18, 15.82], (79.86972, 260.9375, 1687.978)]
[4279.79, [440.4, 68.58, 28.96, 25.51, 303.92, 20.27, 239.06, 22.89, 189.95, 17.78, 127.28, 15.75], (181.0456, 763.405, 1787.53)]
[4345.3, [440.4, 68.58, 28.96, 58.26, 321.7, 20.1, 263.64, 21.28, 175.73, 17.61, 123.34, 21.79], (183.8283, 668.9058, 1647.645)]
[4389.77, [440.4, 68.58, 28.96, 33.87, 312.61, 16.69, 273.78, 22.08, 177.88, 16.83, 84.17, 22.55], (76.03774, 190.1114, 1310.823)]
[5193.34, [440.4, 68.58, 28.96, 25.14, 299.56, 16.34, 264.05, 22.42, 191.84, 17.34, 123.42, 22.37], (190.3475, 710.9411, 1720.18)]
[5278.8, [440.4, 68.58, 28.96, 21.5, 303.92, 20.6, 284.84, 22.08, 179.65, 17.28, 98.85, 15.85], (191.4267, 718.5707, 1672.541)]
[6890.72, [440.4, 68.58, 28.96, 23.16, 303.92, 20.76, 235.82, 22.89, 186.06, 23.4, 94.19, 15.47], (56.5109, 153.0739, 1423.93)]
[7981.31, [440.4, 68.58, 28.96, 21.5, 303.92, 20.6, 273.78, 22.08, 177.79, 17.28, 84.17, 22.55], (48.62909, 176.0276, 1491.803)]
[9564.86, [440.4, 68.58, 28.96, 17.92, 305.76, 20.76, 233.23, 22.89, 190.45, 23.4, 80.23, 22.22], (44.13919, 119.9975, 215.7496)]
[12188.55, [440.4, 68.58, 28.96, 60.41, 356.38, 20.83, 291.79, 18.34, 182.34, 19.52, 139.16, 16.59], (22.3459, 205.7226, 733.6909)]
[12866.9, [440.4, 68.58, 28.96, 58.97, 359.59, 19.45, 264.81, 15.52, 168.85, 15.45, 125.15, 22.73], (244.7062, 768.9468, 1774.57)]
[13506.1, [440.4, 68.58, 28.96, 4.09, 354.02, 16.62, 244.42, 16.25, 191.26, 18.71, 77.13, 15.68], (248.4472, 818.0806, 1760.883)]
[18213.83, [440.4, 68.58, 28.96, 46.86, 317.48, 16.47, 227.65, 16.67, 203.86, 15.61, 78.78, 15.82], (273.6886, 924.9514, 2042.253)]
[78491.57, [440.4, 68.58, 28.96, 49.31, 358.91, 15.61, 275.8, 16.9, 149.69, 17.94, 81.68, 15.84], (515.7112, 1678.404, 3132.055)]
[93692.92, [440.4, 68.58, 28.96, 60.88, 355.43, 20.76, 240.68, 22.57, 189.31, 17.7, 78.28, 22.37], (569.0923, 1312.446, 2457.553)]
[139973.55, [440.4, 68.58, 28.96, 72.81, 299.94, 19.01, 244.32, 16.25, 191.26, 18.48, 77.13, 15.44], (706.8773, 1288.385, 2253.397)]
[140476.33, [440.4, 68.58, 28.96, 4.09, 354.02, 22.47, 222.16, 20.21, 202.55, 21.27, 123.08, 22.05], (708.4262, 1460.621, 2025.929)]

Population size: 30
Number of couples: 13
Number of kept parents: 0
Best parent kept: True
Mutation Probability: 0.3
Mutation range (x, y): 5, 0.5