[117.7, [440.4, 68.58, 28.96, 52.87, 359.19, 20.06, 283.59, 22.9, 180.59, 21.23, 122.08, 22.43], (133.6121, 506.3849, 1254.128)]
[161.06, [440.4, 68.58, 28.96, 52.87, 359.19, 20.06, 283.59, 22.73, 180.59, 23.31, 71.73, 15.44], (127.0952, 510.3729, 1231.637)]
[165.7, [440.4, 68.58, 28.96, 73.17, 332.18, 21.03, 283.36, 22.9, 180.59, 23.35, 75.5, 15.44], (124.7975, 516.6245, 1319.666)]
[186.86, [440.4, 68.58, 28.96, 50.34, 360.97, 20.06, 280.25, 22.9, 183.57, 23.31, 75.21, 15.44], (126.0673, 511.0432, 1236.859)]
[201.69, [440.4, 68.58, 28.96, 52.87, 357.43, 20.19, 284.83, 22.51, 186.89, 23.48, 135.03, 15.74], (132.1793, 567.1872, 1449.912)]
[225.67, [440.4, 68.58, 28.96, 52.87, 359.19, 20.06, 283.59, 22.9, 180.59, 23.31, 71.73, 15.44], (125.4336, 506.0747, 1224.408)]
[269.46, [440.4, 68.58, 28.96, 26.69, 327.46, 19.96, 261.31, 21.47, 179.93, 23.48, 83.37, 22.28], (125.461, 491.312, 1194.429)]
[306.98, [440.4, 68.58, 28.96, 26.8, 306.76, 21.18, 231.48, 22.54, 185.77, 22.99, 76.71, 22.53], (123.5473, 493.9856, 1226.259)]
[327.15, [440.4, 68.58, 28.96, 48.45, 327.81, 20.37, 265.48, 21.57, 180.04, 23.36, 84.46, 22.39], (123.7849, 485.4596, 1205.089)]
[341.57, [440.4, 68.58, 28.96, 26.69, 327.46, 19.96, 263.64, 21.54, 179.93, 23.48, 80.23, 22.36], (124.1593, 484.7905, 1176.656)]
[612.68, [440.4, 68.58, 28.96, 27.6, 306.33, 21.18, 235.04, 22.9, 181.17, 23.26, 81.75, 22.61], (117.7873, 479.8065, 1209.003)]
[697.72, [440.4, 68.58, 28.96, 26.61, 314.21, 20.06, 285.03, 23.07, 181.91, 23.32, 84.34, 22.46], (117.331, 454.8441, 1173.846)]
[749.88, [440.4, 68.58, 28.96, 24.6, 318.73, 20.3, 264.2, 21.6, 183.12, 23.18, 99.6, 16.44], (144.8461, 594.8215, 1460.746)]
[776.35, [440.4, 68.58, 28.96, 52.87, 306.76, 21.18, 232.71, 22.54, 185.77, 23.48, 135.7, 15.78], (138.4569, 650.3843, 1746.011)]
[839.81, [440.4, 68.58, 28.96, 35.77, 317.1, 16.14, 276.57, 22.08, 177.88, 23.19, 71.73, 15.44], (145.3887, 611.432, 1503.285)]
[856.96, [440.4, 68.58, 28.96, 44.56, 327.51, 22.47, 274.95, 21.98, 177.88, 23.48, 80.23, 22.14], (116.0366, 443.3575, 1099.073)]
[889.56, [440.4, 68.58, 28.96, 24.6, 318.73, 20.21, 264.2, 21.75, 180.91, 23.48, 128.54, 15.78], (144.4171, 623.3226, 1595.854)]
[935.68, [440.4, 68.58, 28.96, 60.75, 356.99, 16.84, 273.78, 22.08, 177.88, 21.09, 120.9, 22.26], (148.8079, 575.2394, 1428.469)]
[1045.2, [440.4, 68.58, 28.96, 40.14, 332.17, 22.64, 226.76, 20.34, 216.79, 21.7, 133.24, 22.87], (149.8054, 580.6015, 1468.288)]
[1098.77, [440.4, 68.58, 28.96, 73.17, 331.22, 21.03, 279.08, 21.57, 178.4, 22.94, 137.78, 15.34], (146.7309, 625.2357, 1669.833)]
[1223.3, [440.4, 68.58, 28.96, 26.8, 357.43, 20.19, 284.83, 22.9, 181.17, 23.26, 81.75, 22.74], (111.6855, 424.5965, 1020.03)]
[1324.77, [440.4, 68.58, 28.96, 28.01, 306.33, 21.05, 235.04, 22.07, 182.71, 22.94, 137.78, 15.34], (149.1445, 667.9165, 1703.366)]
[1553.4, [440.4, 68.58, 28.96, 32.11, 329.65, 16.99, 262.33, 18.8, 211.25, 22.01, 75.68, 22.48], (157.3513, 606.5165, 1411.134)]
[1559.07, [440.4, 68.58, 28.96, 26.69, 327.46, 19.96, 263.64, 21.62, 179.93, 23.48, 80.23, 22.34], (123.7485, 1090.289, 2112.393)]
[1761.96, [440.4, 68.58, 28.96, 53.92, 327.94, 20.24, 268.32, 21.57, 179.93, 23.36, 87.49, 22.22], (124.8475, 1188.173, 2259.467)]
[4202.94, [440.4, 68.58, 28.96, 52.87, 355.66, 20.08, 275.2, 17.69, 212.15, 19.76, 106.61, 22.38], (184.0804, 647.2441, 1499.379)]
[10990.62, [440.4, 68.58, 28.96, 24.69, 308.72, 21.34, 240.48, 16.06, 163.56, 18.94, 141.13, 17.05], (231.7241, 806.8924, 1878.138)]
[11059.2, [440.4, 68.58, 28.96, 45.54, 352.76, 19.23, 279.9, 20.77, 167.24, 17.53, 126.97, 16.95], (26.67513, 611.3563, 1652.165)]
[53344.23, [440.4, 68.58, 28.96, 44.93, 356.99, 19.93, 283.29, 23.07, 181.91, 23.29, 84.34, 22.33], (431.5395, 1046.746, 1978.481)]
[101003.3, [440.4, 68.58, 28.96, 44.56, 327.51, 22.62, 274.95, 22.53, 186.89, 23.48, 135.03, 15.74], (590.7745, 1509.857, 2678.207)]

Population size: 30
Number of couples: 13
Number of kept parents: 0
Best parent kept: True
Mutation Probability: 0.3
Mutation range (x, y): 5, 0.2