[2.69, [440.4, 68.58, 28.96, 25.29, 296.03, 21.75, 221.63, 21.99, 191.75, 22.68, 86.07, 22.85], (131.1353, 524.0866, 1308.152)]
[2.69, [440.4, 68.58, 28.96, 25.29, 296.03, 21.75, 221.63, 21.99, 191.75, 22.68, 86.07, 22.85], (131.1353, 524.0866, 1308.152)]
[4.47, [440.4, 68.58, 28.96, 23.58, 296.03, 21.2, 221.68, 22.05, 188.45, 22.79, 86.07, 22.98], (130.6503, 525.4792, 1306.546)]
[5.33, [440.4, 68.58, 28.96, 21.4, 296.03, 21.75, 221.63, 21.99, 191.75, 22.68, 88.97, 22.98], (131.1391, 523.5534, 1304.966)]
[6.07, [440.4, 68.58, 28.96, 23.58, 296.03, 21.03, 229.91, 22.06, 188.45, 22.79, 86.07, 22.85], (130.4139, 524.7538, 1306.08)]
[7.88, [440.4, 68.58, 28.96, 25.29, 296.03, 21.2, 224.26, 22.07, 188.45, 22.79, 86.07, 22.85], (130.5567, 525.9875, 1311.981)]
[11.16, [440.4, 68.58, 28.96, 27.53, 296.03, 21.2, 221.68, 22.05, 188.45, 22.79, 84.77, 22.85], (130.8047, 527.4499, 1315.081)]
[12.19, [440.4, 68.58, 28.96, 27.53, 296.03, 21.2, 221.68, 22.05, 188.45, 22.79, 86.07, 22.98], (130.4281, 526.3777, 1314.807)]
[15.16, [440.4, 68.58, 28.96, 27.53, 296.03, 21.2, 221.68, 22.05, 188.45, 22.79, 86.07, 22.88], (130.8058, 528.1051, 1318.433)]
[19.75, [440.4, 68.58, 28.96, 27.53, 296.03, 21.2, 221.68, 22.05, 188.45, 22.79, 82.17, 22.98], (129.6509, 522.7161, 1301.446)]
[21.43, [440.4, 68.58, 28.96, 23.58, 296.03, 21.2, 221.68, 21.75, 188.45, 22.79, 86.07, 23.15], (132.1929, 527.9874, 1308.612)]
[36.43, [440.4, 68.58, 28.96, 21.4, 294.43, 21.2, 222.34, 22.07, 192.2, 22.68, 85.77, 22.85], (132.2405, 531.9989, 1318.756)]
[36.87, [440.4, 68.58, 28.96, 23.58, 300.32, 20.95, 221.68, 21.99, 186.25, 22.78, 80.58, 22.56], (132.4652, 527.4546, 1296.695)]
[44.82, [440.4, 68.58, 28.96, 27.53, 296.03, 21.2, 229.67, 22.14, 190.18, 22.89, 86.07, 22.85], (128.3198, 520.3955, 1305.533)]
[47.06, [440.4, 68.58, 28.96, 26.11, 297.43, 21.03, 217.9, 22.14, 190.18, 22.78, 84.77, 22.56], (132.1413, 535.1728, 1327.956)]
[69.53, [440.4, 68.58, 28.96, 25.29, 296.03, 21.75, 222.34, 22.07, 186.25, 22.89, 84.77, 22.85], (128.3836, 514.2212, 1285.495)]
[895.13, [440.4, 68.58, 28.96, 25.29, 296.03, 21.2, 221.68, 22.05, 188.45, 22.79, 86.07, 22.58], (132.0331, 713.3029, 1999.736)]
[1320.83, [440.4, 68.58, 28.96, 25.29, 296.03, 21.75, 221.63, 21.99, 191.75, 22.68, 84.26, 22.98], (113.2427, 717.2896, 1698.426)]
[1322.39, [440.4, 68.58, 28.96, 25.29, 296.03, 21.2, 221.63, 22.07, 190.18, 22.78, 84.77, 22.12], (124.3406, 133.5194, 540.1405)]
[2251.08, [440.4, 68.58, 28.96, 20.47, 296.03, 21.2, 221.68, 22.05, 192.2, 22.52, 86.07, 22.85], (139.0498, 1402.625, 2443.44)]
[3442.97, [440.4, 68.58, 28.96, 28.46, 296.03, 21.2, 221.68, 22.05, 188.45, 22.79, 86.07, 22.98], (92.46836, 130.4867, 632.3384)]
[6477.7, [440.4, 68.58, 28.96, 23.58, 296.03, 21.2, 221.68, 22.05, 186.25, 22.89, 84.77, 22.85], (56.11787, 509.7725, 1299.536)]
[6548.16, [440.4, 68.58, 28.96, 25.29, 296.03, 21.2, 221.63, 22.07, 186.25, 22.89, 86.07, 22.98], (64.75697, 129.4706, 522.4476)]
[8920.11, [440.4, 68.58, 28.96, 27.53, 296.03, 21.2, 229.67, 22.14, 190.18, 22.89, 81.33, 22.85], (39.6549, 483.7369, 1485.241)]
[10387.39, [440.4, 68.58, 28.96, 32.42, 303.01, 17.6, 233.8, 14.98, 186.12, 21.5, 73.61, 17.56], (227.486, 899.0171, 1814.632)]
[11664.92, [440.4, 68.58, 28.96, 21.4, 291.86, 21.2, 229.67, 22.14, 190.18, 22.64, 86.07, 22.98], (27.56548, 130.9472, 526.575)]
[68284.15, [440.4, 68.58, 28.96, 23.58, 296.03, 21.2, 221.68, 21.89, 188.45, 22.79, 86.07, 22.85], (484.1956, 1330.129, 2354.871)]
[81738.07, [440.4, 68.58, 28.96, 24.79, 296.03, 21.2, 221.68, 22.05, 188.45, 22.79, 86.07, 22.58], (530.5406, 1287.113, 2364.046)]
[82906.38, [440.4, 68.58, 28.96, 26.11, 297.43, 21.03, 217.9, 22.14, 190.18, 22.78, 84.77, 22.56], (534.2758, 1325.485, 2371.19)]
[157516.21, [440.4, 68.58, 28.96, 27.53, 296.03, 21.2, 222.34, 22.07, 186.25, 22.78, 84.86, 22.56], (751.619, 1722.665, 2945.031)]

Population size: 30
Number of couples: 14
Number of kept parents: 0
Best parent kept: True
Mutation Probability: 0.05
Mutation range (x, y): 5, 0.3
Number of Parameters: 4

Written time: 25/03/2023 23:57:37