[0.82, [440.4, 68.58, 28.96, 27.53, 296.2, 21.75, 221.63, 21.99, 190.19, 22.68, 86.07, 22.89], (130.83, 522.9724, 1308.653)]
[4.6, [440.4, 68.58, 28.96, 27.53, 296.2, 21.75, 221.63, 21.99, 190.19, 22.68, 86.07, 22.96], (130.5737, 521.7749, 1306.176)]
[4.92, [440.4, 68.58, 28.96, 24.9, 299.64, 20.95, 224.26, 22.07, 188.45, 22.79, 86.07, 22.85], (130.8159, 525.9092, 1305.873)]
[4.92, [440.4, 68.58, 28.96, 24.9, 299.64, 20.95, 224.26, 22.07, 188.45, 22.79, 86.07, 22.85], (130.8159, 525.9092, 1305.873)]
[6.27, [440.4, 68.58, 28.96, 25.29, 300.32, 20.95, 221.63, 21.93, 187.0, 22.93, 86.07, 22.85], (130.8178, 526.1188, 1304.734)]
[7.35, [440.4, 68.58, 28.96, 25.42, 296.03, 21.75, 221.63, 21.99, 188.45, 22.68, 86.07, 22.89], (130.939, 521.8691, 1302.609)]
[11.51, [440.4, 68.58, 28.96, 25.42, 299.51, 21.75, 221.63, 21.99, 195.11, 22.89, 88.83, 22.56], (130.2547, 525.2221, 1313.496)]
[11.88, [440.4, 68.58, 28.96, 23.58, 296.03, 20.95, 224.26, 22.21, 188.45, 22.79, 86.07, 22.85], (130.1915, 527.0297, 1311.334)]
[16.36, [440.4, 68.58, 28.96, 20.86, 296.03, 21.75, 221.63, 21.99, 190.19, 22.68, 86.07, 22.85], (131.3957, 522.3923, 1297.077)]
[16.61, [440.4, 68.58, 28.96, 19.93, 301.5, 20.95, 222.33, 21.99, 191.75, 22.79, 87.93, 22.98], (131.5048, 526.7542, 1300.78)]
[16.61, [440.4, 68.58, 28.96, 19.93, 301.5, 20.95, 222.33, 21.99, 191.75, 22.79, 87.93, 22.98], (131.5048, 526.7542, 1300.78)]
[18.49, [440.4, 68.58, 28.96, 24.9, 299.64, 20.95, 222.33, 21.99, 191.75, 22.79, 87.93, 22.98], (131.3351, 529.6781, 1316.424)]
[21.41, [440.4, 68.58, 28.96, 25.29, 296.03, 21.75, 221.63, 21.99, 188.45, 22.79, 86.07, 22.89], (129.9625, 519.6238, 1298.193)]
[24.29, [440.4, 68.58, 28.96, 25.29, 298.56, 21.85, 221.63, 21.99, 195.11, 22.89, 88.83, 22.56], (130.094, 524.5771, 1325.001)]
[24.69, [440.4, 68.58, 28.96, 28.57, 298.56, 21.75, 221.63, 21.99, 195.11, 22.84, 86.07, 22.85], (129.3088, 520.4074, 1304.728)]
[27.48, [440.4, 68.58, 28.96, 25.42, 296.03, 21.75, 221.63, 22.01, 195.11, 22.89, 86.07, 22.85], (129.1303, 521.2156, 1304.51)]
[42.99, [440.4, 68.58, 28.96, 24.9, 299.64, 20.95, 224.26, 22.07, 188.45, 22.79, 88.83, 22.56], (132.1306, 533.3926, 1325.855)]
[51.34, [440.4, 68.58, 28.96, 25.29, 298.56, 21.75, 221.63, 21.99, 188.45, 22.79, 86.07, 23.02], (129.2411, 514.647, 1285.107)]
[84.59, [440.4, 68.58, 28.96, 25.42, 296.03, 21.75, 224.26, 22.07, 188.45, 22.79, 86.07, 22.85], (129.1699, 583.4182, 1304.764)]
[283.51, [440.4, 68.58, 28.96, 66.75, 320.35, 22.56, 289.02, 21.48, 193.8, 21.23, 86.07, 22.85], (138.4912, 502.3932, 1258.235)]
[678.72, [440.4, 68.58, 28.96, 27.53, 296.2, 21.75, 223.87, 21.99, 190.19, 22.68, 131.82, 21.0], (141.6477, 604.8077, 1548.66)]
[820.56, [440.4, 68.58, 28.96, 27.53, 296.2, 21.75, 221.63, 21.99, 188.45, 22.79, 86.07, 22.89], (129.9635, 876.5767, 1767.54)]
[852.34, [440.4, 68.58, 28.96, 24.9, 299.64, 20.95, 221.63, 21.99, 188.45, 22.79, 86.07, 22.89], (131.59, 457.4527, 528.4424)]
[3383.09, [440.4, 68.58, 28.96, 51.14, 297.33, 17.01, 229.62, 18.02, 160.37, 14.72, 90.11, 22.95], (85.42654, 252.649, 1362.96)]
[11081.34, [440.4, 68.58, 28.96, 25.42, 296.76, 21.94, 221.63, 21.99, 188.45, 22.79, 86.07, 22.85], (31.50829, 129.5175, 516.417)]
[11192.89, [440.4, 68.58, 28.96, 25.42, 294.1, 21.75, 221.63, 21.99, 188.45, 22.79, 86.07, 22.89], (27.56352, 130.2794, 999.5695)]
[11881.54, [440.4, 68.58, 28.96, 25.42, 296.03, 21.89, 224.26, 22.07, 188.45, 22.79, 86.07, 22.89], (26.24314, 128.7937, 514.3012)]
[12699.04, [440.4, 68.58, 28.96, 25.42, 296.03, 21.75, 224.26, 22.07, 188.45, 22.55, 86.07, 22.85], (20.91351, 131.331, 522.0984)]
[46245.01, [440.4, 68.58, 28.96, 27.53, 296.2, 21.75, 221.63, 21.99, 190.19, 22.68, 89.64, 22.85], (400.7052, 1343.5, 2393.936)]
[76957.61, [440.4, 68.58, 28.96, 25.42, 296.03, 21.94, 221.63, 21.99, 188.45, 22.79, 86.07, 22.85], (514.5617, 1293.088, 2321.438)]

Population size: 30
Number of couples: 14
Number of kept parents: 0
Best parent kept: True
Mutation Probability: 0.05
Mutation range (x, y): 5, 0.3
Number of Parameters: 4

Written time: 26/03/2023 10:43:20