[6.28, [440.4, 68.58, 28.96, 21.4, 297.49, 21.03, 226.49, 22.14, 190.18, 22.89, 84.55, 22.46], (130.6522, 527.7051, 1306.951)]
[9.57, [440.4, 68.58, 28.96, 25.29, 296.03, 21.2, 222.34, 22.19, 192.2, 22.62, 81.22, 22.99], (130.574, 523.5579, 1300.037)]
[10.69, [440.4, 68.58, 28.96, 22.79, 296.03, 21.2, 226.23, 22.13, 192.2, 22.72, 81.22, 22.71], (130.8361, 524.4385, 1298.66)]
[11.35, [440.4, 68.58, 28.96, 26.11, 297.43, 21.51, 221.63, 22.05, 189.45, 22.79, 86.07, 22.85], (130.0992, 522.2631, 1303.797)]
[17.35, [440.4, 68.58, 28.96, 22.83, 296.77, 21.34, 223.25, 22.06, 187.58, 22.69, 83.25, 22.87], (131.1046, 522.1282, 1293.476)]
[26.75, [440.4, 68.58, 28.96, 24.89, 299.36, 21.03, 222.43, 21.71, 193.13, 22.78, 82.94, 23.16], (132.0929, 526.9143, 1299.52)]
[27.03, [440.4, 68.58, 28.96, 25.29, 298.89, 21.46, 221.44, 22.07, 187.86, 22.55, 82.66, 23.0], (131.3127, 519.5506, 1288.337)]
[32.82, [440.4, 68.58, 28.96, 26.33, 299.36, 20.91, 240.89, 21.81, 190.05, 22.69, 84.47, 23.16], (130.2649, 516.9906, 1285.63)]
[55.79, [440.4, 68.58, 28.96, 31.86, 312.61, 20.99, 228.42, 22.11, 193.12, 22.61, 83.55, 22.87], (129.8009, 513.0871, 1272.683)]
[58.8, [440.4, 68.58, 28.96, 29.15, 301.84, 21.46, 222.63, 22.06, 188.1, 22.88, 86.07, 22.85], (128.6065, 515.5779, 1289.779)]
[61.64, [440.4, 68.58, 28.96, 23.95, 298.89, 21.57, 223.65, 22.06, 192.2, 22.81, 88.52, 23.16], (128.4929, 515.4634, 1289.621)]
[62.18, [440.4, 68.58, 28.96, 27.53, 297.05, 21.44, 223.65, 22.06, 192.2, 23.01, 88.52, 22.98], (127.6302, 519.5057, 1306.48)]
[71.25, [440.4, 68.58, 28.96, 25.29, 300.0, 21.51, 232.6, 22.25, 187.55, 22.61, 86.07, 22.85], (128.7375, 511.5282, 1278.504)]
[77.66, [440.4, 68.58, 28.96, 25.29, 303.16, 21.16, 245.34, 21.88, 193.81, 22.65, 80.25, 23.03], (129.1291, 520.0296, 1255.539)]
[117.86, [440.4, 68.58, 28.96, 24.89, 305.45, 21.34, 228.42, 22.06, 193.13, 22.78, 84.47, 23.16], (127.7656, 506.9261, 1259.79)]
[128.82, [440.4, 68.58, 28.96, 28.27, 316.75, 20.92, 228.42, 22.06, 189.44, 22.69, 83.55, 23.16], (128.335, 502.52, 1239.052)]
[154.07, [440.4, 68.58, 28.96, 24.89, 301.84, 21.46, 224.98, 21.9, 215.23, 23.12, 84.47, 23.28], (125.4975, 515.0153, 1284.85)]
[1231.06, [440.4, 68.58, 28.96, 41.62, 307.24, 21.07, 260.37, 20.65, 208.36, 21.38, 113.62, 22.72], (152.1049, 592.2021, 1487.766)]
[1349.31, [440.4, 68.58, 28.96, 26.11, 298.89, 21.34, 223.65, 21.9, 219.6, 23.15, 84.47, 23.48], (124.7518, 707.1531, 2324.312)]
[1828.4, [440.4, 68.58, 28.96, 25.29, 298.73, 21.1, 226.23, 22.19, 189.66, 22.78, 81.96, 22.95], (129.5973, 1297.751, 2348.628)]
[2670.14, [440.4, 68.58, 28.96, 24.89, 296.57, 21.08, 222.43, 21.81, 194.29, 22.42, 82.35, 22.94], (169.3296, 623.4886, 1487.627)]
[4277.26, [440.4, 68.58, 28.96, 23.48, 301.63, 20.9, 244.63, 21.82, 192.2, 22.62, 81.22, 22.87], (85.07148, 131.3664, 516.365)]
[4960.95, [440.4, 68.58, 28.96, 25.83, 298.89, 21.36, 233.55, 22.11, 192.2, 22.58, 85.92, 22.69], (68.39488, 534.3538, 1326.629)]
[7505.12, [440.4, 68.58, 28.96, 31.53, 321.74, 19.14, 263.77, 21.23, 180.78, 16.57, 75.13, 15.45], (54.7027, 206.9386, 759.2778)]
[8082.1, [440.4, 68.58, 28.96, 63.09, 363.2, 21.2, 249.26, 18.46, 220.18, 17.69, 108.17, 17.98], (213.2725, 732.2537, 1693.315)]
[9466.95, [440.4, 68.58, 28.96, 30.54, 311.44, 20.57, 226.23, 17.77, 163.58, 17.66, 145.48, 19.88], (221.7748, 785.2536, 1837.693)]
[11657.49, [440.4, 68.58, 28.96, 24.91, 300.59, 21.46, 229.66, 21.8, 210.33, 23.12, 84.47, 23.28], (23.75967, 127.5596, 1122.772)]
[40017.52, [440.4, 68.58, 28.96, 28.84, 301.84, 21.44, 228.42, 22.06, 192.2, 22.81, 86.07, 22.85], (378.8431, 1146.41, 1640.3)]
[204978.03, [440.4, 68.58, 28.96, 21.29, 296.68, 20.76, 244.44, 22.01, 188.83, 22.97, 86.26, 22.87], (871.8513, 2288.083, 2795.747)]
[294038.49, [440.4, 68.58, 28.96, 24.89, 298.89, 21.14, 244.01, 22.16, 193.13, 22.69, 84.47, 22.87], (1075.224, 2283.544, 3356.822)]

Population size: 30
Number of couples: 13
Number of kept parents: 0
Best parent kept: True
Mutation Probability: 0.3
Mutation range (x, y): 5, 0.2

Written time: 24/03/2023 23:04:47