[1.2, [440.4, 68.58, 28.96, 27.53, 296.03, 21.75, 221.63, 21.99, 190.19, 22.68, 86.07, 22.89], (130.8478, 523.1499, 1309.165)]
[8.1, [440.4, 68.58, 28.96, 24.9, 296.66, 21.75, 221.63, 21.93, 191.03, 22.68, 86.07, 22.89], (131.3812, 523.2646, 1304.326)]
[8.11, [440.4, 68.58, 28.96, 24.9, 296.66, 21.75, 221.63, 21.99, 192.11, 22.62, 86.07, 22.89], (131.479, 523.8815, 1306.084)]
[9.25, [440.4, 68.58, 28.96, 27.53, 296.19, 21.75, 221.63, 21.99, 188.45, 22.79, 86.07, 22.56], (130.9968, 525.5775, 1314.27)]
[10.32, [440.4, 68.58, 28.96, 24.9, 295.02, 21.75, 221.63, 21.99, 188.45, 22.79, 86.07, 22.56], (131.2568, 526.2311, 1312.515)]
[10.78, [440.4, 68.58, 28.96, 27.53, 296.19, 21.75, 221.63, 21.93, 191.03, 22.68, 86.07, 22.86], (131.4045, 524.9893, 1312.627)]
[11.05, [440.4, 68.58, 28.96, 24.9, 296.66, 21.75, 221.63, 21.99, 192.21, 22.86, 87.87, 22.56], (130.6908, 526.4623, 1315.545)]
[13.66, [440.4, 68.58, 28.96, 24.9, 296.66, 21.75, 221.63, 21.95, 194.15, 22.89, 88.83, 22.85], (129.7628, 523.4455, 1310.834)]
[15.64, [440.4, 68.58, 28.96, 24.9, 299.64, 21.74, 221.63, 21.99, 192.11, 22.62, 86.07, 22.85], (131.3489, 521.4936, 1298.173)]
[16.16, [440.4, 68.58, 28.96, 24.9, 296.66, 21.75, 221.63, 21.99, 195.11, 22.86, 87.87, 22.56], (130.7538, 527.939, 1319.463)]
[16.57, [440.4, 68.58, 28.96, 24.9, 296.66, 21.75, 221.63, 21.95, 192.11, 22.89, 88.83, 22.89], (129.5877, 521.7372, 1306.641)]
[16.78, [440.4, 68.58, 28.96, 27.53, 296.19, 21.75, 221.63, 21.99, 192.11, 22.79, 86.07, 22.56], (131.0742, 527.4216, 1319.402)]
[17.11, [440.4, 68.58, 28.96, 24.9, 296.66, 21.75, 221.63, 21.85, 190.19, 22.68, 87.18, 22.89], (132.0673, 525.2995, 1309.149)]
[18.0, [440.4, 68.58, 28.96, 24.9, 299.64, 21.74, 221.63, 21.93, 191.03, 22.68, 86.07, 22.89], (131.1086, 520.1937, 1294.797)]
[19.07, [440.4, 68.58, 28.96, 24.9, 296.66, 21.66, 221.63, 21.85, 190.19, 22.68, 86.07, 22.89], (132.2097, 525.7868, 1308.155)]
[19.48, [440.4, 68.58, 28.96, 24.9, 296.66, 22.01, 224.21, 21.93, 190.19, 22.68, 87.18, 22.89], (130.4836, 518.0487, 1295.74)]
[22.02, [440.4, 68.58, 28.96, 24.9, 296.66, 21.66, 221.63, 21.85, 190.19, 22.68, 83.25, 22.89], (131.9768, 523.3179, 1298.732)]
[22.23, [440.4, 68.58, 28.96, 24.9, 299.64, 21.85, 221.63, 21.85, 192.11, 22.89, 88.83, 22.85], (129.9337, 519.3267, 1298.071)]
[22.53, [440.4, 68.58, 28.96, 27.78, 296.66, 21.75, 221.63, 21.95, 192.11, 22.89, 88.83, 22.56], (130.6641, 528.1757, 1325.161)]
[26.87, [440.4, 68.58, 28.96, 24.9, 296.66, 21.75, 221.63, 21.85, 190.19, 22.95, 86.07, 22.85], (129.6821, 519.6461, 1296.892)]
[27.37, [440.4, 68.58, 28.96, 24.9, 296.66, 21.75, 216.5, 21.93, 190.09, 22.89, 88.83, 22.56], (131.5329, 529.9172, 1322.728)]
[27.37, [440.4, 68.58, 28.96, 24.9, 296.66, 21.75, 216.5, 21.93, 190.09, 22.89, 88.83, 22.56], (131.5329, 529.9172, 1322.728)]
[29.32, [440.4, 68.58, 28.96, 29.67, 296.66, 21.75, 221.63, 21.99, 195.11, 22.86, 87.87, 22.56], (130.5155, 529.1421, 1329.94)]
[36.3, [440.4, 68.58, 28.96, 27.53, 296.19, 21.75, 221.63, 21.93, 188.06, 22.51, 86.07, 22.89], (132.7667, 526.4636, 1313.911)]
[1675.2, [440.4, 68.58, 28.96, 27.53, 296.19, 21.75, 221.63, 21.99, 188.45, 22.79, 86.07, 22.56], (131.1818, 1444.433, 2059.905)]
[1846.43, [440.4, 68.58, 28.96, 24.9, 296.66, 21.75, 216.5, 21.93, 193.24, 22.68, 86.07, 22.85], (99.5569, 529.2162, 1215.105)]
[4857.64, [440.4, 68.58, 28.96, 27.53, 296.03, 21.75, 221.63, 21.99, 190.19, 22.68, 86.07, 22.89], (72.63395, 134.9525, 1276.405)]
[8565.1, [440.4, 68.58, 28.96, 68.63, 355.01, 15.59, 249.56, 16.87, 164.73, 20.21, 100.99, 18.97], (215.9903, 766.3913, 1768.947)]
[8899.05, [440.4, 68.58, 28.96, 24.9, 296.66, 21.75, 221.63, 21.99, 188.45, 22.79, 86.07, 22.56], (46.60221, 131.1216, 528.9342)]
[11796.86, [440.4, 68.58, 28.96, 24.9, 296.66, 21.75, 221.63, 21.95, 192.11, 22.89, 88.83, 22.85], (23.07157, 828.4251, 1616.412)]

Population size: 30
Number of couples: 14
Number of kept parents: 0
Best parent kept: True
Mutation Probability: 0.05
Mutation range (x, y): 5, 0.3
Number of Parameters: 4

Written time: 26/03/2023 12:26:02