[66.53, [440.4, 68.58, 28.96, 19.74, 308.72, 21.34, 279.54, 22.79, 180.59, 23.35, 75.5, 15.44], (129.2144, 538.5392, 1339.157)]
[69.22, [440.4, 68.58, 28.96, 60.95, 332.18, 20.97, 283.83, 23.01, 180.59, 23.0, 71.73, 15.42], (129.5243, 561.7168, 1324.254)]
[133.06, [440.4, 68.58, 28.96, 64.88, 328.96, 20.97, 286.3, 23.01, 180.59, 23.19, 71.73, 15.42], (125.4039, 517.8369, 1309.97)]
[166.11, [440.4, 68.58, 28.96, 22.61, 302.63, 21.18, 231.48, 22.44, 185.77, 22.79, 77.38, 22.57], (126.7282, 503.5355, 1244.294)]
[273.87, [440.4, 68.58, 28.96, 57.03, 306.76, 21.25, 231.48, 22.54, 185.77, 22.98, 77.38, 22.47], (122.8366, 499.2788, 1283.509)]
[273.92, [440.4, 68.58, 28.96, 26.69, 323.42, 19.96, 230.96, 22.54, 185.77, 22.94, 79.26, 22.77], (124.6966, 495.4408, 1213.291)]
[290.19, [440.4, 68.58, 28.96, 28.21, 312.84, 21.34, 280.84, 23.0, 186.89, 23.41, 132.38, 15.68], (129.9356, 584.9003, 1528.449)]
[381.3, [440.4, 68.58, 28.96, 62.52, 306.96, 21.43, 230.96, 22.54, 182.85, 23.07, 78.53, 22.71], (120.8404, 490.568, 1274.438)]
[389.32, [440.4, 68.58, 28.96, 55.46, 304.65, 21.23, 235.91, 22.71, 186.51, 23.08, 78.97, 22.47], (120.4726, 494.5754, 1279.999)]
[477.57, [440.4, 68.58, 28.96, 55.46, 308.21, 21.29, 233.12, 22.71, 188.01, 23.24, 76.09, 22.3], (119.2073, 489.3936, 1259.788)]
[582.33, [440.4, 68.58, 28.96, 52.87, 357.3, 19.93, 237.66, 22.64, 189.68, 22.99, 79.92, 22.71], (119.8867, 467.5128, 1142.707)]
[600.56, [440.4, 68.58, 28.96, 26.69, 324.12, 19.99, 266.36, 21.67, 179.16, 23.66, 77.92, 22.79], (119.4141, 469.5498, 1146.122)]
[669.18, [440.4, 68.58, 28.96, 54.71, 350.73, 20.1, 284.83, 21.68, 186.89, 23.41, 135.03, 15.68], (142.058, 599.9685, 1523.508)]
[701.74, [440.4, 68.58, 28.96, 25.44, 323.88, 20.06, 261.99, 22.51, 175.94, 23.48, 83.59, 22.41], (117.3808, 466.8174, 1155.114)]
[757.26, [440.4, 68.58, 28.96, 62.49, 310.79, 21.25, 261.99, 22.51, 175.94, 23.48, 83.59, 22.36], (115.3439, 465.9761, 1216.562)]
[852.69, [440.4, 68.58, 28.96, 19.74, 308.72, 21.07, 283.83, 22.73, 178.19, 23.26, 78.99, 22.36], (115.528, 451.5742, 1124.704)]
[1051.12, [440.4, 68.58, 28.96, 22.61, 306.76, 21.18, 231.48, 22.54, 185.77, 22.98, 77.38, 22.47], (124.1716, 557.5621, 2153.781)]
[1468.55, [440.4, 68.58, 28.96, 26.8, 357.43, 21.23, 233.68, 22.57, 189.5, 22.81, 76.71, 22.25], (121.7263, 153.8651, 482.8795)]
[1945.48, [440.4, 68.58, 28.96, 56.47, 306.98, 19.46, 283.26, 21.31, 191.52, 20.97, 110.32, 20.64], (159.9139, 624.4551, 1582.551)]
[2540.11, [440.4, 68.58, 28.96, 68.55, 332.18, 21.33, 279.54, 22.9, 185.48, 23.35, 79.81, 15.57], (104.4317, 125.0316, 521.2517)]
[8867.11, [440.4, 68.58, 28.96, 26.8, 306.47, 21.35, 276.04, 17.66, 212.15, 19.64, 104.42, 15.34], (217.9321, 778.2613, 1788.741)]
[9172.39, [440.4, 68.58, 28.96, 52.87, 354.09, 19.93, 278.69, 17.49, 212.15, 19.64, 104.42, 15.39], (39.47304, 471.0872, 917.4438)]
[9305.72, [440.4, 68.58, 28.96, 24.74, 323.42, 19.84, 266.36, 21.67, 177.23, 23.85, 82.55, 22.63], (36.99619, 459.3729, 1153.294)]
[10605.35, [440.4, 68.58, 28.96, 21.55, 308.72, 21.34, 279.54, 22.9, 177.17, 23.31, 75.5, 15.44], (34.61048, 127.8594, 533.9911)]
[10617.47, [440.4, 68.58, 28.96, 29.21, 346.79, 20.0, 269.03, 15.24, 206.76, 17.1, 74.84, 21.17], (231.6346, 727.1295, 1598.231)]
[14440.61, [440.4, 68.58, 28.96, 72.52, 331.63, 14.59, 248.64, 18.97, 178.09, 15.15, 135.46, 20.18], (251.5004, 895.3665, 2118.175)]
[23077.32, [440.4, 68.58, 28.96, 26.69, 324.12, 19.96, 261.99, 22.51, 174.29, 23.48, 83.59, 22.36], (299.6696, 933.9729, 2032.684)]
[66609.18, [440.4, 68.58, 28.96, 26.61, 311.48, 21.18, 235.99, 22.54, 185.77, 23.07, 75.91, 22.46], (479.4344, 1170.62, 2177.43)]
[82379.36, [440.4, 68.58, 28.96, 49.76, 350.73, 20.1, 288.22, 21.54, 177.05, 23.35, 75.5, 15.43], (532.6319, 1298.691, 2365.765)]
[424964.13, [440.4, 68.58, 28.96, 34.78, 319.18, 22.54, 229.14, 16.42, 196.83, 19.89, 95.83, 19.33], (1343.465, 1633.113, 2878.735)]

Population size: 30
Number of couples: 13
Number of kept parents: 0
Best parent kept: True
Mutation Probability: 0.3
Mutation range (x, y): 5, 0.2