[79.15, [440.4, 68.58, 28.96, 21.55, 313.18, 21.39, 279.54, 22.9, 177.17, 23.31, 75.5, 15.44], (127.3006, 528.7392, 1315.961)]
[186.13, [440.4, 68.58, 28.96, 62.52, 302.63, 21.18, 235.74, 22.44, 183.68, 22.88, 83.32, 22.54], (124.7653, 509.7511, 1332.036)]
[232.43, [440.4, 68.58, 28.96, 26.74, 304.76, 21.18, 237.71, 22.44, 183.68, 22.87, 83.32, 22.68], (124.8777, 498.3906, 1245.159)]
[276.33, [440.4, 68.58, 28.96, 17.16, 305.24, 21.43, 227.76, 22.54, 178.91, 22.96, 77.38, 22.41], (124.7335, 493.0546, 1211.897)]
[290.04, [440.4, 68.58, 28.96, 19.81, 306.97, 21.18, 231.66, 22.6, 185.77, 22.98, 77.31, 22.39], (124.1098, 494.6645, 1220.23)]
[302.83, [440.4, 68.58, 28.96, 22.61, 309.85, 21.18, 235.81, 22.54, 185.77, 22.9, 76.87, 22.47], (124.1249, 490.8149, 1210.701)]
[330.42, [440.4, 68.58, 28.96, 22.61, 310.87, 21.24, 235.53, 22.54, 185.77, 22.98, 79.04, 22.47], (123.3476, 489.118, 1215.819)]
[334.12, [440.4, 68.58, 28.96, 53.39, 308.21, 21.14, 236.12, 22.54, 182.9, 22.98, 77.38, 22.56], (122.1428, 492.9881, 1259.566)]
[335.57, [440.4, 68.58, 28.96, 62.52, 304.82, 21.38, 230.96, 22.54, 182.85, 23.07, 78.53, 22.62], (121.4283, 495.1208, 1288.183)]
[357.34, [440.4, 68.58, 28.96, 62.52, 308.2, 21.47, 230.96, 22.54, 184.21, 23.01, 74.12, 22.49], (121.5639, 490.7392, 1264.593)]
[406.24, [440.4, 68.58, 28.96, 26.74, 306.96, 21.43, 230.96, 22.54, 182.85, 23.07, 78.53, 22.71], (121.7765, 485.9658, 1210.818)]
[411.63, [440.4, 68.58, 28.96, 19.81, 306.76, 21.18, 235.83, 22.82, 188.99, 23.03, 79.45, 22.47], (121.4568, 488.6118, 1217.322)]
[418.02, [440.4, 68.58, 28.96, 26.74, 302.63, 19.89, 270.9, 21.6, 182.19, 23.49, 70.19, 22.74], (121.8888, 484.627, 1195.334)]
[421.13, [440.4, 68.58, 28.96, 27.6, 323.88, 21.23, 231.66, 22.54, 185.77, 22.98, 77.31, 22.45], (122.3349, 479.4564, 1177.654)]
[456.0, [440.4, 68.58, 28.96, 54.37, 308.21, 21.26, 233.12, 22.54, 186.66, 23.24, 77.38, 22.6], (119.7337, 488.6239, 1255.543)]
[472.44, [440.4, 68.58, 28.96, 55.46, 308.21, 21.29, 233.12, 22.71, 188.01, 23.25, 81.48, 22.47], (119.0077, 490.9829, 1273.579)]
[498.86, [440.4, 68.58, 28.96, 28.67, 319.71, 19.98, 268.74, 21.67, 181.82, 23.49, 69.97, 22.57], (121.2866, 473.9475, 1152.606)]
[674.58, [440.4, 68.58, 28.96, 25.74, 323.88, 19.93, 261.99, 22.43, 175.94, 23.48, 83.59, 22.52], (117.7962, 468.3508, 1158.08)]
[1316.4, [440.4, 68.58, 28.96, 41.38, 311.94, 18.49, 249.85, 21.36, 165.99, 20.01, 84.98, 21.18], (108.5148, 611.7016, 1483.137)]
[1362.48, [440.4, 68.58, 28.96, 19.81, 306.76, 21.18, 235.9, 22.54, 183.19, 22.98, 75.14, 22.3], (125.4967, 906.5839, 2164.701)]
[1771.59, [440.4, 68.58, 28.96, 24.14, 306.76, 21.07, 231.48, 22.76, 188.01, 23.24, 71.52, 22.2], (121.5058, 1167.329, 2151.698)]
[2109.47, [440.4, 68.58, 28.96, 24.44, 319.71, 19.98, 266.36, 21.83, 179.16, 23.67, 74.12, 22.57], (165.257, 584.0008, 1280.898)]
[3076.46, [440.4, 68.58, 28.96, 55.46, 306.13, 21.29, 236.89, 22.4, 187.03, 22.98, 73.35, 22.3], (126.1762, 2166.568, 2641.431)]
[5984.11, [440.4, 68.58, 28.96, 28.67, 319.71, 21.35, 235.74, 22.44, 183.68, 22.94, 83.32, 22.7], (69.87494, 122.6651, 481.6026)]
[6478.91, [440.4, 68.58, 28.96, 34.28, 311.47, 20.52, 271.51, 19.93, 202.44, 18.82, 107.75, 17.16], (200.7625, 734.545, 1725.46)]
[12758.65, [440.4, 68.58, 28.96, 21.28, 364.72, 15.96, 271.68, 17.69, 189.85, 15.15, 125.8, 21.69], (244.0821, 784.9049, 1750.129)]
[22002.51, [440.4, 68.58, 28.96, 25.71, 319.71, 19.98, 266.36, 21.67, 176.17, 23.36, 74.13, 22.62], (298.2021, 700.9237, 1139.914)]
[78875.29, [440.4, 68.58, 28.96, 62.49, 308.72, 21.39, 277.42, 22.9, 177.17, 23.31, 74.71, 15.44], (519.8176, 1394.922, 2587.598)]
[132489.02, [440.4, 68.58, 28.96, 21.55, 308.72, 21.39, 275.82, 22.9, 177.17, 23.14, 77.3, 15.44], (683.3241, 1672.652, 2776.955)]
[280731.14, [440.4, 68.58, 28.96, 29.2, 302.63, 21.1, 235.71, 22.36, 185.62, 22.92, 83.32, 22.71], (1046.668, 2305.382, 3091.062)]

Population size: 30
Number of couples: 13
Number of kept parents: 0
Best parent kept: True
Mutation Probability: 0.3
Mutation range (x, y): 5, 0.2