[1.06, [440.4, 68.58, 28.96, 27.53, 296.03, 21.75, 221.63, 21.99, 188.45, 22.68, 86.07, 22.85], (130.9691, 523.0245, 1308.347)]
[2.24, [440.4, 68.58, 28.96, 25.29, 296.03, 21.75, 221.63, 21.99, 195.11, 22.68, 86.07, 23.0], (130.6174, 523.0668, 1306.941)]
[3.16, [440.4, 68.58, 28.96, 23.58, 296.03, 21.75, 224.43, 21.99, 195.75, 22.68, 86.07, 22.85], (130.9792, 523.8289, 1306.221)]
[5.23, [440.4, 68.58, 28.96, 23.58, 296.03, 21.03, 229.91, 22.06, 188.45, 22.68, 86.07, 23.03], (130.7651, 523.9078, 1303.665)]
[5.69, [440.4, 68.58, 28.96, 25.29, 300.32, 20.95, 224.26, 22.07, 188.45, 22.79, 86.07, 22.85], (130.7348, 525.3212, 1304.731)]
[6.07, [440.4, 68.58, 28.96, 23.58, 296.03, 21.03, 229.91, 22.06, 188.45, 22.79, 86.07, 22.85], (130.4139, 524.7538, 1306.08)]
[6.44, [440.4, 68.58, 28.96, 23.58, 296.03, 21.75, 221.84, 21.99, 195.75, 22.68, 86.07, 22.85], (131.2691, 525.4265, 1309.317)]
[6.96, [440.4, 68.58, 28.96, 25.29, 296.03, 21.75, 221.63, 22.01, 195.11, 22.68, 86.07, 22.85], (131.0414, 525.3325, 1311.921)]
[9.42, [440.4, 68.58, 28.96, 25.42, 296.03, 21.75, 221.63, 21.99, 195.11, 22.68, 86.07, 22.85], (131.1807, 525.7387, 1312.833)]
[13.1, [440.4, 68.58, 28.96, 27.53, 295.58, 21.75, 221.63, 21.99, 188.45, 22.68, 86.07, 22.85], (131.0169, 523.6161, 1319.946)]
[21.2, [440.4, 68.58, 28.96, 25.42, 296.03, 21.75, 221.63, 21.99, 188.45, 22.79, 86.07, 22.89], (129.9555, 519.6544, 1298.468)]
[24.3, [440.4, 68.58, 28.96, 23.58, 299.96, 21.03, 229.91, 22.06, 188.45, 22.79, 86.07, 22.85], (130.0517, 520.5568, 1293.163)]
[25.63, [440.4, 68.58, 28.96, 23.58, 296.03, 21.03, 229.91, 21.99, 188.45, 22.68, 86.78, 22.85], (132.0368, 528.9566, 1314.516)]
[28.07, [440.4, 68.58, 28.96, 25.29, 296.03, 20.95, 224.26, 22.07, 188.45, 22.68, 81.33, 22.72], (132.2627, 530.2608, 1311.74)]
[41.6, [440.4, 68.58, 28.96, 23.58, 296.03, 21.2, 218.79, 22.05, 188.45, 22.68, 86.07, 22.85], (132.5189, 531.8248, 1318.875)]
[47.3, [440.4, 68.58, 28.96, 25.29, 300.32, 20.95, 224.26, 22.07, 188.45, 22.79, 86.07, 22.85], (130.7353, 539.4555, 1339.013)]
[48.7, [440.4, 68.58, 28.96, 20.79, 296.03, 21.2, 226.59, 21.85, 190.18, 22.68, 86.07, 22.85], (133.2389, 530.661, 1311.633)]
[48.7, [440.4, 68.58, 28.96, 20.79, 296.03, 21.2, 226.59, 21.85, 190.18, 22.68, 86.07, 22.85], (133.2389, 530.661, 1311.633)]
[60.64, [440.4, 68.58, 28.96, 24.9, 296.03, 21.2, 221.63, 21.93, 191.75, 22.68, 86.07, 22.85], (133.0019, 533.9786, 1325.658)]
[1125.04, [440.4, 68.58, 28.96, 25.42, 296.03, 21.75, 221.63, 21.99, 188.45, 22.68, 86.07, 22.63], (131.8646, 598.2068, 2347.432)]
[1222.69, [440.4, 68.58, 28.96, 27.53, 296.03, 21.03, 229.91, 22.06, 188.45, 22.68, 82.17, 22.98], (144.0744, 998.6483, 1572.498)]
[1456.98, [440.4, 68.58, 28.96, 23.58, 296.03, 21.2, 227.88, 21.99, 191.75, 22.79, 87.93, 22.98], (130.5576, 981.371, 2305.697)]
[1801.37, [440.4, 68.58, 28.96, 27.53, 296.03, 21.63, 221.63, 21.99, 195.11, 22.89, 88.83, 22.56], (130.8667, 1249.093, 2383.536)]
[4179.87, [440.4, 68.58, 28.96, 25.32, 320.32, 17.38, 257.03, 18.88, 199.27, 22.53, 77.48, 16.15], (182.1918, 705.2336, 1623.24)]
[9258.99, [440.4, 68.58, 28.96, 23.58, 296.03, 21.75, 220.96, 22.06, 191.81, 22.68, 86.07, 22.85], (40.84764, 130.8766, 974.7312)]
[11888.98, [440.4, 68.58, 28.96, 23.89, 296.03, 21.45, 221.68, 22.05, 188.45, 22.68, 86.07, 22.85], (26.13106, 131.497, 521.3554)]
[74891.44, [440.4, 68.58, 28.96, 27.53, 296.03, 21.75, 221.63, 22.06, 188.45, 22.83, 86.07, 23.03], (507.5203, 1286.004, 2321.894)]
[79505.46, [440.4, 68.58, 28.96, 23.07, 296.03, 21.03, 229.91, 22.06, 188.45, 22.68, 86.07, 22.63], (526.6786, 1075.979, 1497.971)]
[91421.17, [440.4, 68.58, 28.96, 25.29, 300.32, 21.03, 229.91, 22.06, 188.45, 22.68, 86.07, 22.63], (561.4507, 1390.892, 2496.53)]
[168528.2, [440.4, 68.58, 28.96, 27.53, 296.03, 21.75, 221.63, 21.99, 188.45, 22.79, 89.3, 23.18], (783.3626, 1320.778, 2344.678)]

Population size: 30
Number of couples: 14
Number of kept parents: 0
Best parent kept: True
Mutation Probability: 0.05
Mutation range (x, y): 5, 0.3
Number of Parameters: 4

Written time: 26/03/2023 00:51:39