[450.92, [440.4, 68.58, 28.96, 10.72, 348.06, 20.85, 243.59, 22.7, 154.72, 21.24, 93.75, 16.79], (142.9159, 552.254, 1307.26)]
[1433.53, [440.4, 68.58, 28.96, 10.72, 352.8, 21.35, 243.59, 22.7, 212.05, 19.41, 132.81, 21.26], (156.3583, 587.3483, 1386.441)]
[2011.68, [440.4, 68.58, 28.96, 12.67, 338.51, 15.42, 275.62, 21.98, 180.02, 21.91, 85.45, 15.91], (161.4052, 641.7214, 1509.281)]
[2235.4, [440.4, 68.58, 28.96, 17.83, 304.02, 21.05, 237.68, 22.64, 194.37, 17.97, 81.95, 22.32], (165.4675, 602.6133, 1424.125)]
[2300.43, [440.4, 68.58, 28.96, 17.83, 304.02, 21.05, 237.68, 22.64, 194.23, 17.97, 81.87, 22.07], (166.0679, 606.9661, 1431.56)]
[2451.45, [440.4, 68.58, 28.96, 70.26, 359.18, 17.1, 262.58, 21.82, 205.73, 19.93, 87.35, 20.3], (167.0474, 621.0582, 1480.648)]
[2477.16, [440.4, 68.58, 28.96, 56.94, 357.29, 21.03, 271.6, 19.89, 154.43, 21.11, 93.75, 16.79], (168.2797, 603.4308, 1411.777)]
[2502.86, [440.4, 68.58, 28.96, 61.23, 329.22, 18.22, 281.57, 21.35, 206.02, 20.97, 88.75, 17.1], (164.385, 194.5985, 1537.133)]
[2530.23, [440.4, 68.58, 28.96, 37.12, 355.38, 16.6, 262.58, 21.82, 210.53, 20.02, 87.35, 20.34], (168.1746, 622.9106, 1455.005)]
[2602.4, [440.4, 68.58, 28.96, 41.18, 297.5, 20.65, 246.53, 20.45, 147.17, 22.56, 143.34, 16.28], (164.78, 685.2054, 1768.936)]
[2687.77, [440.4, 68.58, 28.96, 71.42, 297.5, 20.65, 246.53, 20.45, 145.04, 22.56, 141.78, 16.28], (164.3319, 694.9312, 1883.628)]
[3025.15, [440.4, 68.58, 28.96, 30.46, 335.86, 23.11, 273.44, 16.46, 154.6, 21.67, 93.98, 21.8], (175.0813, 577.154, 1334.016)]
[3030.7, [440.4, 68.58, 28.96, 61.09, 329.22, 18.22, 281.57, 20.97, 206.02, 21.17, 88.75, 17.08], (171.444, 664.6267, 1607.531)]
[3233.51, [440.4, 68.58, 28.96, 36.9, 343.4, 22.1, 236.81, 16.92, 154.6, 21.67, 89.21, 21.8], (176.7403, 586.4894, 1365.929)]
[3870.93, [440.4, 68.58, 28.96, 45.0, 358.49, 22.0, 268.16, 21.47, 150.42, 15.78, 106.16, 19.38], (181.634, 638.2587, 1441.087)]
[4847.79, [440.4, 68.58, 28.96, 18.72, 362.05, 17.28, 264.25, 19.06, 205.73, 20.02, 87.35, 20.06], (189.798, 663.0194, 1486.009)]
[5078.52, [440.4, 68.58, 28.96, 60.71, 295.57, 18.46, 228.89, 19.85, 204.59, 20.6, 98.09, 19.78], (188.0626, 744.3159, 1833.885)]
[5581.56, [440.4, 68.58, 28.96, 65.37, 295.57, 18.01, 228.89, 19.85, 198.65, 20.27, 98.09, 19.78], (192.2994, 756.4745, 1835.117)]
[5702.17, [440.4, 68.58, 28.96, 71.16, 294.57, 20.65, 246.53, 20.45, 150.46, 22.6, 143.34, 16.28], (167.6442, 1912.567, 3385.748)]
[6059.36, [440.4, 68.58, 28.96, 58.12, 333.43, 19.86, 286.66, 15.35, 214.83, 19.49, 122.27, 22.89], (197.7903, 724.6943, 1684.648)]
[7713.01, [440.4, 68.58, 28.96, 56.33, 343.69, 14.53, 263.78, 19.76, 201.83, 19.28, 108.91, 15.13], (52.51094, 217.2648, 829.9303)]
[10423.74, [440.4, 68.58, 28.96, 52.29, 330.82, 20.02, 234.65, 18.49, 172.74, 15.12, 122.59, 20.56], (228.5265, 781.5754, 1814.553)]
[13325.18, [440.4, 68.58, 28.96, 29.43, 306.96, 16.22, 266.59, 15.97, 168.93, 20.15, 129.64, 14.6], (245.0795, 900.3849, 2041.597)]
[17924.41, [440.4, 68.58, 28.96, 63.41, 330.87, 16.8, 262.74, 16.87, 171.21, 14.57, 103.43, 17.1], (272.2092, 903.6245, 2038.727)]
[107426.65, [440.4, 68.58, 28.96, 55.92, 337.29, 19.4, 234.65, 16.01, 154.6, 21.67, 89.21, 21.8], (610.0369, 1529.83, 2820.416)]
[118644.64, [440.4, 68.58, 28.96, 41.18, 355.38, 17.3, 262.58, 21.82, 171.1, 17.81, 102.25, 21.11], (644.0959, 1490.207, 2697.741)]
[172645.28, [440.4, 68.58, 28.96, 52.29, 330.82, 20.02, 286.66, 15.29, 214.83, 19.49, 117.72, 22.89], (791.5223, 1652.477, 2993.71)]
[173577.38, [440.4, 68.58, 28.96, 45.12, 314.26, 17.05, 223.15, 15.79, 202.25, 22.63, 101.45, 18.79], (793.1599, 1760.168, 3186.328)]
[237795.96, [440.4, 68.58, 28.96, 52.29, 330.82, 19.63, 265.82, 16.09, 190.6, 22.44, 77.96, 16.46], (950.7008, 1645.38, 3217.888)]
[258702.79, [440.4, 68.58, 28.96, 61.09, 329.22, 18.22, 281.57, 21.12, 206.02, 21.17, 88.43, 17.17], (999.3897, 1692.912, 2857.591)]

Population size: 30
Number of couples: 13
Number of kept parents: 0
Best parent kept: True
Mutation Probability: 0.3
Mutation range (x, y): 5, 0.5