[254.65, [440.4, 68.58, 28.96, 52.87, 357.43, 20.06, 284.83, 22.9, 180.59, 23.4, 71.73, 15.44], (124.6799, 504.5013, 1224.122)]
[297.07, [440.4, 68.58, 28.96, 48.45, 330.13, 20.37, 263.64, 21.57, 179.93, 23.36, 84.46, 22.22], (124.467, 487.4593, 1206.715)]
[348.55, [440.4, 68.58, 28.96, 26.69, 331.98, 19.96, 263.64, 21.57, 179.93, 23.48, 80.23, 22.22], (124.2342, 483.1712, 1168.399)]
[381.73, [440.4, 68.58, 28.96, 27.5, 303.92, 19.06, 239.09, 22.69, 184.03, 23.6, 79.42, 22.29], (120.4085, 508.8157, 1276.444)]
[443.78, [440.4, 68.58, 28.96, 44.56, 327.51, 22.47, 274.95, 22.08, 177.88, 23.01, 137.78, 15.34], (137.0141, 585.715, 1535.031)]
[700.84, [440.4, 68.58, 28.96, 28.01, 306.76, 21.18, 235.04, 22.53, 186.89, 23.48, 135.03, 15.74], (139.123, 639.6403, 1653.029)]
[817.31, [440.4, 68.58, 28.96, 26.9, 308.83, 20.34, 284.83, 22.81, 179.01, 23.25, 80.23, 22.42], (115.299, 457.0651, 1168.065)]
[1154.31, [440.4, 68.58, 28.96, 57.31, 348.78, 20.29, 282.48, 22.84, 183.09, 23.39, 80.23, 22.22], (111.7556, 434.8458, 1074.173)]
[1254.29, [440.4, 68.58, 28.96, 31.74, 317.1, 16.84, 273.78, 22.08, 177.88, 21.09, 120.9, 22.29], (152.0355, 602.5272, 1505.466)]
[1306.56, [440.4, 68.58, 28.96, 54.08, 355.21, 20.11, 284.83, 22.9, 183.85, 23.4, 80.23, 22.55], (110.069, 425.9916, 1043.627)]
[1320.74, [440.4, 68.58, 28.96, 52.87, 357.43, 20.19, 284.83, 23.07, 181.91, 23.4, 84.34, 22.22], (109.7972, 426.771, 1047.298)]
[1753.76, [440.4, 68.58, 28.96, 23.15, 304.89, 20.98, 240.74, 22.48, 190.9, 21.56, 120.9, 22.18], (150.8241, 325.505, 647.2878)]
[1757.29, [440.4, 68.58, 28.96, 35.77, 317.1, 16.26, 273.78, 21.96, 177.88, 23.17, 137.78, 15.25], (154.0334, 696.6471, 1773.092)]
[2829.74, [440.4, 68.58, 28.96, 52.87, 352.66, 19.79, 235.82, 23.23, 172.39, 15.8, 125.15, 22.73], (170.7694, 636.3199, 1499.115)]
[3077.53, [440.4, 68.58, 28.96, 24.6, 318.73, 20.19, 238.33, 22.89, 190.67, 18.25, 85.22, 22.03], (162.6613, 600.1023, 2511.469)]
[3836.88, [440.4, 68.58, 28.96, 28.6, 308.83, 19.79, 235.82, 23.13, 177.96, 15.8, 127.27, 22.73], (179.2863, 679.4942, 1613.922)]
[4294.13, [440.4, 68.58, 28.96, 73.17, 332.18, 21.03, 275.2, 17.81, 210.42, 19.76, 105.44, 22.34], (183.9748, 656.7342, 1592.635)]
[4294.39, [440.4, 68.58, 28.96, 21.94, 308.12, 20.27, 239.06, 22.89, 194.79, 17.79, 127.28, 15.75], (181.4139, 759.772, 1766.539)]
[4922.75, [440.4, 68.58, 28.96, 57.31, 348.78, 19.94, 288.46, 22.9, 180.59, 23.4, 75.93, 15.48], (78.99818, 125.4509, 512.9434)]
[5468.03, [440.4, 68.58, 28.96, 25.14, 300.45, 16.88, 268.84, 21.97, 181.89, 16.7, 86.13, 22.47], (194.0038, 679.5016, 1596.707)]
[5520.45, [440.4, 68.58, 28.96, 36.82, 317.1, 16.84, 273.78, 22.08, 177.88, 21.08, 82.37, 22.08], (197.1053, 569.8837, 1384.419)]
[7035.05, [440.4, 68.58, 28.96, 25.0, 316.82, 21.74, 226.48, 15.11, 189.43, 20.34, 109.08, 21.34], (206.1016, 697.3148, 1636.405)]
[7147.48, [440.4, 68.58, 28.96, 25.14, 307.35, 20.68, 235.82, 16.53, 191.26, 18.71, 80.23, 22.22], (207.4765, 687.3421, 1579.038)]
[7336.46, [440.4, 68.58, 28.96, 24.6, 318.73, 20.1, 264.2, 21.57, 183.12, 23.18, 80.23, 22.37], (58.66285, 127.2882, 496.1596)]
[8196.49, [440.4, 68.58, 28.96, 72.94, 333.12, 17.93, 245.09, 19.53, 207.05, 17.03, 116.2, 21.48], (212.7581, 760.7271, 1849.187)]
[9486.53, [440.4, 68.58, 28.96, 59.82, 314.94, 21.31, 238.55, 20.41, 215.73, 14.75, 142.26, 18.49], (220.3875, 838.1219, 2002.116)]
[22687.57, [440.4, 68.58, 28.96, 33.37, 317.1, 16.17, 284.83, 22.9, 178.09, 23.59, 84.18, 22.51], (303.1639, 493.3193, 1277.143)]
[63108.11, [440.4, 68.58, 28.96, 57.31, 348.78, 20.13, 284.83, 22.9, 180.59, 23.4, 75.93, 15.65], (465.8536, 1271.834, 2341.44)]
[101028.18, [440.4, 68.58, 28.96, 24.6, 318.73, 20.1, 265.55, 21.71, 179.93, 23.36, 120.9, 22.72], (591.0004, 1484.016, 2656.237)]
[150576.94, [440.4, 68.58, 28.96, 25.51, 308.12, 20.27, 241.04, 22.89, 189.95, 17.59, 123.03, 15.7], (733.6715, 1704.879, 2682.524)]

Population size: 30
Number of couples: 13
Number of kept parents: 0
Best parent kept: True
Mutation Probability: 0.3
Mutation range (x, y): 5, 0.2