[12.21, [440.4, 68.58, 28.96, 24.89, 301.84, 21.03, 222.43, 22.07, 186.25, 22.89, 84.88, 22.58], (130.5911, 523.9264, 1297.642)]
[14.08, [440.4, 68.58, 28.96, 25.29, 298.89, 21.34, 223.65, 22.06, 192.2, 22.81, 86.07, 22.85], (129.9525, 522.639, 1302.641)]
[22.08, [440.4, 68.58, 28.96, 26.11, 298.89, 21.34, 230.23, 22.11, 192.2, 22.58, 88.65, 22.69], (131.6873, 527.4131, 1317.869)]
[24.28, [440.4, 68.58, 28.96, 24.89, 305.45, 21.34, 228.42, 22.06, 192.2, 22.61, 88.52, 22.87], (130.7528, 518.3625, 1288.885)]
[32.2, [440.4, 68.58, 28.96, 25.29, 300.0, 20.91, 240.89, 21.66, 188.87, 22.69, 84.47, 23.16], (131.3425, 518.5543, 1284.477)]
[44.77, [440.4, 68.58, 28.96, 24.89, 301.84, 21.44, 228.42, 22.06, 187.42, 22.61, 83.55, 22.87], (130.3868, 514.1555, 1275.239)]
[49.32, [440.4, 68.58, 28.96, 24.89, 301.84, 20.91, 244.63, 21.82, 189.66, 22.78, 86.07, 22.95], (129.7393, 514.5661, 1278.62)]
[53.36, [440.4, 68.58, 28.96, 25.29, 298.32, 21.12, 240.89, 21.78, 190.26, 22.73, 80.25, 23.03], (130.0361, 513.3746, 1271.499)]
[53.98, [440.4, 68.58, 28.96, 24.43, 298.32, 21.0, 240.89, 21.78, 186.05, 22.61, 88.65, 22.69], (133.4846, 528.6218, 1313.074)]
[61.1, [440.4, 68.58, 28.96, 24.89, 297.34, 20.91, 244.63, 21.82, 188.87, 22.73, 78.51, 23.0], (129.805, 512.5089, 1267.893)]
[74.58, [440.4, 68.58, 28.96, 24.89, 301.84, 21.03, 222.43, 22.17, 190.95, 22.89, 76.54, 22.69], (128.8067, 515.3009, 1269.919)]
[77.62, [440.4, 68.58, 28.96, 21.92, 298.89, 21.34, 226.23, 22.11, 192.2, 22.75, 80.25, 23.03], (128.8853, 512.4771, 1268.047)]
[96.97, [440.4, 68.58, 28.96, 25.29, 298.89, 20.91, 243.39, 22.01, 193.13, 22.78, 84.47, 23.16], (127.7562, 511.1639, 1276.691)]
[116.9, [440.4, 68.58, 28.96, 21.72, 308.45, 21.22, 241.09, 21.5, 190.13, 22.61, 74.79, 22.82], (132.8668, 508.7229, 1235.192)]
[145.77, [440.4, 68.58, 28.96, 28.27, 312.61, 20.99, 220.05, 21.9, 215.23, 23.12, 84.47, 23.28], (125.9602, 515.1294, 1277.382)]
[153.36, [440.4, 68.58, 28.96, 59.89, 308.07, 20.99, 220.05, 22.08, 215.23, 23.06, 67.47, 22.96], (124.8956, 514.0945, 1307.87)]
[178.69, [440.4, 68.58, 28.96, 24.89, 301.84, 20.91, 243.13, 22.02, 188.87, 22.78, 69.45, 22.96], (127.2521, 497.9803, 1221.912)]
[222.07, [440.4, 68.58, 28.96, 28.94, 303.36, 21.07, 243.19, 22.07, 179.93, 22.93, 73.12, 22.69], (125.987, 494.4985, 1220.832)]
[288.96, [440.4, 68.58, 28.96, 21.25, 315.4, 21.1, 233.16, 22.2, 180.01, 23.09, 87.65, 22.96], (124.2256, 489.2017, 1222.29)]
[421.18, [440.4, 68.58, 28.96, 22.83, 296.77, 21.34, 226.23, 22.06, 192.2, 22.68, 82.66, 23.0], (130.3257, 519.8861, 1722.547)]
[1638.97, [440.4, 68.58, 28.96, 25.29, 296.03, 21.34, 226.23, 22.06, 192.2, 22.68, 86.07, 22.85], (131.4026, 1227.721, 2238.101)]
[1787.75, [440.4, 68.58, 28.96, 28.84, 295.49, 21.04, 227.36, 21.95, 186.24, 22.61, 85.53, 22.87], (114.5845, 132.9769, 564.414)]
[2182.25, [440.4, 68.58, 28.96, 61.46, 319.69, 15.57, 252.32, 21.65, 201.17, 21.23, 104.32, 21.2], (161.3237, 661.8902, 1666.438)]
[4221.51, [440.4, 68.58, 28.96, 46.41, 306.19, 21.76, 277.36, 21.81, 160.07, 17.19, 129.23, 18.41], (181.9542, 696.4427, 1699.186)]
[7690.2, [440.4, 68.58, 28.96, 65.91, 329.75, 22.93, 239.53, 20.14, 218.19, 14.57, 132.05, 19.73], (207.0, 762.2565, 2109.335)]
[10566.1, [440.4, 68.58, 28.96, 64.35, 354.29, 16.3, 257.39, 20.14, 176.09, 15.88, 109.66, 17.05], (229.0127, 812.5317, 1853.773)]
[10607.01, [440.4, 68.58, 28.96, 23.44, 357.89, 16.3, 261.42, 20.14, 176.09, 15.86, 109.66, 17.0], (230.1135, 792.5823, 1750.55)]
[10645.16, [440.4, 68.58, 28.96, 59.63, 354.29, 16.3, 259.19, 20.14, 176.09, 15.8, 109.66, 17.0], (229.6557, 811.4608, 1838.175)]
[11197.28, [440.4, 68.58, 28.96, 24.89, 301.84, 20.81, 244.63, 21.82, 188.87, 22.78, 82.66, 23.0], (25.67119, 130.5747, 1284.625)]
[76203.14, [440.4, 68.58, 28.96, 25.29, 302.75, 21.34, 228.42, 22.06, 196.67, 22.78, 79.08, 22.82], (512.2051, 1268.824, 2282.636)]

Population size: 30
Number of couples: 13
Number of kept parents: 0
Best parent kept: True
Mutation Probability: 0.3
Mutation range (x, y): 5, 0.2

Written time: 24/03/2023 22:46:59