[1.2, [440.4, 68.58, 28.96, 27.53, 296.03, 21.75, 221.63, 21.99, 190.19, 22.68, 86.07, 22.89], (130.8478, 523.1499, 1309.165)]
[4.68, [440.4, 68.58, 28.96, 24.9, 299.64, 21.85, 221.63, 21.85, 192.11, 22.86, 87.87, 22.56], (131.1826, 523.9883, 1306.433)]
[5.47, [440.4, 68.58, 28.96, 24.9, 299.64, 21.85, 223.8, 21.85, 192.11, 22.86, 87.87, 22.56], (130.9387, 522.6778, 1303.68)]
[5.86, [440.4, 68.58, 28.96, 24.9, 296.66, 21.75, 221.63, 21.99, 192.21, 22.77, 88.83, 22.85], (130.5233, 524.1369, 1311.542)]
[9.15, [440.4, 68.58, 28.96, 27.53, 296.19, 21.75, 221.63, 21.99, 192.11, 22.68, 87.18, 22.89], (130.9524, 524.9116, 1315.098)]
[10.08, [440.4, 68.58, 28.96, 24.9, 299.64, 21.68, 221.63, 21.99, 192.11, 22.68, 87.18, 22.89], (130.9217, 521.58, 1300.085)]
[16.24, [440.4, 68.58, 28.96, 24.9, 299.64, 21.68, 221.63, 21.93, 191.03, 22.68, 86.07, 22.86], (131.3772, 521.6802, 1297.698)]
[16.78, [440.4, 68.58, 28.96, 27.53, 296.19, 21.75, 221.63, 21.99, 192.11, 22.79, 86.07, 22.56], (131.0742, 527.4216, 1319.402)]
[17.33, [440.4, 68.58, 28.96, 24.9, 299.64, 21.75, 221.63, 21.99, 190.19, 22.68, 86.07, 22.89], (130.6184, 518.548, 1296.365)]
[18.32, [440.4, 68.58, 28.96, 24.9, 299.42, 21.64, 221.63, 21.99, 192.11, 22.77, 86.07, 22.85], (130.2943, 520.3826, 1296.412)]
[19.74, [440.4, 68.58, 28.96, 24.9, 300.58, 21.75, 223.33, 21.93, 191.03, 22.68, 87.18, 22.89], (130.8927, 518.9579, 1292.911)]
[20.32, [440.4, 68.58, 28.96, 22.79, 296.66, 21.75, 218.32, 21.99, 195.11, 22.86, 87.87, 22.56], (131.2728, 529.5438, 1319.036)]
[20.85, [440.4, 68.58, 28.96, 24.9, 294.59, 21.75, 224.21, 21.93, 190.19, 22.68, 81.33, 22.89], (130.9096, 519.5068, 1291.323)]
[26.03, [440.4, 68.58, 28.96, 27.53, 296.03, 21.75, 221.63, 21.99, 195.11, 22.86, 87.87, 22.56], (130.6868, 529.3724, 1327.591)]
[26.87, [440.4, 68.58, 28.96, 24.9, 296.66, 21.75, 223.04, 21.95, 192.11, 23.07, 88.83, 22.56], (129.0089, 522.9486, 1310.468)]
[27.78, [440.4, 68.58, 28.96, 24.9, 295.02, 21.64, 221.63, 21.99, 192.11, 22.62, 86.07, 22.85], (132.0905, 528.2261, 1316.494)]
[31.37, [440.4, 68.58, 28.96, 24.9, 296.66, 21.75, 221.63, 21.99, 195.11, 22.86, 87.87, 22.37], (131.4443, 531.2266, 1326.506)]
[33.98, [440.4, 68.58, 28.96, 24.9, 296.66, 21.66, 223.01, 21.99, 195.11, 22.86, 87.87, 22.37], (131.5223, 531.8351, 1327.556)]
[44.56, [440.4, 68.58, 28.96, 27.53, 296.03, 21.75, 221.63, 21.99, 190.19, 22.95, 87.18, 22.89], (128.5104, 518.7427, 1303.016)]
[46.63, [440.4, 68.58, 28.96, 24.9, 296.66, 21.66, 223.01, 21.99, 195.11, 22.86, 87.87, 22.56], (130.8269, 528.5809, 1349.415)]
[115.22, [440.4, 68.58, 28.96, 73.1, 339.12, 21.74, 221.63, 21.8, 192.11, 22.62, 86.07, 22.85], (128.3767, 493.8915, 1260.294)]
[906.2, [440.4, 68.58, 28.96, 57.79, 337.76, 21.66, 282.58, 20.65, 176.04, 21.28, 128.78, 22.65], (149.3134, 551.9541, 1389.887)]
[1982.26, [440.4, 68.58, 28.96, 27.7, 296.66, 21.66, 221.63, 21.99, 192.21, 22.86, 87.87, 22.56], (131.4191, 1377.834, 2431.09)]
[4353.13, [440.4, 68.58, 28.96, 24.9, 296.66, 21.75, 221.63, 21.99, 195.11, 22.86, 87.87, 22.56], (73.61097, 507.1925, 1318.894)]
[11877.97, [440.4, 68.58, 28.96, 24.9, 296.66, 21.66, 223.01, 21.99, 190.19, 22.68, 87.18, 22.89], (26.18639, 131.3059, 524.0674)]
[33890.24, [440.4, 68.58, 28.96, 27.53, 296.19, 21.75, 221.63, 21.93, 191.03, 22.75, 86.07, 22.86], (348.3056, 1307.708, 2338.906)]
[62334.38, [440.4, 68.58, 28.96, 24.9, 299.64, 22.8, 250.69, 20.2, 182.58, 19.45, 83.67, 20.23], (461.5648, 1383.537, 2629.771)]
[66438.41, [440.4, 68.58, 28.96, 27.78, 296.66, 21.85, 221.63, 21.85, 192.11, 22.89, 88.83, 22.85], (477.6328, 1323.992, 2357.202)]
[77788.15, [440.4, 68.58, 28.96, 24.9, 294.59, 21.75, 224.21, 21.93, 195.11, 22.86, 87.87, 22.37], (517.1281, 1326.321, 2363.368)]
[104233.68, [440.4, 68.58, 28.96, 24.9, 294.05, 21.66, 223.01, 21.99, 195.11, 22.86, 87.87, 22.37], (601.6765, 1432.313, 2458.244)]

Population size: 30
Number of couples: 14
Number of kept parents: 0
Best parent kept: True
Mutation Probability: 0.05
Mutation range (x, y): 5, 0.3
Number of Parameters: 4

Written time: 26/03/2023 12:44:59