[7.42, [440.4, 68.58, 28.96, 24.9, 296.66, 21.75, 224.21, 21.93, 190.19, 22.68, 87.18, 22.89], (131.1744, 522.3032, 1303.834)]
[8.55, [440.4, 68.58, 28.96, 25.5, 296.19, 21.75, 221.63, 21.99, 192.11, 22.62, 86.07, 22.89], (131.5032, 524.6394, 1309.555)]
[11.62, [440.4, 68.58, 28.96, 27.53, 296.19, 21.75, 221.63, 21.99, 192.11, 22.62, 86.07, 22.89], (131.3928, 525.0984, 1313.486)]
[12.73, [440.4, 68.58, 28.96, 26.06, 300.32, 20.95, 222.02, 22.21, 188.45, 22.79, 86.07, 22.85], (129.9173, 524.3409, 1304.968)]
[13.87, [440.4, 68.58, 28.96, 24.9, 299.64, 21.74, 221.63, 21.99, 190.19, 22.68, 86.07, 22.61], (131.6376, 523.4592, 1301.956)]
[15.91, [440.4, 68.58, 28.96, 24.9, 296.65, 20.95, 221.63, 22.21, 188.45, 22.79, 86.07, 22.8], (130.5754, 529.2402, 1316.894)]
[16.21, [440.4, 68.58, 28.96, 24.9, 296.66, 21.75, 221.63, 21.93, 192.11, 22.89, 88.83, 22.56], (130.9607, 527.7753, 1319.247)]
[16.6, [440.4, 68.58, 28.96, 24.9, 296.66, 21.75, 218.42, 21.93, 193.99, 22.68, 86.07, 22.89], (131.7816, 526.6219, 1311.827)]
[22.23, [440.4, 68.58, 28.96, 24.9, 296.66, 21.75, 221.63, 21.93, 195.11, 22.89, 88.83, 22.56], (131.0208, 529.3237, 1323.337)]
[23.06, [440.4, 68.58, 28.96, 24.9, 299.64, 21.85, 218.06, 21.79, 195.11, 22.68, 86.07, 22.89], (132.298, 524.8982, 1304.808)]
[24.45, [440.4, 68.58, 28.96, 23.21, 296.2, 21.75, 216.75, 22.24, 190.19, 22.89, 88.83, 22.56], (129.2426, 524.391, 1311.76)]
[26.31, [440.4, 68.58, 28.96, 27.53, 296.03, 21.75, 221.63, 21.99, 195.11, 22.89, 87.87, 22.56], (130.4161, 528.7631, 1326.428)]
[28.44, [440.4, 68.58, 28.96, 24.9, 296.66, 21.75, 221.63, 21.99, 186.56, 22.5, 86.07, 22.85], (132.5989, 524.3864, 1304.686)]
[32.17, [440.4, 68.58, 28.96, 24.9, 296.66, 21.75, 221.63, 21.85, 195.11, 22.89, 88.83, 22.56], (131.6195, 530.7677, 1325.543)]
[40.6, [440.4, 68.58, 28.96, 23.58, 296.65, 20.95, 221.63, 22.48, 188.45, 22.79, 86.07, 22.85], (128.402, 523.1405, 1305.078)]
[66.05, [440.4, 68.58, 28.96, 20.69, 296.66, 21.75, 221.63, 22.21, 188.45, 22.79, 86.07, 22.85], (128.6531, 514.7257, 1282.345)]
[117.14, [440.4, 68.58, 28.96, 26.73, 296.03, 21.75, 221.63, 21.47, 195.11, 22.89, 88.83, 22.56], (134.3915, 538.8022, 1342.026)]
[1746.07, [440.4, 68.58, 28.96, 24.9, 299.64, 21.85, 221.63, 21.85, 190.19, 22.68, 86.07, 22.89], (132.0105, 1265.411, 2298.933)]
[1860.02, [440.4, 68.58, 28.96, 27.53, 296.66, 21.63, 221.63, 21.99, 193.99, 22.68, 86.07, 22.89], (132.3891, 1288.07, 2383.547)]
[2030.4, [440.4, 68.58, 28.96, 42.95, 357.73, 17.89, 277.46, 16.4, 195.06, 22.47, 96.03, 22.69], (163.0118, 620.4547, 1414.241)]
[2339.28, [440.4, 68.58, 28.96, 27.53, 296.03, 21.49, 221.63, 21.47, 190.19, 22.68, 86.07, 22.56], (143.374, 1342.447, 2383.034)]
[2633.52, [440.4, 68.58, 28.96, 24.9, 296.66, 21.75, 221.63, 21.99, 190.19, 22.68, 86.07, 22.85], (103.1407, 131.0642, 522.4866)]
[10750.0, [440.4, 68.58, 28.96, 31.03, 296.66, 21.51, 221.63, 21.99, 193.99, 22.68, 86.07, 22.89], (33.5393, 130.7479, 544.4929)]
[12118.39, [440.4, 68.58, 28.96, 29.61, 296.03, 21.75, 221.63, 22.07, 195.11, 22.89, 88.83, 22.56], (20.03308, 129.874, 1242.934)]
[12747.09, [440.4, 68.58, 28.96, 23.58, 296.66, 21.75, 224.21, 21.93, 195.11, 22.89, 88.83, 22.56], (241.1212, 922.2615, 2070.793)]
[54273.56, [440.4, 68.58, 28.96, 23.58, 296.65, 20.95, 221.63, 22.21, 188.45, 22.79, 86.07, 22.85], (432.7598, 1292.185, 2344.622)]
[74444.18, [440.4, 68.58, 28.96, 22.82, 296.66, 21.75, 221.63, 21.85, 190.19, 22.68, 87.18, 22.89], (506.1489, 1254.123, 2305.411)]
[80565.03, [440.4, 68.58, 28.96, 24.9, 299.64, 21.85, 218.06, 21.79, 195.11, 22.68, 86.07, 22.89], (526.4036, 1332.25, 2383.328)]
[81153.22, [440.4, 68.58, 28.96, 25.5, 296.03, 21.75, 221.63, 21.99, 195.11, 22.89, 87.87, 22.56], (528.7279, 1324.237, 2285.078)]
[120990.27, [440.4, 68.58, 28.96, 23.58, 296.65, 20.95, 224.21, 21.93, 195.11, 22.89, 88.83, 22.56], (650.1615, 1604.168, 2862.022)]

Population size: 30
Number of couples: 14
Number of kept parents: 0
Best parent kept: True
Mutation Probability: 0.05
Mutation range (x, y): 5, 0.3
Number of Parameters: 4

Written time: 26/03/2023 11:46:58