[3.36, [440.4, 68.58, 28.96, 27.53, 300.32, 20.95, 221.68, 22.05, 188.45, 22.79, 86.07, 22.98], (130.6033, 525.6113, 1308.09)]
[9.44, [440.4, 68.58, 28.96, 21.4, 294.43, 21.2, 222.34, 22.07, 186.25, 22.89, 84.88, 22.58], (131.1519, 528.7692, 1310.082)]
[9.8, [440.4, 68.58, 28.96, 25.29, 296.47, 21.34, 226.23, 22.06, 190.79, 22.68, 84.77, 22.73], (131.3888, 526.4521, 1310.361)]
[10.04, [440.4, 68.58, 28.96, 26.33, 297.43, 21.32, 221.68, 22.19, 192.2, 22.68, 86.07, 22.85], (130.5389, 526.2954, 1313.689)]
[10.25, [440.4, 68.58, 28.96, 26.11, 297.43, 21.44, 223.65, 22.06, 192.2, 22.78, 84.77, 22.56], (131.039, 527.2492, 1313.311)]
[14.99, [440.4, 68.58, 28.96, 26.51, 297.43, 21.51, 221.63, 21.99, 191.75, 22.68, 86.07, 22.85], (131.5527, 526.7143, 1313.293)]
[17.09, [440.4, 68.58, 28.96, 25.29, 299.33, 21.34, 226.23, 22.06, 192.2, 22.61, 88.65, 22.85], (131.6529, 526.814, 1313.964)]
[18.85, [440.4, 68.58, 28.96, 25.29, 296.03, 21.2, 226.23, 22.06, 192.2, 22.68, 85.77, 22.85], (131.4178, 528.6232, 1316.904)]
[21.18, [440.4, 68.58, 28.96, 25.29, 296.03, 21.45, 226.23, 22.14, 190.18, 22.78, 84.77, 22.73], (129.6307, 521.4025, 1301.658)]
[25.46, [440.4, 68.58, 28.96, 25.29, 296.03, 21.2, 226.23, 22.06, 192.2, 22.78, 84.77, 22.56], (131.4947, 530.7339, 1320.481)]
[27.78, [440.4, 68.58, 28.96, 26.33, 297.43, 21.32, 221.68, 22.19, 192.2, 22.62, 79.97, 22.99], (130.059, 519.6884, 1290.459)]
[28.86, [440.4, 68.58, 28.96, 27.53, 300.32, 20.71, 221.68, 21.99, 191.75, 22.79, 86.07, 22.98], (131.5853, 532.0516, 1321.402)]
[37.66, [440.4, 68.58, 28.96, 25.29, 296.03, 21.45, 226.23, 22.12, 192.2, 22.45, 88.65, 22.96], (132.3038, 528.9082, 1321.93)]
[41.12, [440.4, 68.58, 28.96, 21.4, 300.32, 21.34, 221.63, 22.11, 192.2, 22.58, 88.65, 22.69], (132.8159, 530.2856, 1313.872)]
[43.23, [440.4, 68.58, 28.96, 26.11, 297.43, 21.51, 223.06, 22.35, 192.2, 22.68, 86.07, 22.85], (128.6859, 519.3676, 1299.812)]
[43.36, [440.4, 68.58, 28.96, 27.53, 293.03, 21.22, 223.65, 22.06, 192.2, 22.73, 86.07, 22.85], (131.4384, 533.2605, 1336.533)]
[49.68, [440.4, 68.58, 28.96, 25.29, 296.47, 21.34, 226.23, 22.06, 192.2, 22.79, 86.07, 23.2], (128.6818, 517.8432, 1294.976)]
[53.26, [440.4, 68.58, 28.96, 22.79, 296.03, 21.03, 217.9, 22.07, 186.25, 22.89, 87.34, 22.51], (132.3687, 536.3336, 1328.906)]
[136.25, [440.4, 68.58, 28.96, 27.53, 297.05, 21.51, 225.99, 22.11, 192.2, 22.58, 88.65, 22.48], (135.0847, 537.9328, 1341.414)]
[160.86, [440.4, 68.58, 28.96, 25.29, 298.12, 21.34, 226.23, 22.06, 192.2, 22.72, 81.22, 22.46], (131.5769, 523.7588, 1154.45)]
[2947.09, [440.4, 68.58, 28.96, 21.4, 294.43, 21.03, 229.67, 22.14, 190.18, 22.78, 86.07, 22.94], (99.29039, 129.9096, 524.2226)]
[3125.95, [440.4, 68.58, 28.96, 25.29, 293.08, 21.34, 226.23, 22.06, 192.2, 22.68, 86.07, 22.85], (91.92838, 234.4079, 895.7721)]
[3243.92, [440.4, 68.58, 28.96, 71.02, 336.72, 14.52, 270.98, 19.65, 174.23, 22.1, 95.96, 18.55], (172.8809, 682.9833, 1663.808)]
[5984.75, [440.4, 68.58, 28.96, 22.79, 296.03, 21.2, 222.34, 22.07, 186.25, 22.89, 84.88, 22.58], (193.764, 234.0021, 607.2677)]
[8565.41, [440.4, 68.58, 28.96, 26.51, 297.43, 21.51, 221.63, 22.05, 188.45, 22.65, 86.07, 22.98], (49.09367, 130.8556, 522.4428)]
[8771.47, [440.4, 68.58, 28.96, 21.4, 294.43, 21.03, 229.67, 22.12, 192.2, 22.61, 88.65, 22.96], (39.33355, 530.2414, 1323.07)]
[12640.39, [440.4, 68.58, 28.96, 25.29, 296.03, 21.2, 225.29, 22.14, 190.18, 22.89, 83.51, 22.46], (236.5474, 1178.383, 2421.013)]
[23441.49, [440.4, 68.58, 28.96, 21.4, 297.05, 21.44, 223.65, 22.25, 185.05, 22.39, 86.07, 22.58], (306.812, 554.0543, 1369.981)]
[69670.88, [440.4, 68.58, 28.96, 25.29, 296.03, 21.2, 226.23, 22.06, 192.2, 22.62, 81.22, 22.99], (489.4522, 1282.925, 2301.059)]
[80243.56, [440.4, 68.58, 28.96, 27.53, 297.05, 21.44, 223.65, 22.06, 192.2, 22.68, 86.07, 22.85], (525.4868, 1318.689, 2348.787)]

Population size: 30
Number of couples: 14
Number of kept parents: 0
Best parent kept: True
Mutation Probability: 0.05
Mutation range (x, y): 5, 0.3

Written time: 25/03/2023 01:25:44