[84.22, [440.4, 68.58, 28.96, 66.15, 362.01, 17.09, 260.28, 21.82, 157.78, 22.69, 100.32, 22.45], (133.243, 515.8053, 1269.235)]
[148.15, [440.4, 68.58, 28.96, 29.43, 366.41, 17.1, 262.58, 21.45, 203.9, 22.69, 102.31, 22.45], (135.7841, 535.9542, 1283.522)]
[151.05, [440.4, 68.58, 28.96, 72.29, 359.18, 16.89, 262.45, 21.82, 158.83, 22.47, 100.95, 22.1], (136.6776, 529.4325, 1310.974)]
[447.07, [440.4, 68.58, 28.96, 66.15, 359.18, 17.09, 262.58, 21.54, 157.78, 22.69, 102.0, 20.3], (141.7859, 554.5841, 1360.391)]
[546.36, [440.4, 68.58, 28.96, 66.15, 359.18, 17.09, 262.58, 21.82, 157.78, 21.46, 93.71, 22.4], (144.8062, 540.1744, 1302.146)]
[986.61, [440.4, 68.58, 28.96, 43.92, 359.47, 15.42, 275.62, 20.4, 158.34, 22.26, 103.87, 22.1], (150.54, 573.4828, 1368.335)]
[1327.23, [440.4, 68.58, 28.96, 34.3, 366.41, 15.78, 294.61, 20.76, 157.78, 22.74, 85.45, 16.33], (154.943, 592.496, 1380.795)]
[1329.13, [440.4, 68.58, 28.96, 66.15, 359.18, 17.1, 262.18, 22.04, 154.6, 19.93, 82.82, 22.44], (156.2776, 560.6791, 1314.824)]
[1435.45, [440.4, 68.58, 28.96, 64.08, 359.18, 17.1, 262.58, 21.82, 154.6, 17.39, 81.95, 22.88], (139.8847, 178.7866, 490.3796)]
[1700.21, [440.4, 68.58, 28.96, 40.57, 357.29, 21.5, 268.08, 20.55, 157.78, 22.94, 101.25, 22.32], (133.9834, 1169.642, 2305.496)]
[1895.12, [440.4, 68.58, 28.96, 20.17, 304.02, 21.78, 237.68, 22.57, 188.0, 17.9, 78.39, 22.33], (162.039, 590.0232, 1391.561)]
[2114.77, [440.4, 68.58, 28.96, 69.65, 366.06, 20.99, 235.73, 19.92, 204.77, 22.86, 107.37, 16.13], (162.3336, 633.2044, 1543.282)]
[2120.2, [440.4, 68.58, 28.96, 66.15, 308.15, 21.05, 237.4, 22.93, 196.4, 17.39, 81.95, 23.2], (163.1591, 604.8765, 1507.07)]
[2315.43, [440.4, 68.58, 28.96, 37.56, 359.24, 15.42, 275.62, 20.4, 160.69, 23.2, 142.53, 16.28], (162.9191, 673.922, 1653.687)]
[2320.59, [440.4, 68.58, 28.96, 37.12, 359.24, 15.42, 278.93, 20.78, 163.21, 22.74, 138.28, 16.28], (163.2722, 669.3588, 1633.317)]
[2357.68, [440.4, 68.58, 28.96, 66.93, 353.7, 15.43, 292.94, 16.4, 147.07, 21.11, 91.63, 14.83], (97.1399, 251.2012, 1176.505)]
[2387.96, [440.4, 68.58, 28.96, 71.46, 366.46, 20.99, 238.33, 20.32, 205.73, 22.62, 145.48, 16.28], (164.9578, 675.0553, 1549.084)]
[2392.52, [440.4, 68.58, 28.96, 61.92, 367.15, 15.42, 275.19, 21.79, 184.01, 21.91, 107.37, 14.29], (164.2309, 671.5171, 1620.56)]
[2413.39, [440.4, 68.58, 28.96, 39.56, 352.65, 22.0, 246.15, 18.06, 212.9, 22.87, 137.48, 20.35], (166.0178, 632.7155, 1523.228)]
[2840.69, [440.4, 68.58, 28.96, 36.82, 359.24, 15.42, 280.47, 19.99, 163.21, 23.22, 146.36, 15.64], (168.1459, 694.931, 1696.081)]
[2844.27, [440.4, 68.58, 28.96, 57.15, 355.72, 20.99, 236.48, 20.25, 207.9, 22.62, 143.23, 15.79], (168.0773, 690.9655, 1709.902)]
[2855.72, [440.4, 68.58, 28.96, 14.68, 359.18, 17.1, 255.18, 21.82, 200.2, 22.35, 145.98, 14.6], (167.6896, 544.4301, 712.9623)]
[3970.56, [440.4, 68.58, 28.96, 63.35, 347.11, 22.8, 273.97, 19.84, 171.6, 18.2, 91.24, 19.24], (182.5997, 622.4684, 1452.744)]
[9721.56, [440.4, 68.58, 28.96, 34.3, 366.41, 15.8, 297.6, 20.78, 157.78, 22.46, 107.37, 14.6], (39.50089, 173.1484, 662.2151)]
[11482.4, [440.4, 68.58, 28.96, 72.29, 362.42, 16.89, 271.35, 21.98, 184.02, 22.22, 89.2, 15.58], (23.1505, 623.4122, 1519.254)]
[11559.0, [440.4, 68.58, 28.96, 34.3, 366.41, 16.21, 297.6, 20.03, 202.88, 22.99, 146.49, 16.4], (23.27054, 669.0223, 1568.917)]
[20919.25, [440.4, 68.58, 28.96, 21.45, 363.53, 21.2, 236.48, 20.78, 157.78, 23.24, 103.35, 14.6], (288.6636, 316.7929, 427.4654)]
[55441.95, [440.4, 68.58, 28.96, 76.04, 308.15, 20.68, 237.43, 22.93, 196.4, 19.93, 82.59, 20.3], (434.1251, 1571.3, 2877.63)]
[77453.27, [440.4, 68.58, 28.96, 66.15, 359.18, 17.09, 262.58, 21.82, 155.81, 22.74, 102.49, 22.45], (515.9977, 1274.991, 2412.842)]
[127254.74, [440.4, 68.58, 28.96, 66.15, 359.18, 15.39, 293.4, 20.58, 182.15, 21.85, 96.41, 15.39], (668.3688, 1586.418, 2866.046)]

Population size: 30
Number of couples: 13
Number of kept parents: 0
Best parent kept: True
Mutation Probability: 0.3
Mutation range (x, y): 5, 0.5