[3.31, [440.4, 68.58, 28.96, 24.9, 296.66, 21.64, 221.63, 21.99, 192.11, 22.77, 86.07, 22.85], (130.5692, 523.4257, 1306.2)]
[4.42, [440.4, 68.58, 28.96, 26.57, 296.66, 21.75, 223.33, 21.93, 191.03, 22.68, 87.18, 22.89], (131.1985, 523.683, 1309.724)]
[4.68, [440.4, 68.58, 28.96, 24.9, 300.58, 21.75, 218.32, 21.99, 195.11, 22.86, 87.87, 22.56], (130.731, 525.5672, 1310.264)]
[6.08, [440.4, 68.58, 28.96, 24.9, 296.66, 21.75, 224.19, 21.95, 192.11, 22.79, 86.07, 22.56], (131.1747, 525.335, 1309.949)]
[9.15, [440.4, 68.58, 28.96, 27.53, 296.19, 21.75, 221.63, 21.99, 192.11, 22.68, 87.18, 22.89], (130.9524, 524.9116, 1315.098)]
[9.95, [440.4, 68.58, 28.96, 27.53, 296.03, 21.75, 221.63, 21.99, 192.11, 22.68, 87.18, 22.89], (130.9688, 525.089, 1315.629)]
[12.92, [440.4, 68.58, 28.96, 24.9, 299.64, 21.68, 221.63, 21.93, 191.03, 22.68, 87.18, 22.89], (131.3601, 522.1492, 1300.36)]
[15.42, [440.4, 68.58, 28.96, 27.53, 296.19, 21.75, 221.63, 21.99, 192.21, 22.77, 88.83, 22.85], (130.4405, 525.3813, 1319.145)]
[15.86, [440.4, 68.58, 28.96, 27.53, 296.03, 21.75, 221.63, 21.99, 192.21, 22.77, 88.83, 22.85], (130.4571, 525.5436, 1319.572)]
[15.99, [440.4, 68.58, 28.96, 24.9, 299.42, 21.75, 221.63, 21.99, 192.21, 22.77, 88.83, 22.89], (130.0978, 520.4139, 1301.027)]
[16.24, [440.4, 68.58, 28.96, 24.9, 299.64, 21.68, 221.63, 21.93, 191.03, 22.68, 86.07, 22.86], (131.3772, 521.6802, 1297.698)]
[16.78, [440.4, 68.58, 28.96, 27.53, 296.19, 21.75, 221.63, 21.99, 192.11, 22.79, 86.07, 22.56], (131.0742, 527.4216, 1319.402)]
[17.46, [440.4, 68.58, 28.96, 24.9, 296.66, 21.75, 224.19, 21.85, 192.11, 22.86, 87.87, 22.56], (131.4539, 527.3828, 1316.326)]
[18.45, [440.4, 68.58, 28.96, 24.9, 296.28, 21.53, 221.63, 21.99, 192.11, 22.63, 81.65, 22.85], (131.7917, 524.5124, 1300.623)]
[19.74, [440.4, 68.58, 28.96, 27.53, 296.03, 21.61, 221.63, 21.99, 192.11, 22.68, 87.18, 22.89], (131.3355, 527.3876, 1319.957)]
[20.78, [440.4, 68.58, 28.96, 22.79, 296.66, 21.75, 218.32, 21.99, 192.11, 23.07, 88.83, 22.56], (129.4105, 524.7467, 1310.807)]
[22.58, [440.4, 68.58, 28.96, 22.79, 296.66, 21.75, 223.33, 21.93, 191.03, 22.68, 87.18, 22.89], (132.2711, 523.8086, 1303.711)]
[32.34, [440.4, 68.58, 28.96, 22.79, 299.64, 21.85, 221.63, 21.99, 190.19, 22.68, 86.07, 22.89], (130.4826, 516.5011, 1284.441)]
[254.74, [440.4, 68.58, 28.96, 27.53, 296.03, 21.75, 225.24, 21.99, 190.19, 22.68, 87.53, 22.89], (130.5363, 339.131, 1238.963)]
[1095.63, [440.4, 68.58, 28.96, 24.9, 296.66, 21.75, 224.19, 21.95, 192.11, 22.41, 87.18, 22.89], (133.4746, 734.5952, 2148.995)]
[1975.69, [440.4, 68.58, 28.96, 27.53, 296.03, 21.75, 221.63, 22.2, 190.19, 22.68, 90.69, 22.85], (130.4062, 1297.092, 2507.387)]
[4466.51, [440.4, 68.58, 28.96, 22.79, 296.66, 21.75, 223.33, 21.93, 191.03, 22.68, 87.18, 22.89], (185.0986, 693.4029, 1604.795)]
[5416.03, [440.4, 68.58, 28.96, 61.9, 363.58, 15.81, 234.7, 20.96, 216.64, 20.01, 84.67, 16.29], (192.2312, 736.3988, 1697.687)]
[12256.97, [440.4, 68.58, 28.96, 24.9, 299.64, 21.85, 221.63, 21.95, 192.11, 22.68, 87.18, 22.63], (23.66856, 134.0818, 530.9126)]
[12278.28, [440.4, 68.58, 28.96, 24.9, 296.66, 21.66, 223.01, 21.99, 192.11, 22.77, 86.07, 22.85], (24.2058, 60.45687, 499.9156)]
[27131.39, [440.4, 68.58, 28.96, 24.9, 299.64, 21.75, 221.63, 21.99, 192.11, 22.68, 87.18, 22.89], (324.5762, 597.47, 1393.69)]
[60646.04, [440.4, 68.58, 28.96, 24.9, 299.64, 21.75, 218.53, 21.99, 195.11, 22.86, 87.87, 22.56], (456.074, 1328.099, 2488.526)]
[78872.98, [440.4, 68.58, 28.96, 24.9, 299.64, 21.75, 219.46, 21.99, 190.19, 22.68, 90.69, 22.89], (520.941, 1305.45, 2342.168)]
[82169.26, [440.4, 68.58, 28.96, 24.9, 299.64, 21.68, 221.63, 21.93, 191.03, 22.68, 86.07, 22.86], (531.9992, 1316.984, 2327.535)]
[259891.73, [440.4, 68.58, 28.96, 24.9, 296.66, 21.54, 224.19, 21.95, 192.11, 22.68, 86.07, 22.86], (1003.966, 1304.267, 2409.447)]

Population size: 30
Number of couples: 14
Number of kept parents: 0
Best parent kept: True
Mutation Probability: 0.05
Mutation range (x, y): 5, 0.3
Number of Parameters: 4

Written time: 26/03/2023 13:04:51