[3.36, [440.4, 68.58, 28.96, 27.53, 300.32, 20.95, 221.68, 22.05, 188.45, 22.79, 86.07, 22.98], (130.6033, 525.6113, 1308.09)]
[4.44, [440.4, 68.58, 28.96, 26.51, 297.43, 21.51, 221.63, 21.99, 191.75, 22.68, 86.07, 23.08], (130.6798, 522.696, 1304.736)]
[9.44, [440.4, 68.58, 28.96, 21.4, 294.43, 21.2, 222.34, 22.07, 186.25, 22.89, 84.88, 22.58], (131.1519, 528.7692, 1310.082)]
[10.25, [440.4, 68.58, 28.96, 26.11, 297.43, 21.44, 223.65, 22.06, 192.2, 22.78, 84.77, 22.56], (131.039, 527.2492, 1313.311)]
[11.25, [440.4, 68.58, 28.96, 25.29, 296.03, 21.2, 226.23, 22.06, 192.2, 22.78, 86.07, 22.85], (130.5144, 526.8802, 1314.116)]
[13.07, [440.4, 68.58, 28.96, 21.4, 294.43, 21.03, 229.67, 22.14, 190.18, 22.78, 86.07, 22.94], (129.9096, 524.2226, 1304.613)]
[13.5, [440.4, 68.58, 28.96, 25.29, 296.47, 21.34, 226.23, 22.06, 190.79, 22.68, 84.77, 22.85], (130.9432, 524.4019, 1320.01)]
[16.24, [440.4, 68.58, 28.96, 23.58, 296.03, 21.2, 226.23, 22.06, 192.2, 22.68, 85.77, 22.85], (131.524, 528.2602, 1313.37)]
[16.49, [440.4, 68.58, 28.96, 22.79, 296.03, 21.2, 222.34, 22.07, 186.25, 22.68, 85.77, 22.85], (131.925, 527.6849, 1308.46)]
[25.46, [440.4, 68.58, 28.96, 25.29, 296.03, 21.2, 226.23, 22.06, 192.2, 22.78, 84.77, 22.56], (131.4947, 530.7339, 1320.481)]
[26.42, [440.4, 68.58, 28.96, 25.29, 296.03, 21.45, 221.63, 21.99, 191.75, 22.68, 86.07, 22.85], (131.9146, 528.9609, 1317.279)]
[26.46, [440.4, 68.58, 28.96, 25.29, 296.03, 21.45, 227.63, 22.14, 190.18, 22.78, 84.77, 22.73], (129.4715, 520.5236, 1299.933)]
[30.18, [440.4, 68.58, 28.96, 26.33, 297.43, 21.32, 220.27, 22.19, 192.2, 22.68, 84.77, 22.56], (131.6486, 531.0791, 1322.849)]
[52.27, [440.4, 68.58, 28.96, 25.29, 296.03, 21.45, 226.23, 22.14, 190.18, 22.78, 84.77, 22.98], (128.709, 517.0948, 1292.54)]
[52.48, [440.4, 68.58, 28.96, 28.12, 299.33, 21.34, 226.23, 22.06, 192.2, 22.61, 88.65, 22.58], (132.4999, 532.1594, 1329.793)]
[53.35, [440.4, 68.58, 28.96, 26.33, 297.43, 21.32, 221.68, 22.19, 192.2, 22.62, 79.97, 23.21], (129.2229, 515.8343, 1282.247)]
[58.83, [440.4, 68.58, 28.96, 27.53, 293.03, 21.22, 223.65, 22.06, 192.2, 22.73, 89.3, 22.85], (131.7339, 536.3277, 1345.05)]
[63.23, [440.4, 68.58, 28.96, 26.11, 297.43, 21.44, 220.0, 22.06, 192.2, 22.59, 84.77, 22.56], (133.1799, 533.3829, 1324.817)]
[168.59, [440.4, 68.58, 28.96, 26.51, 297.43, 21.51, 221.63, 22.05, 188.45, 22.65, 86.07, 22.98], (130.8539, 406.9803, 1255.892)]
[4350.59, [440.4, 68.58, 28.96, 25.29, 299.33, 21.24, 226.23, 22.06, 192.2, 22.61, 88.65, 22.73], (84.20349, 132.3511, 530.5213)]
[7819.73, [440.4, 68.58, 28.96, 38.8, 335.62, 22.89, 226.05, 20.77, 193.51, 18.49, 114.72, 22.19], (53.78212, 166.4003, 606.0417)]
[10084.29, [440.4, 68.58, 28.96, 25.29, 296.03, 21.2, 226.23, 22.06, 192.2, 22.89, 84.88, 22.58], (30.393, 508.3304, 1314.433)]
[10313.18, [440.4, 68.58, 28.96, 22.79, 296.03, 21.03, 217.9, 22.07, 186.25, 22.89, 87.34, 22.51], (36.55967, 132.3687, 536.3336)]
[10751.08, [440.4, 68.58, 28.96, 27.53, 300.32, 20.95, 221.68, 22.05, 188.45, 22.79, 86.07, 22.73], (30.78261, 335.4133, 749.4497)]
[11366.97, [440.4, 68.58, 28.96, 21.4, 294.43, 21.2, 222.34, 22.07, 186.25, 22.89, 84.88, 22.58], (23.72285, 240.5387, 1306.034)]
[11638.04, [440.4, 68.58, 28.96, 26.51, 297.43, 21.51, 226.23, 22.14, 190.18, 22.78, 84.77, 22.73], (20.61792, 583.896, 1317.922)]
[12009.72, [440.4, 68.58, 28.96, 21.4, 294.43, 21.2, 222.34, 22.07, 186.25, 23.18, 84.88, 22.85], (21.48019, 315.2254, 938.5345)]
[39612.64, [440.4, 68.58, 28.96, 27.53, 297.05, 21.51, 225.99, 22.11, 192.2, 22.69, 88.65, 22.48], (373.1784, 1330.278, 2382.079)]
[42114.15, [440.4, 68.58, 28.96, 27.53, 300.32, 20.71, 221.68, 21.99, 191.75, 22.79, 86.07, 22.98], (384.0955, 1269.077, 2366.917)]
[76206.44, [440.4, 68.58, 28.96, 21.4, 300.32, 21.34, 221.63, 22.11, 192.2, 22.58, 88.65, 22.69], (511.8589, 1314.134, 2342.016)]

Population size: 30
Number of couples: 14
Number of kept parents: 0
Best parent kept: True
Mutation Probability: 0.05
Mutation range (x, y): 5, 0.3

Written time: 25/03/2023 01:34:22