[164.16, [440.4, 68.58, 28.96, 62.25, 321.7, 20.1, 263.64, 21.57, 179.93, 23.18, 80.23, 22.22], (126.6196, 498.672, 1254.422)]
[459.05, [440.4, 68.58, 28.96, 48.45, 330.48, 22.25, 278.42, 22.08, 178.62, 22.22, 117.97, 17.0], (140.2615, 565.81, 1434.191)]
[511.28, [440.4, 68.58, 28.96, 4.09, 303.5, 21.22, 235.82, 22.89, 184.03, 23.4, 79.42, 22.22], (120.0327, 483.7698, 1190.284)]
[724.97, [440.4, 68.58, 28.96, 23.15, 304.26, 21.07, 235.82, 22.72, 186.89, 23.4, 135.03, 15.25], (139.2956, 646.6905, 1662.608)]
[748.06, [440.4, 68.58, 28.96, 55.26, 359.59, 19.86, 278.42, 22.08, 178.96, 22.66, 135.03, 15.66], (143.9811, 597.5516, 1504.046)]
[1236.38, [440.4, 68.58, 28.96, 57.31, 353.09, 20.19, 284.83, 22.9, 179.98, 23.4, 80.23, 22.22], (110.8902, 429.4882, 1054.767)]
[1301.94, [440.4, 68.58, 28.96, 33.87, 317.1, 16.69, 273.78, 22.08, 177.88, 21.09, 120.9, 22.21], (152.4907, 606.2131, 1517.811)]
[2182.38, [440.4, 68.58, 28.96, 33.87, 312.61, 20.27, 238.33, 22.89, 190.67, 17.88, 85.22, 22.37], (164.5334, 607.1349, 1448.51)]
[2456.45, [440.4, 68.58, 28.96, 25.14, 302.52, 20.76, 235.82, 23.19, 182.73, 17.61, 123.34, 21.79], (165.7861, 651.3342, 1568.254)]
[2779.22, [440.4, 68.58, 28.96, 25.1, 303.92, 20.27, 238.33, 22.89, 177.88, 16.83, 84.17, 22.98], (170.8873, 619.4057, 1454.327)]
[3440.74, [440.4, 68.58, 28.96, 28.22, 308.83, 20.18, 235.82, 23.13, 168.85, 15.8, 125.15, 22.73], (175.8744, 668.1375, 1579.116)]
[3838.74, [440.4, 68.58, 28.96, 25.51, 303.92, 19.06, 235.13, 22.89, 186.06, 17.78, 81.14, 18.73], (179.2842, 693.0068, 1602.487)]
[4256.21, [440.4, 68.58, 28.96, 49.91, 365.32, 14.99, 283.63, 21.49, 183.67, 18.54, 116.99, 21.12], (183.8251, 664.858, 1562.958)]
[4487.4, [440.4, 68.58, 28.96, 25.51, 308.12, 20.27, 239.06, 22.89, 189.95, 17.31, 127.28, 15.75], (183.0168, 765.485, 1781.459)]
[5243.54, [440.4, 68.58, 28.96, 25.14, 303.92, 16.69, 273.78, 21.97, 181.89, 16.83, 84.17, 22.55], (192.0859, 689.1826, 1589.481)]
[5469.53, [440.4, 68.58, 28.96, 43.84, 330.48, 22.65, 278.42, 22.08, 205.03, 15.12, 77.18, 15.82], (193.6302, 707.3081, 1614.886)]
[6653.25, [440.4, 68.58, 28.96, 28.22, 303.4, 20.16, 226.13, 16.67, 205.03, 22.63, 117.4, 17.19], (201.2682, 771.0624, 1799.734)]
[6670.34, [440.4, 68.58, 28.96, 20.03, 316.45, 22.69, 268.93, 18.65, 147.21, 17.49, 124.15, 18.69], (203.4285, 697.5622, 1616.251)]
[7707.08, [440.4, 68.58, 28.96, 24.6, 315.52, 19.45, 274.81, 22.08, 183.74, 15.12, 77.18, 15.33], (210.0632, 764.944, 1718.458)]
[11425.56, [440.4, 68.58, 28.96, 25.14, 307.35, 20.76, 235.82, 16.53, 191.26, 18.71, 75.93, 15.48], (238.1556, 637.4454, 1118.126)]
[11451.33, [440.4, 68.58, 28.96, 33.87, 312.61, 16.69, 273.78, 21.65, 186.06, 17.82, 85.22, 22.37], (25.63237, 196.0115, 971.1108)]
[11609.55, [440.4, 68.58, 28.96, 4.09, 354.02, 16.83, 241.06, 22.68, 181.1, 23.1, 98.85, 15.47], (22.18805, 622.128, 1497.55)]
[12295.47, [440.4, 68.58, 28.96, 44.56, 324.32, 22.47, 214.47, 20.42, 202.55, 17.08, 84.17, 22.55], (22.51454, 178.6615, 627.4948)]
[14812.58, [440.4, 68.58, 28.96, 58.97, 359.59, 19.45, 264.81, 15.52, 192.11, 16.97, 117.97, 16.73], (255.405, 841.0183, 1895.887)]
[17694.14, [440.4, 68.58, 28.96, 53.66, 359.59, 20.32, 278.42, 22.08, 178.96, 22.44, 79.42, 22.22], (269.556, 1092.774, 2090.319)]
[17933.69, [440.4, 68.58, 28.96, 10.04, 313.02, 15.74, 245.8, 16.81, 155.58, 16.59, 134.93, 15.45], (272.0086, 934.1045, 2053.291)]
[131436.62, [440.4, 68.58, 28.96, 26.69, 354.53, 16.62, 241.98, 16.25, 191.26, 18.71, 77.13, 15.68], (672.9084, 2846.984, 4205.255)]
[132803.26, [440.4, 68.58, 28.96, 25.14, 303.92, 20.76, 235.82, 22.89, 186.06, 17.57, 90.84, 16.91], (684.2024, 1619.878, 2834.168)]
[149662.08, [440.4, 68.58, 28.96, 28.22, 303.4, 20.26, 226.13, 16.67, 178.62, 22.74, 122.64, 16.85], (730.0307, 1784.959, 3026.462)]
[173185.65, [440.4, 68.58, 28.96, 74.97, 299.94, 20.2, 239.06, 22.89, 189.95, 17.78, 127.28, 15.63], (790.6561, 2053.953, 3466.47)]

Population size: 30
Number of couples: 13
Number of kept parents: 0
Best parent kept: True
Mutation Probability: 0.3
Mutation range (x, y): 5, 0.5