[486.29, [440.4, 68.58, 28.96, 10.72, 352.8, 20.85, 243.59, 22.7, 154.72, 21.11, 93.75, 16.79], (143.4466, 551.0322, 1298.666)]
[717.88, [440.4, 68.58, 28.96, 65.1, 308.14, 17.25, 269.35, 22.32, 218.21, 22.11, 106.4, 21.78], (141.4853, 601.5459, 1599.071)]
[2235.37, [440.4, 68.58, 28.96, 17.83, 304.02, 21.05, 237.68, 22.64, 194.37, 17.97, 81.95, 22.32], (165.4675, 602.6133, 1424.094)]
[2474.54, [440.4, 68.58, 28.96, 41.18, 355.38, 17.1, 262.58, 21.82, 205.73, 20.02, 87.35, 20.06], (167.6298, 620.7528, 1451.243)]
[2626.65, [440.4, 68.58, 28.96, 56.33, 339.87, 14.53, 263.32, 19.76, 201.83, 19.28, 108.91, 15.02], (165.6657, 218.9997, 1043.301)]
[2674.28, [440.4, 68.58, 28.96, 61.09, 329.22, 18.22, 281.57, 21.35, 206.02, 21.17, 88.75, 17.17], (167.8831, 654.8865, 1593.754)]
[3445.63, [440.4, 68.58, 28.96, 53.14, 357.29, 21.03, 271.6, 19.89, 214.43, 19.88, 136.71, 21.13], (176.5211, 641.9107, 1544.882)]
[4408.19, [440.4, 68.58, 28.96, 45.0, 358.49, 22.0, 268.16, 21.03, 150.42, 15.78, 106.16, 19.51], (186.3494, 645.5918, 1455.26)]
[4438.8, [440.4, 68.58, 28.96, 71.16, 297.5, 20.65, 246.53, 20.45, 149.29, 22.56, 143.34, 16.28], (78.55166, 208.045, 962.6104)]
[4505.55, [440.4, 68.58, 28.96, 52.29, 330.82, 20.02, 234.65, 16.46, 154.6, 21.67, 89.21, 21.8], (186.823, 641.9237, 1503.232)]
[5090.81, [440.4, 68.58, 28.96, 53.98, 305.74, 22.72, 266.83, 17.11, 162.97, 21.99, 136.76, 17.86], (189.0827, 703.8609, 1770.341)]
[5311.36, [440.4, 68.58, 28.96, 36.9, 343.4, 22.1, 269.2, 15.6, 189.26, 22.44, 77.96, 16.46], (193.5523, 667.1673, 1506.11)]
[5466.07, [440.4, 68.58, 28.96, 63.41, 295.57, 18.35, 228.89, 19.85, 200.2, 20.27, 98.09, 19.78], (191.3714, 751.147, 1833.692)]
[6059.36, [440.4, 68.58, 28.96, 58.12, 333.43, 19.86, 286.66, 15.35, 214.83, 19.49, 122.27, 22.89], (197.7903, 724.6943, 1684.648)]
[8311.64, [440.4, 68.58, 28.96, 30.46, 335.86, 22.79, 273.44, 18.49, 172.74, 15.12, 123.55, 20.96], (215.794, 698.1426, 1610.892)]
[8727.79, [440.4, 68.58, 28.96, 18.59, 362.05, 17.28, 269.09, 19.06, 175.47, 17.81, 106.77, 21.11], (208.2196, 1361.568, 2387.295)]
[9348.32, [440.4, 68.58, 28.96, 67.6, 345.95, 15.11, 223.72, 16.85, 177.0, 19.73, 132.38, 21.79], (220.069, 811.9155, 1935.293)]
[9502.3, [440.4, 68.58, 28.96, 18.53, 298.24, 16.94, 285.9, 17.74, 217.81, 20.12, 131.69, 17.25], (221.1217, 837.0729, 1914.491)]
[10455.46, [440.4, 68.58, 28.96, 30.7, 319.04, 21.48, 239.92, 15.5, 217.58, 16.97, 115.07, 21.35], (229.2957, 756.9046, 1756.663)]
[10961.04, [440.4, 68.58, 28.96, 52.27, 299.18, 22.47, 252.46, 20.2, 200.23, 15.78, 99.58, 22.38], (35.03137, 47.22344, 197.0875)]
[12181.49, [440.4, 68.58, 28.96, 70.98, 320.82, 17.89, 253.06, 18.68, 190.38, 17.43, 145.63, 15.29], (23.23402, 926.3708, 1928.376)]
[12914.08, [440.4, 68.58, 28.96, 34.4, 342.21, 17.76, 279.8, 18.44, 165.13, 15.72, 136.87, 17.25], (244.7441, 245.9542, 832.1811)]
[13045.63, [440.4, 68.58, 28.96, 66.76, 307.55, 16.66, 229.02, 21.18, 216.6, 14.52, 110.79, 17.66], (242.7208, 912.6998, 2125.98)]
[14933.44, [440.4, 68.58, 28.96, 67.53, 327.39, 16.57, 227.85, 18.28, 161.63, 15.05, 104.55, 17.49], (255.0467, 890.6044, 2027.106)]
[17421.63, [440.4, 68.58, 28.96, 60.71, 335.8, 16.8, 262.46, 16.9, 171.21, 14.57, 103.43, 17.58], (269.6984, 888.3552, 1997.063)]
[18738.06, [440.4, 68.58, 28.96, 63.26, 321.06, 16.2, 230.71, 15.89, 202.86, 16.5, 104.07, 17.22], (275.7452, 939.7432, 2181.63)]
[19050.76, [440.4, 68.58, 28.96, 46.91, 321.43, 18.49, 286.91, 16.3, 148.48, 14.53, 138.02, 15.51], (278.0399, 926.5036, 2091.551)]
[27856.45, [440.4, 68.58, 28.96, 27.33, 359.7, 17.83, 243.98, 16.52, 202.02, 14.69, 100.57, 15.44], (322.2296, 1020.538, 2184.155)]
[66989.29, [440.4, 68.58, 28.96, 46.24, 339.4, 15.19, 291.15, 22.41, 213.94, 15.84, 138.78, 17.53], (474.1016, 1578.126, 3637.869)]
[187058.6, [440.4, 68.58, 28.96, 25.87, 355.07, 16.24, 274.52, 15.97, 174.67, 15.14, 108.62, 20.08], (827.5874, 1817.325, 3148.71)]

Population size: 30
Number of couples: 13
Number of kept parents: 0
Best parent kept: True
Mutation Probability: 0.3
Mutation range (x, y): 5, 0.5