[8.69, [440.4, 68.58, 28.96, 25.29, 298.89, 21.34, 226.23, 22.06, 192.2, 22.61, 88.65, 22.96], (131.2838, 525.3969, 1311.448)]
[10.35, [440.4, 68.58, 28.96, 28.84, 295.49, 21.16, 227.36, 21.92, 181.17, 22.73, 83.32, 22.96], (131.161, 522.3413, 1300.74)]
[14.69, [440.4, 68.58, 28.96, 29.22, 297.39, 21.16, 224.59, 21.92, 181.17, 22.73, 83.32, 23.0], (131.1623, 521.4814, 1297.277)]
[28.76, [440.4, 68.58, 28.96, 28.93, 303.24, 20.81, 240.89, 21.6, 190.13, 22.78, 83.41, 22.76], (132.1472, 523.2354, 1294.793)]
[57.68, [440.4, 68.58, 28.96, 24.89, 303.24, 21.07, 241.64, 21.6, 190.13, 22.78, 79.08, 22.82], (131.2158, 513.6679, 1262.588)]
[72.56, [440.4, 68.58, 28.96, 28.19, 301.67, 21.0, 240.89, 21.78, 188.87, 22.78, 80.25, 23.03], (129.3521, 510.6849, 1265.799)]
[86.09, [440.4, 68.58, 28.96, 24.89, 301.84, 20.91, 240.89, 21.82, 188.87, 22.78, 82.66, 23.2], (128.9058, 509.4904, 1262.141)]
[92.73, [440.4, 68.58, 28.96, 25.29, 298.89, 21.46, 222.43, 22.07, 186.25, 22.89, 75.18, 22.69], (128.6599, 510.489, 1259.757)]
[104.76, [440.4, 68.58, 28.96, 15.68, 308.23, 17.74, 231.48, 22.48, 184.77, 22.51, 81.82, 23.04], (134.3762, 545.4861, 1323.4)]
[105.62, [440.4, 68.58, 28.96, 24.13, 308.65, 21.01, 240.89, 21.82, 188.87, 22.78, 83.41, 23.03], (128.9883, 505.0644, 1245.346)]
[108.66, [440.4, 68.58, 28.96, 29.46, 312.61, 21.09, 226.92, 22.1, 192.2, 22.78, 84.47, 22.96], (128.1045, 507.6522, 1259.641)]
[111.44, [440.4, 68.58, 28.96, 17.6, 308.66, 21.07, 226.48, 22.1, 182.97, 22.63, 74.92, 22.91], (130.2187, 503.0772, 1221.45)]
[112.1, [440.4, 68.58, 28.96, 22.43, 309.67, 21.38, 233.97, 22.2, 184.54, 22.75, 88.86, 22.61], (128.2946, 505.4464, 1253.797)]
[147.09, [440.4, 68.58, 28.96, 26.4, 303.53, 21.22, 228.67, 22.26, 179.93, 22.87, 80.38, 22.66], (127.1258, 504.4517, 1250.638)]
[187.46, [440.4, 68.58, 28.96, 18.21, 315.4, 21.11, 229.3, 22.2, 179.93, 22.93, 84.88, 22.66], (127.1479, 496.7777, 1217.308)]
[439.37, [440.4, 68.58, 28.96, 19.14, 305.62, 20.9, 271.11, 22.89, 214.96, 23.01, 70.57, 15.22], (139.1588, 588.4731, 1441.173)]
[627.22, [440.4, 68.58, 28.96, 26.4, 303.53, 21.07, 271.11, 23.06, 186.25, 22.7, 76.53, 22.69], (118.4465, 466.1569, 1172.888)]
[1068.04, [440.4, 68.58, 28.96, 28.27, 312.61, 20.99, 220.05, 22.08, 215.23, 23.01, 69.45, 15.22], (148.7562, 629.2307, 1510.127)]
[1436.12, [440.4, 68.58, 28.96, 25.29, 298.32, 21.34, 229.37, 22.06, 192.2, 22.61, 84.47, 22.96], (130.7152, 938.6726, 2328.52)]
[3732.17, [440.4, 68.58, 28.96, 70.16, 347.93, 15.36, 237.68, 21.04, 186.31, 22.12, 136.95, 17.22], (175.1214, 748.1456, 1866.034)]
[10053.36, [440.4, 68.58, 28.96, 28.0, 366.57, 16.27, 280.47, 15.84, 170.11, 18.75, 86.03, 19.82], (227.5745, 744.6312, 1621.929)]
[10275.41, [440.4, 68.58, 28.96, 59.03, 346.32, 17.65, 264.43, 17.95, 181.49, 16.43, 124.28, 21.7], (227.7195, 768.2983, 1798.916)]
[10911.22, [440.4, 68.58, 28.96, 15.56, 308.23, 17.74, 235.89, 22.32, 189.32, 22.46, 84.68, 23.04], (32.38321, 135.5044, 550.0498)]
[11962.7, [440.4, 68.58, 28.96, 23.82, 300.43, 17.66, 245.38, 21.26, 176.96, 22.02, 84.52, 22.89], (25.16784, 147.2077, 580.0936)]
[51432.59, [440.4, 68.58, 28.96, 25.29, 297.53, 21.44, 227.36, 22.05, 192.2, 22.61, 84.47, 22.96], (424.9859, 905.3593, 1903.638)]
[61248.51, [440.4, 68.58, 28.96, 25.56, 296.56, 21.34, 272.1, 21.6, 190.13, 22.78, 83.41, 22.63], (459.273, 1255.955, 2295.601)]
[64012.34, [440.4, 68.58, 28.96, 26.26, 295.49, 21.1, 227.36, 21.78, 181.17, 22.71, 83.32, 23.03], (469.0926, 1297.363, 2328.696)]
[73395.41, [440.4, 68.58, 28.96, 24.89, 299.89, 21.0, 235.67, 21.56, 181.37, 22.75, 107.86, 22.52], (501.0808, 1438.572, 2540.013)]
[75878.05, [440.4, 68.58, 28.96, 30.1, 301.04, 21.07, 241.15, 21.82, 188.87, 22.78, 83.41, 22.89], (510.9042, 1282.064, 2325.059)]
[96664.26, [440.4, 68.58, 28.96, 28.19, 301.14, 21.07, 244.65, 22.95, 206.81, 23.01, 73.32, 15.03], (577.4354, 1501.373, 2607.579)]

Population size: 30
Number of couples: 13
Number of kept parents: 0
Best parent kept: True
Mutation Probability: 0.3
Mutation range (x, y): 5, 0.2

Written time: 24/03/2023 22:28:58