[60.15, [440.4, 68.58, 28.96, 25.48, 302.05, 21.18, 227.02, 22.24, 186.25, 22.75, 83.32, 22.69], (129.0724, 515.0838, 1279.116)]
[73.98, [440.4, 68.58, 28.96, 13.36, 310.47, 21.24, 280.26, 23.01, 177.34, 23.31, 75.5, 15.4], (127.5675, 530.961, 1315.928)]
[92.61, [440.4, 68.58, 28.96, 28.78, 308.09, 21.28, 275.21, 22.63, 177.44, 23.22, 75.5, 15.37], (131.5056, 548.4779, 1369.753)]
[114.52, [440.4, 68.58, 28.96, 17.93, 313.81, 21.34, 277.41, 23.0, 167.78, 23.21, 77.12, 15.61], (126.1997, 521.2358, 1294.709)]
[127.04, [440.4, 68.58, 28.96, 17.93, 307.81, 21.37, 237.94, 22.71, 171.18, 23.2, 75.5, 15.5], (132.4731, 558.122, 1378.908)]
[177.67, [440.4, 68.58, 28.96, 49.95, 360.22, 20.01, 277.41, 23.0, 173.27, 23.07, 77.12, 15.42], (126.3601, 510.2256, 1237.448)]
[255.99, [440.4, 68.58, 28.96, 23.87, 304.8, 21.22, 235.7, 22.63, 190.95, 22.83, 83.32, 22.69], (124.2039, 498.797, 1246.502)]
[256.67, [440.4, 68.58, 28.96, 54.48, 305.19, 21.13, 237.43, 22.59, 181.38, 23.44, 73.05, 15.41], (132.8014, 579.4195, 1480.598)]
[270.17, [440.4, 68.58, 28.96, 69.04, 302.63, 21.04, 280.26, 23.01, 177.72, 23.31, 75.5, 15.4], (126.7041, 549.8822, 1468.384)]
[287.87, [440.4, 68.58, 28.96, 16.59, 306.76, 20.95, 227.21, 22.95, 209.25, 23.01, 79.45, 22.47], (123.1414, 504.6769, 1251.319)]
[290.9, [440.4, 68.58, 28.96, 22.96, 306.76, 21.14, 235.83, 22.82, 184.39, 23.03, 75.5, 15.29], (135.5762, 582.0231, 1436.304)]
[301.35, [440.4, 68.58, 28.96, 18.3, 340.56, 20.7, 219.81, 22.95, 210.62, 23.01, 75.5, 15.29], (137.2776, 580.4341, 1387.93)]
[457.34, [440.4, 68.58, 28.96, 16.56, 298.6, 21.06, 237.94, 22.71, 173.76, 23.29, 82.85, 22.54], (120.5098, 487.812, 1216.951)]
[539.97, [440.4, 68.58, 28.96, 23.97, 308.09, 21.28, 229.84, 22.26, 184.67, 23.04, 75.5, 15.3], (141.011, 593.3267, 1452.36)]
[560.32, [440.4, 68.58, 28.96, 23.87, 304.44, 21.31, 235.8, 22.63, 188.42, 22.87, 87.78, 22.82], (125.5057, 916.2688, 1263.092)]
[580.09, [440.4, 68.58, 28.96, 23.87, 301.05, 21.31, 236.36, 22.63, 190.19, 22.83, 83.32, 15.41], (140.6063, 606.8879, 1498.112)]
[632.55, [440.4, 68.58, 28.96, 55.09, 303.28, 20.93, 240.03, 22.59, 181.38, 23.44, 73.05, 22.69], (116.9332, 480.0194, 1235.917)]
[701.51, [440.4, 68.58, 28.96, 17.93, 308.74, 21.29, 237.94, 22.71, 175.53, 23.2, 79.45, 22.57], (119.9124, 518.2248, 1644.718)]
[948.84, [440.4, 68.58, 28.96, 67.87, 305.48, 21.04, 278.16, 22.72, 180.05, 23.55, 84.22, 22.31], (112.3023, 458.1089, 1220.835)]
[1619.75, [440.4, 68.58, 28.96, 23.2, 309.32, 21.2, 237.77, 22.82, 190.67, 23.01, 75.21, 22.29], (121.2655, 881.1165, 2275.007)]
[2189.54, [440.4, 68.58, 28.96, 48.46, 360.22, 19.95, 285.17, 19.8, 199.09, 17.6, 95.19, 20.27], (98.41249, 670.081, 1506.553)]
[2821.39, [440.4, 68.58, 28.96, 17.06, 308.63, 21.0, 235.83, 22.82, 185.02, 22.87, 75.5, 15.6], (100.0147, 137.2534, 581.9262)]
[2930.7, [440.4, 68.58, 28.96, 58.45, 360.97, 16.07, 254.59, 19.99, 199.91, 22.19, 87.29, 17.61], (170.8598, 665.9838, 1561.832)]
[3772.53, [440.4, 68.58, 28.96, 72.4, 326.63, 14.8, 265.87, 17.94, 215.9, 22.76, 95.17, 18.99], (176.5632, 729.0759, 1780.34)]
[5968.23, [440.4, 68.58, 28.96, 13.37, 313.18, 21.59, 286.1, 19.8, 194.18, 17.6, 93.9, 20.12], (198.8039, 663.5501, 1529.762)]
[9543.4, [440.4, 68.58, 28.96, 18.3, 340.56, 20.95, 237.94, 22.86, 180.05, 23.57, 75.5, 15.29], (36.75443, 128.9818, 1281.155)]
[10171.25, [440.4, 68.58, 28.96, 55.86, 304.03, 19.33, 275.22, 18.74, 179.66, 17.0, 116.38, 18.69], (226.079, 800.2204, 1904.043)]
[11795.92, [440.4, 68.58, 28.96, 69.04, 303.68, 21.04, 275.46, 22.72, 180.05, 23.37, 77.85, 22.47], (22.27297, 142.6521, 1200.783)]
[66976.22, [440.4, 68.58, 28.96, 17.06, 303.77, 21.0, 232.45, 22.83, 189.11, 22.76, 79.45, 22.67], (480.5769, 1178.49, 2216.354)]
[90402.62, [440.4, 68.58, 28.96, 13.36, 314.25, 21.39, 228.31, 22.11, 186.32, 22.9, 83.32, 22.69], (558.4609, 1374.78, 2423.133)]

Population size: 30
Number of couples: 13
Number of kept parents: 0
Best parent kept: True
Mutation Probability: 0.3
Mutation range (x, y): 5, 0.2