[2.69, [440.4, 68.58, 28.96, 25.29, 296.03, 21.75, 221.63, 21.99, 191.75, 22.68, 86.07, 22.85], (131.1353, 524.0866, 1308.152)]
[6.79, [440.4, 68.58, 28.96, 25.29, 296.03, 21.75, 221.63, 21.99, 191.75, 22.68, 86.07, 22.98], (130.6526, 521.833, 1303.397)]
[9.55, [440.4, 68.58, 28.96, 23.58, 296.03, 21.2, 221.68, 22.05, 188.45, 22.79, 86.07, 22.85], (131.1409, 527.7298, 1311.328)]
[9.72, [440.4, 68.58, 28.96, 25.29, 296.03, 21.75, 222.34, 22.07, 190.18, 22.78, 84.77, 22.36], (131.1419, 526.646, 1312.57)]
[11.32, [440.4, 68.58, 28.96, 23.58, 296.03, 21.2, 221.68, 22.05, 188.45, 22.79, 86.07, 22.98], (130.6504, 533.0099, 1307.219)]
[12.19, [440.4, 68.58, 28.96, 27.53, 296.03, 21.2, 221.68, 22.05, 188.45, 22.79, 86.07, 22.98], (130.4281, 526.3777, 1314.809)]
[14.76, [440.4, 68.58, 28.96, 25.29, 296.03, 21.2, 221.63, 22.07, 186.25, 22.89, 84.77, 22.85], (129.8419, 523.5166, 1303.205)]
[17.53, [440.4, 68.58, 28.96, 27.53, 300.32, 20.95, 221.68, 22.05, 188.45, 22.79, 87.36, 22.85], (131.2114, 529.0391, 1317.361)]
[18.04, [440.4, 68.58, 28.96, 21.4, 294.43, 21.2, 221.68, 22.22, 188.45, 22.79, 86.07, 22.98], (129.6747, 523.7237, 1302.711)]
[31.17, [440.4, 68.58, 28.96, 21.4, 294.43, 21.2, 222.34, 22.07, 186.25, 22.78, 84.77, 22.56], (132.2271, 531.2482, 1314.485)]
[33.42, [440.4, 68.58, 28.96, 23.58, 294.43, 21.2, 222.34, 22.07, 186.25, 22.78, 84.77, 22.56], (132.0796, 531.685, 1318.862)]
[35.2, [440.4, 68.58, 28.96, 21.4, 296.03, 21.2, 221.68, 22.05, 188.45, 22.79, 86.07, 22.58], (132.281, 531.9445, 1316.849)]
[38.53, [440.4, 68.58, 28.96, 24.79, 296.03, 21.2, 221.68, 22.05, 188.45, 22.79, 86.07, 22.58], (132.0565, 532.5989, 1323.443)]
[41.83, [440.4, 68.58, 28.96, 23.58, 300.32, 20.95, 221.68, 21.99, 192.2, 22.68, 85.77, 22.85], (132.7045, 531.8577, 1315.338)]
[43.55, [440.4, 68.58, 28.96, 21.4, 294.67, 21.2, 221.63, 21.99, 191.75, 22.68, 85.85, 22.92], (132.6333, 532.2762, 1318.101)]
[44.82, [440.4, 68.58, 28.96, 27.53, 296.03, 21.2, 229.67, 22.14, 190.18, 22.89, 86.07, 22.85], (128.3198, 520.3955, 1305.533)]
[47.06, [440.4, 68.58, 28.96, 26.11, 297.43, 21.03, 217.9, 22.14, 190.18, 22.78, 84.77, 22.56], (132.1413, 535.1728, 1327.956)]
[63.9, [440.4, 68.58, 28.96, 25.29, 299.47, 21.75, 221.63, 22.05, 188.45, 22.79, 86.07, 22.98], (128.8441, 513.2611, 1281.848)]
[64.28, [440.4, 68.58, 28.96, 27.53, 296.03, 21.2, 229.67, 22.14, 190.18, 22.89, 86.07, 22.98], (127.8228, 518.1293, 1300.681)]
[71.36, [440.4, 68.58, 28.96, 23.58, 296.03, 21.03, 226.23, 22.06, 192.2, 22.52, 86.07, 22.85], (133.4407, 534.457, 1325.692)]
[154.77, [440.4, 68.58, 28.96, 25.29, 296.03, 21.75, 221.63, 21.99, 191.75, 22.68, 86.07, 22.85], (131.138, 591.141, 1393.163)]
[1788.44, [440.4, 68.58, 28.96, 26.11, 297.43, 21.03, 217.9, 22.14, 186.25, 22.89, 84.88, 22.56], (138.0535, 1055.667, 2369.329)]
[1789.7, [440.4, 68.58, 28.96, 23.58, 296.03, 21.2, 221.68, 22.05, 188.45, 22.79, 86.07, 22.88], (133.6993, 1206.063, 2365.986)]
[1924.96, [440.4, 68.58, 28.96, 72.81, 347.3, 22.1, 281.8, 21.51, 148.18, 17.83, 75.3, 22.59], (163.2686, 544.6814, 1253.585)]
[1944.87, [440.4, 68.58, 28.96, 23.58, 296.03, 21.2, 221.68, 22.05, 192.2, 22.61, 89.51, 22.7], (133.7697, 1356.16, 2369.247)]
[2978.33, [440.4, 68.58, 28.96, 21.4, 294.43, 21.2, 222.34, 22.07, 186.25, 22.78, 84.77, 22.71], (133.475, 1854.686, 2911.591)]
[3627.13, [440.4, 68.58, 28.96, 23.58, 296.03, 21.2, 221.68, 22.05, 188.45, 22.79, 86.07, 22.58], (162.0904, 1328.015, 2381.274)]
[71247.27, [440.4, 68.58, 28.96, 25.29, 299.47, 21.75, 221.63, 22.05, 188.45, 22.79, 86.07, 22.98], (495.0271, 1276.548, 2294.049)]
[72120.39, [440.4, 68.58, 28.96, 21.4, 294.43, 21.03, 226.23, 22.06, 192.2, 22.52, 86.07, 22.85], (501.7285, 862.1881, 1654.349)]
[225998.13, [440.4, 68.58, 28.96, 25.29, 296.03, 21.75, 221.63, 22.18, 191.75, 22.68, 86.07, 22.85], (924.3358, 1960.806, 2337.014)]

Population size: 30
Number of couples: 14
Number of kept parents: 0
Best parent kept: True
Mutation Probability: 0.05
Mutation range (x, y): 5, 0.3

Written time: 25/03/2023 09:43:38