[26.27, [440.4, 68.58, 28.96, 31.3, 303.53, 21.16, 227.36, 22.1, 192.2, 22.61, 83.32, 22.96], (130.0846, 518.3579, 1292.975)]
[35.94, [440.4, 68.58, 28.96, 28.19, 303.24, 21.0, 244.65, 21.6, 190.13, 22.78, 83.41, 22.82], (131.1461, 516.9511, 1280.409)]
[55.8, [440.4, 68.58, 28.96, 29.98, 303.53, 21.16, 225.91, 22.3, 184.73, 22.75, 82.84, 22.51], (128.9246, 516.0945, 1285.439)]
[59.22, [440.4, 68.58, 28.96, 28.19, 305.8, 21.0, 244.65, 21.6, 184.02, 22.75, 82.17, 22.76], (131.417, 512.6423, 1264.217)]
[83.03, [440.4, 68.58, 28.96, 31.64, 312.61, 20.99, 223.09, 22.1, 186.25, 22.7, 76.53, 22.69], (129.7006, 508.9722, 1251.111)]
[97.58, [440.4, 68.58, 28.96, 20.73, 303.75, 21.18, 230.43, 22.2, 184.54, 22.75, 84.88, 22.88], (128.5898, 508.5932, 1258.359)]
[99.13, [440.4, 68.58, 28.96, 15.86, 310.98, 21.0, 226.48, 22.1, 186.25, 22.63, 74.92, 22.63], (131.3417, 507.6819, 1228.415)]
[178.93, [440.4, 68.58, 28.96, 29.22, 295.49, 17.74, 231.48, 22.32, 184.77, 22.61, 81.82, 23.09], (134.2229, 560.4045, 1386.939)]
[332.09, [440.4, 68.58, 28.96, 20.46, 308.65, 21.01, 235.67, 21.56, 182.09, 21.9, 84.52, 22.89], (140.5678, 530.8293, 1288.284)]
[367.28, [440.4, 68.58, 28.96, 25.29, 298.89, 21.34, 271.11, 22.95, 210.62, 23.01, 70.57, 15.22], (137.0894, 586.2531, 1455.169)]
[514.56, [440.4, 68.58, 28.96, 20.46, 308.65, 21.27, 235.67, 21.47, 182.34, 21.9, 102.18, 22.5], (143.3476, 549.8506, 1352.316)]
[515.38, [440.4, 68.58, 28.96, 21.99, 307.2, 21.31, 228.56, 22.76, 180.08, 23.4, 84.22, 22.32], (119.3649, 486.3118, 1217.039)]
[681.14, [440.4, 68.58, 28.96, 23.82, 295.49, 17.66, 241.13, 21.46, 181.37, 22.75, 107.02, 22.54], (142.8625, 601.5616, 1492.696)]
[752.01, [440.4, 68.58, 28.96, 15.62, 308.23, 21.16, 227.36, 22.1, 181.17, 22.73, 83.32, 23.01], (129.4206, 503.3509, 592.4537)]
[834.01, [440.4, 68.58, 28.96, 31.64, 302.89, 21.29, 227.7, 22.07, 181.13, 22.78, 83.32, 15.61], (145.0872, 612.6884, 1513.411)]
[919.32, [440.4, 68.58, 28.96, 25.29, 298.62, 21.14, 222.77, 22.35, 186.25, 22.56, 75.5, 15.43], (146.389, 621.8031, 1514.168)]
[1091.3, [440.4, 68.58, 28.96, 25.76, 298.62, 21.2, 227.02, 22.2, 186.25, 22.39, 75.5, 15.27], (148.9274, 627.3177, 1524.393)]
[1221.21, [440.4, 68.58, 28.96, 24.47, 303.24, 21.0, 247.55, 21.6, 182.89, 22.56, 75.5, 15.44], (151.5626, 616.2962, 1491.117)]
[1315.1, [440.4, 68.58, 28.96, 28.28, 295.49, 17.74, 231.48, 22.32, 181.43, 22.79, 83.32, 23.01], (132.9301, 808.6179, 2307.056)]
[2176.5, [440.4, 68.58, 28.96, 44.49, 345.06, 22.81, 236.08, 16.35, 219.21, 17.78, 107.2, 19.2], (156.3275, 218.4987, 725.1648)]
[2340.59, [440.4, 68.58, 28.96, 22.21, 291.68, 17.66, 241.42, 22.78, 192.38, 22.56, 71.97, 15.43], (99.84359, 153.5484, 1555.56)]
[2793.65, [440.4, 68.58, 28.96, 21.33, 302.6, 20.95, 236.7, 22.42, 190.86, 23.33, 75.5, 15.4], (147.5627, 1452.196, 2487.334)]
[4116.88, [440.4, 68.58, 28.96, 26.42, 302.65, 21.0, 244.65, 21.6, 184.02, 22.75, 83.73, 22.77], (185.3079, 520.8436, 1399.753)]
[4312.84, [440.4, 68.58, 28.96, 25.29, 298.62, 21.1, 229.08, 22.24, 186.25, 22.71, 82.01, 22.88], (74.25199, 556.3189, 1282.146)]
[4650.01, [440.4, 68.58, 28.96, 66.44, 362.4, 17.71, 244.39, 18.22, 164.84, 21.22, 126.36, 21.8], (183.4368, 328.6512, 670.1662)]
[7265.05, [440.4, 68.58, 28.96, 72.68, 305.66, 18.33, 273.36, 16.32, 162.62, 20.1, 90.47, 20.96], (206.8089, 731.5413, 1739.905)]
[9421.75, [440.4, 68.58, 28.96, 20.46, 308.65, 21.1, 235.67, 21.47, 184.02, 21.85, 107.02, 22.59], (42.28521, 324.2189, 414.9201)]
[35487.16, [440.4, 68.58, 28.96, 16.56, 305.73, 21.1, 235.67, 22.78, 192.38, 22.65, 86.3, 22.82], (356.3617, 1207.774, 2237.233)]
[46692.56, [440.4, 68.58, 28.96, 39.32, 295.14, 22.13, 285.44, 21.36, 172.12, 17.35, 144.9, 15.64], (395.3597, 2034.584, 3461.124)]
[74586.69, [440.4, 68.58, 28.96, 18.89, 301.78, 21.18, 226.13, 22.1, 181.43, 22.66, 85.73, 23.12], (506.9435, 1204.962, 2266.04)]

Population size: 30
Number of couples: 13
Number of kept parents: 0
Best parent kept: True
Mutation Probability: 0.3
Mutation range (x, y): 5, 0.2

Written time: 24/03/2023 22:10:58