[2.69, [440.4, 68.58, 28.96, 25.29, 296.03, 21.75, 221.63, 21.99, 191.75, 22.68, 86.07, 22.85], (131.1353, 524.0866, 1308.152)]
[3.16, [440.4, 68.58, 28.96, 25.29, 296.03, 21.75, 221.63, 21.99, 191.75, 22.68, 85.77, 22.89], (130.9625, 523.127, 1305.674)]
[5.55, [440.4, 68.58, 28.96, 23.58, 296.03, 21.2, 221.68, 22.05, 188.45, 22.79, 86.07, 22.98], (130.6503, 525.4815, 1310.79)]
[6.79, [440.4, 68.58, 28.96, 25.29, 296.03, 21.75, 221.63, 21.99, 191.75, 22.68, 86.07, 22.98], (130.6526, 521.833, 1303.397)]
[14.76, [440.4, 68.58, 28.96, 25.29, 296.03, 21.2, 221.63, 22.07, 186.25, 22.89, 84.77, 22.85], (129.8419, 523.5166, 1303.205)]
[15.17, [440.4, 68.58, 28.96, 27.53, 300.32, 20.95, 226.23, 22.06, 188.45, 22.79, 86.07, 22.98], (129.9383, 522.398, 1301.995)]
[31.17, [440.4, 68.58, 28.96, 21.4, 294.43, 21.2, 222.34, 22.07, 186.25, 22.78, 84.77, 22.56], (132.2271, 531.2482, 1314.485)]
[32.64, [440.4, 68.58, 28.96, 25.29, 296.03, 21.75, 222.34, 22.07, 186.25, 22.89, 84.88, 22.56], (129.3974, 519.2056, 1296.382)]
[37.64, [440.4, 68.58, 28.96, 28.12, 299.33, 21.34, 226.23, 22.06, 192.2, 22.68, 87.34, 22.51], (132.0008, 530.7552, 1325.321)]
[46.97, [440.4, 68.58, 28.96, 27.53, 300.32, 20.95, 221.68, 21.99, 192.2, 22.68, 85.77, 22.85], (132.5605, 532.68, 1322.569)]
[47.06, [440.4, 68.58, 28.96, 26.11, 297.43, 21.03, 217.9, 22.14, 190.18, 22.78, 84.77, 22.56], (132.1413, 535.1728, 1327.956)]
[47.06, [440.4, 68.58, 28.96, 23.58, 296.03, 21.2, 221.68, 21.99, 191.75, 22.68, 86.07, 22.85], (132.6325, 532.5849, 1321.311)]
[55.18, [440.4, 68.58, 28.96, 21.4, 294.43, 21.2, 221.63, 21.99, 191.75, 22.68, 85.85, 22.85], (132.9294, 533.7704, 1322.005)]
[63.9, [440.4, 68.58, 28.96, 25.29, 299.47, 21.75, 221.63, 22.05, 188.45, 22.79, 86.07, 22.98], (128.8441, 513.2611, 1281.848)]
[66.53, [440.4, 68.58, 28.96, 21.4, 294.43, 21.2, 222.34, 22.06, 190.14, 22.68, 84.77, 22.56], (133.2872, 535.3401, 1323.651)]
[81.12, [440.4, 68.58, 28.96, 21.4, 294.43, 21.03, 226.23, 22.06, 192.2, 22.52, 86.07, 22.85], (133.7481, 535.7724, 1326.447)]
[96.81, [440.4, 68.58, 28.96, 23.58, 296.03, 21.2, 221.68, 22.05, 192.2, 22.61, 89.51, 22.7], (133.7049, 538.9306, 1340.085)]
[150.78, [440.4, 68.58, 28.96, 27.53, 300.32, 20.95, 221.68, 22.05, 188.45, 22.79, 87.36, 22.85], (131.2114, 529.0678, 1450.58)]
[151.11, [440.4, 68.58, 28.96, 25.29, 296.03, 21.75, 221.63, 21.99, 191.75, 22.68, 86.07, 22.85], (131.8925, 588.2216, 1383.054)]
[226.86, [440.4, 68.58, 28.96, 23.58, 296.03, 21.2, 221.68, 22.05, 188.45, 22.79, 86.07, 22.58], (126.0737, 403.44, 1312.005)]
[389.01, [440.4, 68.58, 28.96, 25.29, 296.03, 21.2, 226.23, 22.07, 186.25, 22.89, 84.88, 22.56], (130.3198, 496.0026, 949.829)]
[1569.79, [440.4, 68.58, 28.96, 23.58, 296.03, 21.2, 221.68, 22.05, 188.04, 22.79, 86.07, 22.98], (130.8114, 1105.619, 2295.553)]
[1836.95, [440.4, 68.58, 28.96, 21.4, 294.43, 21.03, 226.23, 22.06, 192.2, 22.89, 85.0, 22.98], (104.7338, 185.1988, 1141.045)]
[9398.3, [440.4, 68.58, 28.96, 27.53, 300.32, 20.66, 226.23, 22.06, 191.75, 22.68, 86.07, 22.85], (42.97762, 132.1301, 532.934)]
[11010.6, [440.4, 68.58, 28.96, 27.53, 296.03, 21.2, 229.67, 22.14, 190.18, 22.89, 86.07, 22.85], (28.11513, 128.5637, 1099.615)]
[11675.69, [440.4, 68.58, 28.96, 25.05, 314.59, 20.2, 287.26, 21.23, 195.06, 16.19, 106.76, 21.77], (21.16929, 513.3545, 1493.028)]
[73870.03, [440.4, 68.58, 28.96, 23.58, 295.36, 21.2, 228.93, 22.06, 192.2, 22.68, 86.07, 22.85], (503.9222, 1311.615, 2319.895)]
[84232.35, [440.4, 68.58, 28.96, 27.53, 296.03, 21.2, 229.67, 21.99, 191.75, 22.68, 81.72, 22.85], (538.8346, 1301.484, 2343.748)]
[88199.43, [440.4, 68.58, 28.96, 25.29, 296.03, 21.75, 221.63, 21.99, 191.75, 23.14, 84.88, 22.58], (551.5843, 1298.467, 2420.749)]
[98480.73, [440.4, 68.58, 28.96, 25.29, 296.03, 21.02, 221.68, 22.05, 188.45, 22.79, 86.07, 22.98], (584.4745, 1331.02, 2354.223)]

Population size: 30
Number of couples: 14
Number of kept parents: 0
Best parent kept: True
Mutation Probability: 0.05
Mutation range (x, y): 5, 0.3

Written time: 25/03/2023 09:25:58