[186.21, [440.4, 68.58, 28.96, 57.31, 348.78, 20.13, 284.83, 22.9, 180.59, 23.4, 75.93, 15.48], (125.2254, 512.6488, 1264.599)]
[257.85, [440.4, 68.58, 28.96, 25.51, 303.92, 19.06, 239.09, 22.69, 184.03, 23.4, 79.42, 22.22], (122.8554, 514.4569, 1283.551)]
[561.26, [440.4, 68.58, 28.96, 23.15, 304.26, 20.98, 235.82, 22.48, 186.75, 21.56, 120.9, 22.21], (141.9855, 574.1486, 1445.052)]
[674.21, [440.4, 68.58, 28.96, 23.15, 304.26, 21.21, 235.82, 22.71, 186.89, 23.4, 135.03, 15.67], (138.5762, 639.3457, 1649.948)]
[675.86, [440.4, 68.58, 28.96, 29.05, 308.54, 22.25, 278.42, 22.08, 178.62, 22.22, 117.97, 17.0], (143.2427, 586.7164, 1482.308)]
[1027.42, [440.4, 68.58, 28.96, 62.25, 321.7, 20.1, 263.64, 21.57, 179.93, 22.96, 79.57, 22.22], (128.6707, 331.985, 503.3337)]
[1247.64, [440.4, 68.58, 28.96, 52.87, 357.43, 20.19, 284.83, 22.9, 183.09, 23.4, 80.23, 22.22], (110.8768, 428.5555, 1045.333)]
[1579.38, [440.4, 68.58, 28.96, 44.56, 324.32, 22.47, 284.83, 22.9, 178.09, 23.59, 80.23, 22.51], (106.4571, 413.0226, 1040.988)]
[1587.32, [440.4, 68.58, 28.96, 24.6, 318.73, 20.1, 263.64, 21.57, 179.93, 23.36, 80.23, 22.22], (127.0947, 1174.496, 2172.502)]
[1659.91, [440.4, 68.58, 28.96, 33.87, 317.1, 16.26, 273.78, 22.08, 177.88, 23.17, 137.78, 15.25], (152.8598, 692.8193, 1763.287)]
[1790.28, [440.4, 68.58, 28.96, 48.45, 327.42, 20.27, 238.33, 22.89, 190.67, 18.25, 85.22, 22.03], (160.3072, 594.794, 1425.078)]
[1974.66, [440.4, 68.58, 28.96, 35.59, 317.1, 16.84, 273.78, 22.08, 177.88, 21.09, 120.9, 22.55], (150.9219, 159.451, 599.0144)]
[2151.5, [440.4, 68.58, 28.96, 25.14, 302.52, 20.76, 232.71, 23.51, 182.73, 17.61, 123.34, 21.79], (162.3998, 647.9749, 1559.66)]
[3341.94, [440.4, 68.58, 28.96, 44.56, 324.32, 22.47, 214.47, 20.42, 202.55, 17.08, 84.17, 22.32], (174.3913, 239.955, 1490.004)]
[4151.2, [440.4, 68.58, 28.96, 25.51, 308.12, 20.27, 239.06, 22.89, 189.95, 17.79, 127.28, 15.75], (180.051, 756.3683, 1771.198)]
[5214.57, [440.4, 68.58, 28.96, 25.14, 300.45, 16.88, 273.78, 21.97, 181.89, 16.83, 84.17, 22.55], (192.0959, 670.5944, 1577.922)]
[7110.9, [440.4, 68.58, 28.96, 25.14, 307.35, 20.76, 235.82, 16.53, 191.26, 18.71, 80.23, 22.22], (207.2245, 686.0199, 1576.855)]
[7762.73, [440.4, 68.58, 28.96, 62.25, 315.52, 19.45, 274.81, 22.08, 183.74, 15.12, 78.55, 15.33], (209.664, 779.867, 1812.423)]
[8360.64, [440.4, 68.58, 28.96, 23.06, 303.92, 20.27, 280.71, 22.08, 176.51, 22.22, 117.97, 16.87], (52.43972, 171.8489, 237.1769)]
[10356.64, [440.4, 68.58, 28.96, 28.6, 308.83, 19.79, 235.82, 23.13, 173.44, 15.8, 125.15, 22.73], (36.76747, 193.8803, 2215.138)]
[11491.11, [440.4, 68.58, 28.96, 23.15, 304.26, 21.07, 235.82, 22.72, 183.43, 23.79, 135.03, 15.25], (230.6256, 1564.493, 1786.096)]
[11528.73, [440.4, 68.58, 28.96, 31.09, 331.98, 21.74, 226.48, 15.02, 189.43, 20.34, 111.46, 21.34], (23.41705, 684.2883, 1070.095)]
[11795.05, [440.4, 68.58, 28.96, 62.25, 321.7, 20.1, 263.64, 21.57, 179.93, 22.73, 85.22, 22.37], (21.73564, 633.9409, 1600.438)]
[14717.46, [440.4, 68.58, 28.96, 11.76, 342.89, 20.19, 229.83, 16.63, 163.32, 15.45, 123.21, 18.56], (248.0593, 850.9143, 3002.457)]
[67152.24, [440.4, 68.58, 28.96, 15.92, 356.48, 21.59, 267.75, 14.58, 198.47, 18.95, 116.29, 17.59], (484.6223, 759.6614, 1673.073)]
[94191.52, [440.4, 68.58, 28.96, 48.45, 330.48, 22.25, 238.33, 22.89, 180.24, 16.83, 84.17, 22.98], (570.483, 1345.24, 2486.297)]
[101373.14, [440.4, 68.58, 28.96, 4.09, 303.5, 21.22, 235.82, 22.89, 186.06, 17.78, 81.14, 18.73], (592.1613, 1502.187, 2609.245)]
[101718.95, [440.4, 68.58, 28.96, 55.26, 363.1, 19.57, 278.42, 22.41, 178.96, 22.39, 135.03, 15.66], (593.0493, 1494.207, 2676.789)]
[107687.47, [440.4, 68.58, 28.96, 33.87, 312.61, 20.27, 238.33, 22.71, 195.51, 17.64, 80.23, 22.22], (611.7529, 1450.987, 2596.101)]
[199292.5, [440.4, 68.58, 28.96, 57.31, 353.09, 20.19, 214.47, 20.42, 202.55, 16.8, 84.17, 22.55], (859.3848, 1693.856, 2773.423)]

Population size: 30
Number of couples: 13
Number of kept parents: 0
Best parent kept: True
Mutation Probability: 0.3
Mutation range (x, y): 5, 0.5