[3.95, [440.4, 68.58, 28.96, 24.9, 296.66, 21.75, 224.19, 21.95, 192.11, 22.68, 87.18, 22.89], (131.0492, 522.8488, 1305.735)]
[4.68, [440.4, 68.58, 28.96, 24.9, 300.58, 21.75, 218.32, 21.99, 195.11, 22.86, 87.87, 22.56], (130.731, 525.5672, 1310.264)]
[4.68, [440.4, 68.58, 28.96, 24.9, 299.64, 21.85, 221.63, 21.85, 192.11, 22.86, 87.87, 22.56], (131.1826, 523.9883, 1306.433)]
[8.04, [440.4, 68.58, 28.96, 27.53, 296.03, 21.75, 221.63, 21.99, 190.19, 22.68, 87.53, 22.89], (130.9724, 524.4809, 1314.302)]
[9.15, [440.4, 68.58, 28.96, 27.53, 296.19, 21.75, 221.63, 21.99, 192.11, 22.68, 87.18, 22.89], (130.9524, 524.9116, 1315.096)]
[11.58, [440.4, 68.58, 28.96, 22.79, 296.66, 21.75, 223.33, 21.93, 191.03, 22.68, 87.18, 22.89], (131.4149, 522.7879, 1301.682)]
[12.07, [440.4, 68.58, 28.96, 24.9, 299.42, 21.75, 221.63, 21.99, 192.21, 22.77, 88.83, 22.85], (130.2455, 521.1022, 1302.488)]
[13.27, [440.4, 68.58, 28.96, 24.9, 299.64, 21.75, 221.63, 21.99, 192.21, 22.77, 88.83, 22.85], (130.2237, 520.865, 1301.774)]
[16.24, [440.4, 68.58, 28.96, 24.9, 299.64, 21.68, 221.63, 21.93, 191.03, 22.68, 86.07, 22.86], (131.3772, 521.6802, 1297.698)]
[16.24, [440.4, 68.58, 28.96, 24.9, 299.64, 21.68, 221.63, 21.93, 191.03, 22.68, 86.07, 22.86], (131.3772, 521.6802, 1297.698)]
[17.49, [440.4, 68.58, 28.96, 27.53, 296.03, 21.75, 221.63, 21.99, 192.11, 22.79, 86.07, 22.56], (131.091, 527.5826, 1319.82)]
[17.91, [440.4, 68.58, 28.96, 24.9, 296.66, 21.66, 223.01, 21.99, 195.11, 22.86, 87.87, 22.56], (130.8269, 528.5728, 1320.703)]
[18.49, [440.4, 68.58, 28.96, 24.9, 299.64, 21.75, 218.53, 21.99, 192.11, 22.77, 86.07, 22.85], (130.3382, 520.2099, 1295.95)]
[19.27, [440.4, 68.58, 28.96, 24.9, 294.59, 21.97, 224.21, 21.93, 190.19, 22.68, 84.43, 22.89], (130.5781, 518.5733, 1294.675)]
[20.99, [440.4, 68.58, 28.96, 27.53, 296.03, 21.75, 221.63, 21.99, 190.19, 22.68, 90.69, 22.89], (131.25, 527.3799, 1322.107)]
[21.28, [440.4, 68.58, 28.96, 24.9, 299.42, 21.64, 221.63, 21.99, 186.85, 22.68, 86.07, 22.89], (130.8951, 519.0269, 1291.314)]
[22.01, [440.4, 68.58, 28.96, 24.9, 299.64, 21.53, 221.63, 21.99, 192.11, 23.07, 88.83, 22.56], (129.1358, 523.4027, 1307.993)]
[25.65, [440.4, 68.58, 28.96, 22.79, 296.66, 21.75, 218.32, 21.99, 192.11, 22.62, 81.65, 22.85], (131.7735, 522.3155, 1292.833)]
[29.17, [440.4, 68.58, 28.96, 24.9, 299.64, 21.85, 221.63, 21.99, 190.19, 22.68, 86.07, 22.89], (130.3484, 516.9076, 1288.472)]
[29.23, [440.4, 68.58, 28.96, 24.9, 299.64, 21.85, 223.8, 21.85, 192.11, 22.6, 87.87, 22.7], (132.7466, 525.4577, 1308.268)]
[31.47, [440.4, 68.58, 28.96, 24.9, 295.02, 21.64, 221.63, 21.99, 195.11, 22.86, 87.87, 22.56], (131.2135, 531.6766, 1328.642)]
[34.48, [440.4, 68.58, 28.96, 27.53, 296.03, 21.75, 221.63, 21.85, 192.11, 22.86, 87.87, 22.56], (131.6839, 530.3664, 1327.371)]
[1809.89, [440.4, 68.58, 28.96, 27.53, 296.19, 21.75, 221.63, 21.99, 190.19, 22.68, 86.07, 22.89], (105.2514, 131.3431, 1182.504)]
[3445.79, [440.4, 68.58, 28.96, 27.53, 296.19, 21.75, 221.63, 21.99, 192.11, 22.79, 86.07, 22.56], (173.2999, 925.3714, 1582.42)]
[7618.75, [440.4, 68.58, 28.96, 31.64, 310.93, 19.17, 223.38, 20.56, 172.09, 15.86, 102.83, 20.5], (209.5981, 749.1717, 1707.916)]
[22699.25, [440.4, 68.58, 28.96, 27.53, 296.19, 21.75, 221.63, 21.99, 192.11, 22.79, 86.07, 22.56], (298.631, 1066.754, 1723.966)]
[55123.2, [440.4, 68.58, 28.96, 24.9, 296.66, 21.85, 223.8, 21.85, 192.11, 22.86, 87.87, 22.56], (436.9804, 1030.141, 2352.371)]
[66288.32, [440.4, 68.58, 28.96, 24.9, 296.66, 21.64, 221.63, 21.99, 192.11, 22.77, 86.07, 22.85], (477.9957, 1150.647, 2279.058)]
[79554.01, [440.4, 68.58, 28.96, 24.9, 299.64, 21.85, 221.63, 21.85, 192.11, 22.86, 87.87, 22.56], (523.4295, 1254.787, 2335.399)]
[115318.65, [440.4, 68.58, 28.96, 27.53, 296.03, 21.75, 221.63, 21.99, 190.19, 22.68, 86.07, 22.89], (635.3154, 1395.295, 2437.791)]

Population size: 30
Number of couples: 14
Number of kept parents: 0
Best parent kept: True
Mutation Probability: 0.05
Mutation range (x, y): 5, 0.3
Number of Parameters: 4

Written time: 26/03/2023 12:55:11