[1.2, [440.4, 68.58, 28.96, 27.53, 296.03, 21.75, 221.63, 21.99, 190.19, 22.68, 86.07, 22.89], (130.8478, 523.1499, 1309.165)]
[5.35, [440.4, 68.58, 28.96, 24.9, 299.64, 21.85, 221.63, 21.93, 195.11, 22.89, 88.83, 22.56], (130.4528, 524.3198, 1310.252)]
[6.62, [440.4, 68.58, 28.96, 24.9, 296.66, 21.75, 221.63, 21.99, 190.19, 22.68, 86.07, 22.85], (131.0649, 523.4453, 1302.971)]
[7.07, [440.4, 68.58, 28.96, 25.42, 296.03, 21.75, 221.63, 22.07, 190.19, 22.68, 86.07, 22.85], (130.5015, 521.9376, 1304.117)]
[7.8, [440.4, 68.58, 28.96, 24.9, 299.64, 21.85, 221.63, 21.99, 195.11, 22.89, 88.83, 22.56], (129.9994, 523.2351, 1308.579)]
[8.48, [440.4, 68.58, 28.96, 24.9, 296.66, 21.75, 221.63, 21.99, 190.19, 22.68, 86.07, 22.89], (130.9187, 521.798, 1301.447)]
[8.79, [440.4, 68.58, 28.96, 27.53, 296.66, 21.63, 221.63, 21.99, 190.19, 22.68, 86.07, 22.85], (131.2465, 525.1011, 1312.213)]
[10.08, [440.4, 68.58, 28.96, 23.81, 296.66, 21.75, 221.63, 21.99, 190.19, 22.68, 86.07, 22.85], (131.1319, 522.2741, 1300.833)]
[11.25, [440.4, 68.58, 28.96, 23.58, 296.65, 20.95, 221.63, 22.21, 188.45, 22.79, 86.07, 22.85], (130.4742, 528.132, 1312.529)]
[12.34, [440.4, 68.58, 28.96, 25.5, 296.19, 21.75, 221.63, 21.99, 192.11, 22.62, 86.07, 22.85], (131.6506, 525.3254, 1310.731)]
[12.53, [440.4, 68.58, 28.96, 25.29, 300.32, 20.95, 221.63, 22.21, 188.45, 22.79, 86.07, 22.85], (130.0124, 524.457, 1303.967)]
[12.73, [440.4, 68.58, 28.96, 26.06, 300.32, 20.95, 222.02, 22.21, 188.45, 22.79, 86.07, 22.85], (129.9173, 524.3409, 1304.968)]
[12.77, [440.4, 68.58, 28.96, 27.53, 296.66, 21.75, 221.63, 21.99, 192.11, 22.62, 86.07, 22.85], (131.4914, 525.2563, 1313.312)]
[15.37, [440.4, 68.58, 28.96, 25.29, 300.32, 20.95, 221.63, 22.21, 188.45, 22.79, 86.07, 22.89], (129.8653, 523.7668, 1302.502)]
[16.95, [440.4, 68.58, 28.96, 23.21, 296.2, 21.75, 216.75, 21.99, 190.19, 22.68, 87.28, 22.85], (131.8754, 526.6751, 1310.706)]
[18.83, [440.4, 68.58, 28.96, 27.53, 296.03, 21.75, 221.63, 21.85, 190.19, 22.68, 86.07, 22.89], (131.9019, 525.6795, 1313.168)]
[22.31, [440.4, 68.58, 28.96, 24.9, 299.64, 21.8, 221.63, 21.99, 190.19, 22.68, 86.07, 22.85], (130.6272, 518.4069, 1291.468)]
[24.74, [440.4, 68.58, 28.96, 24.9, 299.64, 21.85, 225.29, 21.93, 193.99, 22.68, 86.07, 22.89], (130.4552, 517.5788, 1291.208)]
[39.8, [440.4, 68.58, 28.96, 22.28, 299.64, 21.85, 221.63, 21.99, 195.11, 22.78, 86.07, 22.85], (129.8436, 517.4337, 1283.69)]
[68.65, [440.4, 68.58, 28.96, 24.9, 296.66, 21.75, 221.63, 21.65, 195.11, 22.89, 88.83, 22.56], (133.1027, 534.3639, 1331.024)]
[76.11, [440.4, 68.58, 28.96, 20.36, 300.87, 20.73, 222.02, 21.79, 187.0, 22.68, 86.07, 23.01], (134.3245, 532.6977, 1307.267)]
[845.61, [440.4, 68.58, 28.96, 25.29, 300.32, 20.95, 221.63, 21.99, 190.19, 22.68, 86.07, 23.12], (131.6561, 146.4234, 847.0934)]
[6789.26, [440.4, 68.58, 28.96, 25.29, 300.32, 20.95, 224.26, 21.93, 187.0, 22.93, 86.07, 22.89], (56.78193, 133.6389, 1278.211)]
[10085.68, [440.4, 68.58, 28.96, 25.5, 296.03, 21.75, 221.63, 21.99, 190.19, 22.68, 86.07, 22.85], (38.22708, 131.101, 523.3672)]
[11861.15, [440.4, 68.58, 28.96, 19.93, 301.5, 20.95, 221.63, 21.93, 190.19, 22.89, 88.83, 22.28], (20.00728, 491.4495, 1142.67)]
[64585.55, [440.4, 68.58, 28.96, 27.53, 296.66, 21.63, 221.63, 22.21, 188.45, 22.79, 86.07, 22.85], (470.9633, 1344.406, 2338.05)]
[72156.84, [440.4, 68.58, 28.96, 19.75, 302.76, 14.69, 238.49, 15.28, 171.12, 15.44, 82.97, 21.65], (499.6904, 1505.293, 1635.67)]
[73716.83, [440.4, 68.58, 28.96, 19.93, 301.53, 20.95, 225.29, 21.93, 193.99, 22.68, 86.07, 23.15], (503.6035, 1291.035, 2279.597)]
[77078.87, [440.4, 68.58, 28.96, 19.93, 301.5, 20.95, 221.63, 21.93, 195.11, 22.89, 88.83, 22.56], (514.6259, 1338.81, 2378.102)]
[83750.77, [440.4, 68.58, 28.96, 27.53, 296.66, 21.75, 221.63, 21.99, 190.19, 22.68, 86.07, 22.85], (537.1136, 1309.492, 2375.053)]

Population size: 30
Number of couples: 14
Number of kept parents: 0
Best parent kept: True
Mutation Probability: 0.05
Mutation range (x, y): 5, 0.3
Number of Parameters: 4

Written time: 26/03/2023 11:28:04