[2.69, [440.4, 68.58, 28.96, 25.29, 296.03, 21.75, 221.63, 21.99, 191.75, 22.68, 86.07, 22.85], (131.1353, 524.0866, 1308.152)]
[3.36, [440.4, 68.58, 28.96, 27.53, 300.32, 20.95, 221.68, 22.05, 188.45, 22.79, 86.07, 22.98], (130.6033, 525.6113, 1308.09)]
[3.73, [440.4, 68.58, 28.96, 25.29, 296.47, 21.34, 226.23, 22.06, 190.79, 22.68, 84.77, 22.85], (130.9432, 524.3874, 1306.004)]
[6.96, [440.4, 68.58, 28.96, 23.58, 296.03, 21.2, 229.16, 22.06, 192.2, 22.68, 85.77, 22.85], (131.169, 526.3477, 1309.871)]
[8.7, [440.4, 68.58, 28.96, 26.11, 297.43, 21.44, 223.65, 22.06, 192.2, 22.78, 84.77, 22.58], (130.9665, 526.9056, 1312.579)]
[9.91, [440.4, 68.58, 28.96, 21.4, 294.43, 21.2, 222.34, 22.07, 186.25, 22.89, 84.88, 22.56], (131.2234, 529.1077, 1306.707)]
[11.25, [440.4, 68.58, 28.96, 25.29, 296.03, 21.2, 226.23, 22.06, 192.2, 22.78, 86.07, 22.85], (130.5144, 526.8802, 1314.116)]
[11.25, [440.4, 68.58, 28.96, 25.29, 296.03, 21.2, 226.23, 22.06, 192.2, 22.78, 86.07, 22.85], (130.5144, 526.8802, 1314.116)]
[12.09, [440.4, 68.58, 28.96, 22.79, 296.03, 21.44, 223.65, 22.06, 192.2, 22.78, 84.77, 22.56], (131.3808, 528.0649, 1311.127)]
[13.07, [440.4, 68.58, 28.96, 21.4, 294.43, 21.03, 229.67, 22.14, 190.18, 22.78, 86.07, 22.94], (129.9096, 524.2226, 1304.613)]
[15.48, [440.4, 68.58, 28.96, 21.4, 294.43, 21.03, 229.67, 22.14, 190.18, 22.78, 84.77, 22.56], (131.2407, 529.6792, 1314.388)]
[16.24, [440.4, 68.58, 28.96, 23.58, 296.03, 21.2, 226.23, 22.06, 192.2, 22.68, 85.77, 22.85], (131.524, 528.2602, 1313.37)]
[18.62, [440.4, 68.58, 28.96, 26.33, 296.03, 21.2, 226.23, 22.06, 192.2, 22.89, 84.88, 22.58], (130.3492, 528.5313, 1318.31)]
[18.73, [440.4, 68.58, 28.96, 27.53, 300.32, 20.66, 221.68, 22.05, 188.45, 22.79, 86.07, 22.98], (131.2604, 530.1778, 1316.943)]
[22.2, [440.4, 68.58, 28.96, 27.53, 296.03, 21.2, 226.23, 22.06, 192.2, 22.89, 84.88, 22.58], (130.2858, 528.8324, 1320.922)]
[27.37, [440.4, 68.58, 28.96, 25.29, 297.43, 21.32, 220.27, 22.19, 192.2, 22.68, 84.77, 22.56], (131.7056, 530.8309, 1319.489)]
[45.38, [440.4, 68.58, 28.96, 28.12, 299.33, 21.34, 226.23, 22.06, 192.2, 22.78, 84.77, 22.56], (130.6862, 564.8642, 1311.446)]
[48.74, [440.4, 68.58, 28.96, 26.11, 297.43, 21.03, 217.9, 22.07, 186.25, 22.89, 87.34, 22.51], (132.0255, 535.4894, 1331.286)]
[49.22, [440.4, 68.58, 28.96, 25.29, 296.03, 21.2, 221.63, 21.99, 191.75, 22.68, 86.07, 22.85], (132.5389, 533.0187, 1324.914)]
[74.49, [440.4, 68.58, 28.96, 25.29, 296.03, 21.2, 226.23, 22.06, 192.2, 22.61, 89.51, 22.7], (132.9722, 536.1652, 1337.981)]
[263.38, [440.4, 68.58, 28.96, 26.11, 297.43, 21.44, 223.65, 22.06, 192.2, 22.78, 84.77, 22.56], (131.0286, 261.9355, 1307.064)]
[849.49, [440.4, 68.58, 28.96, 21.4, 294.43, 21.2, 222.34, 22.07, 186.25, 22.89, 84.88, 22.58], (137.8172, 1185.261, 1306.018)]
[1572.14, [440.4, 68.58, 28.96, 25.29, 296.03, 21.45, 226.23, 22.06, 192.2, 22.78, 86.07, 22.85], (129.9417, 972.8452, 2422.547)]
[1731.33, [440.4, 68.58, 28.96, 26.11, 297.43, 21.44, 220.0, 22.06, 192.2, 22.59, 84.77, 22.56], (133.2074, 1159.226, 2366.437)]
[4257.16, [440.4, 68.58, 28.96, 22.79, 296.03, 21.03, 217.9, 22.07, 186.25, 22.89, 87.34, 22.74], (185.1025, 625.2206, 1463.19)]
[7399.81, [440.4, 68.58, 28.96, 26.11, 297.43, 21.44, 223.65, 22.06, 192.2, 22.78, 86.07, 22.94], (57.9032, 131.6576, 525.4797)]
[9492.38, [440.4, 68.58, 28.96, 37.0, 350.65, 20.12, 290.24, 17.13, 154.88, 18.01, 89.28, 17.15], (223.9332, 727.0825, 1610.69)]
[11697.41, [440.4, 68.58, 28.96, 25.29, 300.32, 20.95, 221.34, 22.05, 188.45, 22.79, 86.07, 22.98], (22.20238, 659.4167, 1550.368)]
[55629.06, [440.4, 68.58, 28.96, 25.29, 296.03, 21.45, 226.23, 22.14, 190.18, 22.78, 84.77, 22.98], (438.2011, 1248.181, 2319.48)]
[113793.02, [440.4, 68.58, 28.96, 26.11, 297.43, 21.44, 220.0, 22.06, 192.2, 22.59, 84.77, 22.56], (630.7445, 1475.954, 2368.022)]

Population size: 30
Number of couples: 14
Number of kept parents: 0
Best parent kept: True
Mutation Probability: 0.05
Mutation range (x, y): 5, 0.3

Written time: 25/03/2023 09:08:18