[1.2, [440.4, 68.58, 28.96, 27.53, 296.03, 21.75, 221.63, 21.99, 190.19, 22.68, 86.07, 22.89], (130.8478, 523.1499, 1309.165)]
[2.28, [440.4, 68.58, 28.96, 24.9, 299.64, 21.85, 221.63, 21.85, 192.11, 22.89, 88.83, 22.56], (130.9992, 524.2604, 1308.595)]
[2.98, [440.4, 68.58, 28.96, 24.9, 296.66, 21.85, 218.06, 22.07, 195.11, 22.68, 86.07, 22.89], (130.5196, 523.2337, 1306.756)]
[8.25, [440.4, 68.58, 28.96, 24.9, 296.66, 21.75, 221.63, 21.93, 191.03, 22.68, 86.07, 22.89], (131.3812, 523.2646, 1304.173)]
[9.25, [440.4, 68.58, 28.96, 27.53, 296.19, 21.75, 221.63, 21.99, 188.45, 22.79, 86.07, 22.56], (130.9968, 525.5775, 1314.27)]
[11.98, [440.4, 68.58, 28.96, 24.9, 296.66, 21.75, 221.63, 21.95, 192.11, 22.89, 88.83, 22.85], (129.7387, 522.4289, 1308.112)]
[16.16, [440.4, 68.58, 28.96, 24.9, 296.66, 21.75, 221.63, 21.99, 195.11, 22.86, 87.87, 22.56], (130.7538, 527.939, 1319.463)]
[16.16, [440.4, 68.58, 28.96, 24.9, 296.66, 21.75, 221.63, 21.99, 195.11, 22.86, 87.87, 22.56], (130.7538, 527.939, 1319.463)]
[16.31, [440.4, 68.58, 28.96, 24.9, 296.66, 21.75, 221.63, 21.85, 190.19, 22.68, 86.07, 22.89], (131.974, 524.3129, 1305.387)]
[16.32, [440.4, 68.58, 28.96, 24.9, 299.64, 21.74, 221.63, 21.99, 192.11, 22.62, 86.07, 22.89], (131.2029, 520.8031, 1296.697)]
[16.78, [440.4, 68.58, 28.96, 27.53, 296.19, 21.75, 221.63, 21.99, 192.11, 22.79, 86.07, 22.56], (131.0742, 527.4216, 1319.402)]
[17.47, [440.4, 68.58, 28.96, 24.9, 296.66, 21.75, 221.63, 21.85, 190.19, 22.68, 85.06, 22.89], (131.8899, 523.4248, 1302.006)]
[19.48, [440.4, 68.58, 28.96, 24.9, 296.66, 22.01, 224.21, 21.93, 190.19, 22.68, 87.18, 22.89], (130.4836, 518.0487, 1295.74)]
[19.48, [440.4, 68.58, 28.96, 24.9, 296.66, 22.01, 224.21, 21.93, 190.19, 22.68, 87.18, 22.89], (130.4836, 518.0487, 1295.74)]
[20.82, [440.4, 68.58, 28.96, 24.9, 296.66, 21.75, 221.63, 21.85, 192.2, 22.68, 87.18, 22.89], (132.0848, 526.2338, 1311.623)]
[23.59, [440.4, 68.58, 28.96, 24.9, 299.64, 21.85, 220.66, 21.85, 190.19, 22.68, 86.07, 22.89], (131.5146, 519.996, 1293.676)]
[25.49, [440.4, 68.58, 28.96, 24.9, 296.66, 21.66, 221.63, 21.85, 190.19, 22.68, 87.18, 22.89], (132.3041, 526.776, 1311.889)]
[27.37, [440.4, 68.58, 28.96, 24.9, 296.66, 21.75, 216.5, 21.93, 190.09, 22.89, 88.83, 22.56], (131.5329, 529.9172, 1322.725)]
[28.15, [440.4, 68.58, 28.96, 24.9, 296.66, 21.75, 216.5, 21.93, 193.99, 22.68, 86.07, 22.85], (132.154, 528.4847, 1315.523)]
[28.94, [440.4, 68.58, 28.96, 22.82, 299.64, 21.75, 221.63, 21.85, 190.19, 22.68, 86.07, 22.89], (131.8094, 520.6752, 1291.715)]
[32.32, [440.4, 68.58, 28.96, 24.9, 296.66, 21.66, 221.63, 21.99, 186.56, 22.5, 86.07, 22.85], (132.8512, 525.8696, 1307.53)]
[38.42, [440.4, 68.58, 28.96, 24.9, 296.66, 21.66, 221.63, 21.93, 192.11, 22.8, 88.88, 22.56], (132.0135, 531.1113, 1325.533)]
[48.65, [440.4, 68.58, 28.96, 23.72, 299.64, 21.85, 218.06, 21.79, 192.11, 22.89, 93.65, 22.56], (132.3791, 531.6771, 1328.752)]
[879.28, [440.4, 68.58, 28.96, 24.9, 296.66, 21.75, 221.63, 21.99, 186.56, 22.5, 86.07, 22.85], (132.5989, 451.5782, 524.3864)]
[2923.24, [440.4, 68.58, 28.96, 24.9, 296.66, 21.75, 221.63, 21.79, 195.11, 22.86, 87.87, 22.85], (89.66237, 276.5391, 1271.368)]
[8504.74, [440.4, 68.58, 28.96, 27.53, 296.03, 21.75, 221.63, 21.99, 190.19, 22.68, 86.07, 22.85], (41.32197, 492.0534, 1300.415)]
[10761.34, [440.4, 68.58, 28.96, 24.9, 296.66, 21.75, 221.63, 21.93, 195.11, 22.68, 86.07, 22.89], (27.23869, 324.6972, 1286.252)]
[18201.04, [440.4, 68.58, 28.96, 31.11, 305.66, 15.99, 238.1, 17.41, 189.75, 14.53, 135.19, 18.94], (273.255, 934.4768, 2097.63)]
[78342.32, [440.4, 68.58, 28.96, 27.53, 296.19, 21.75, 221.63, 21.99, 192.11, 22.79, 86.07, 22.85], (519.1239, 1308.737, 2345.952)]
[83127.34, [440.4, 68.58, 28.96, 24.9, 296.66, 21.75, 221.63, 21.93, 190.19, 22.68, 86.07, 22.89], (535.1068, 1295.328, 2371.807)]

Population size: 30
Number of couples: 14
Number of kept parents: 0
Best parent kept: True
Mutation Probability: 0.05
Mutation range (x, y): 5, 0.3
Number of Parameters: 4

Written time: 26/03/2023 12:16:55