[552.3, [440.4, 68.58, 28.96, 66.15, 359.18, 17.1, 262.58, 21.82, 203.9, 21.67, 93.98, 22.17], (143.6915, 557.08, 1364.432)]
[1212.56, [440.4, 68.58, 28.96, 70.26, 359.18, 17.1, 267.53, 21.98, 180.02, 22.28, 89.2, 15.76], (151.6189, 610.6702, 1484.246)]
[1845.18, [440.4, 68.58, 28.96, 56.94, 357.29, 20.98, 271.6, 20.38, 180.02, 21.91, 90.06, 15.91], (160.8877, 601.2937, 1425.964)]
[2082.4, [440.4, 68.58, 28.96, 17.83, 300.89, 21.05, 240.64, 22.89, 194.37, 17.97, 81.95, 22.32], (163.726, 600.4754, 1425.093)]
[2146.67, [440.4, 68.58, 28.96, 35.62, 353.02, 16.47, 262.56, 21.82, 213.73, 20.34, 87.35, 20.77], (164.1402, 613.2468, 1440.835)]
[2233.46, [440.4, 68.58, 28.96, 17.83, 304.02, 21.05, 235.11, 22.64, 194.37, 17.97, 81.95, 22.32], (165.4243, 603.9782, 1424.63)]
[2261.78, [440.4, 68.58, 28.96, 65.37, 338.51, 15.42, 275.62, 21.53, 180.02, 21.91, 85.45, 15.91], (163.0694, 657.9733, 1603.2)]
[2333.26, [440.4, 68.58, 28.96, 73.65, 358.72, 17.1, 262.58, 21.82, 205.03, 19.93, 87.35, 20.65], (165.863, 615.4773, 1474.096)]
[2372.1, [440.4, 68.58, 28.96, 12.67, 338.51, 15.42, 275.62, 21.98, 153.75, 21.12, 93.75, 16.64], (165.7006, 640.9358, 1501.882)]
[2397.98, [440.4, 68.58, 28.96, 33.56, 366.46, 15.39, 293.4, 20.4, 162.0, 22.69, 107.37, 14.6], (165.5738, 648.866, 1531.062)]
[2465.32, [440.4, 68.58, 28.96, 20.51, 304.02, 21.05, 237.68, 22.4, 191.96, 17.84, 78.39, 22.32], (167.9361, 606.2826, 1428.561)]
[2580.37, [440.4, 68.58, 28.96, 65.31, 327.02, 18.22, 276.74, 21.35, 206.02, 22.62, 143.34, 16.28], (163.3794, 718.0216, 1835.268)]
[2602.87, [440.4, 68.58, 28.96, 53.17, 357.29, 21.03, 271.6, 19.89, 153.45, 20.95, 93.75, 16.79], (169.5848, 606.2046, 1413.839)]
[2670.4, [440.4, 68.58, 28.96, 71.42, 297.5, 20.65, 247.96, 20.45, 145.04, 22.56, 141.78, 16.28], (164.1671, 694.0082, 1881.477)]
[2684.29, [440.4, 68.58, 28.96, 12.5, 338.51, 16.9, 262.58, 21.93, 210.53, 20.02, 82.66, 20.34], (169.9265, 623.8443, 1445.639)]
[2688.84, [440.4, 68.58, 28.96, 41.18, 297.5, 20.65, 246.53, 20.45, 151.25, 22.56, 144.82, 16.27], (165.4959, 692.2136, 1785.453)]
[2825.45, [440.4, 68.58, 28.96, 13.34, 339.55, 16.93, 266.26, 21.82, 205.73, 19.93, 87.35, 20.3], (171.3086, 626.9301, 1452.922)]
[3024.19, [440.4, 68.58, 28.96, 41.18, 297.5, 20.65, 246.53, 20.45, 147.17, 20.97, 91.11, 17.1], (171.6389, 657.7068, 1589.284)]
[3091.77, [440.4, 68.58, 28.96, 12.67, 338.51, 15.42, 275.62, 21.82, 207.88, 19.93, 87.35, 20.2], (173.583, 639.3116, 1486.733)]
[3105.86, [440.4, 68.58, 28.96, 37.12, 359.24, 15.42, 275.62, 21.79, 182.21, 21.91, 85.45, 15.86], (159.951, 978.7106, 2385.678)]
[3210.35, [440.4, 68.58, 28.96, 70.84, 362.42, 20.99, 240.5, 19.92, 169.34, 19.8, 134.78, 21.5], (174.3049, 628.3095, 1545.197)]
[5356.6, [440.4, 68.58, 28.96, 11.27, 295.57, 18.01, 228.89, 19.85, 198.65, 20.36, 95.03, 19.86], (192.1148, 722.0527, 1666.278)]
[5470.68, [440.4, 68.58, 28.96, 28.56, 331.84, 23.11, 273.44, 16.47, 154.6, 19.93, 87.35, 20.3], (195.8157, 627.3219, 1433.951)]
[5743.74, [440.4, 68.58, 28.96, 65.37, 295.57, 18.01, 229.73, 19.85, 198.65, 19.81, 94.75, 20.34], (193.7627, 750.2482, 1830.39)]
[9851.55, [440.4, 68.58, 28.96, 17.33, 304.02, 21.05, 237.68, 22.64, 198.32, 17.8, 80.15, 22.32], (39.03272, 167.048, 605.5243)]
[9880.82, [440.4, 68.58, 28.96, 64.96, 317.43, 20.98, 222.06, 15.99, 201.72, 19.02, 89.38, 18.39], (224.6789, 778.5094, 1839.547)]
[10141.71, [440.4, 68.58, 28.96, 10.72, 347.28, 20.85, 241.17, 22.7, 154.72, 21.24, 93.75, 16.79], (30.06868, 551.4178, 1306.44)]
[103443.72, [440.4, 68.58, 28.96, 37.12, 355.38, 16.6, 262.58, 21.82, 210.53, 20.02, 88.77, 19.78], (598.1469, 1662.334, 2584.965)]
[104330.73, [440.4, 68.58, 28.96, 12.67, 338.51, 15.42, 275.62, 22.09, 180.02, 21.91, 89.31, 15.91], (601.1616, 1515.218, 2639.935)]
[111791.67, [440.4, 68.58, 28.96, 70.26, 359.18, 15.81, 275.62, 21.84, 180.02, 22.24, 85.45, 15.91], (623.6501, 1495.545, 2717.989)]

Population size: 30
Number of couples: 13
Number of kept parents: 0
Best parent kept: True
Mutation Probability: 0.3
Mutation range (x, y): 5, 0.5