[9.57, [440.4, 68.58, 28.96, 26.33, 297.43, 21.32, 221.68, 22.05, 189.45, 22.79, 86.07, 22.98], (130.0694, 523.0736, 1305.151)]
[9.61, [440.4, 68.58, 28.96, 26.11, 297.43, 21.31, 229.91, 22.17, 190.18, 22.79, 84.55, 22.46], (129.9857, 523.5442, 1306.34)]
[10.62, [440.4, 68.58, 28.96, 21.4, 300.32, 20.95, 220.88, 22.05, 191.81, 22.9, 86.07, 22.85], (130.5653, 526.5263, 1302.022)]
[14.98, [440.4, 68.58, 28.96, 27.53, 297.05, 21.44, 223.65, 22.25, 185.05, 22.61, 86.07, 22.85], (130.0183, 520.7541, 1302.731)]
[16.64, [440.4, 68.58, 28.96, 22.57, 296.57, 21.08, 228.42, 21.88, 191.61, 22.69, 83.55, 23.16], (131.3388, 523.344, 1295.392)]
[18.48, [440.4, 68.58, 28.96, 29.75, 297.43, 21.2, 226.23, 22.23, 192.2, 22.72, 81.22, 22.71], (129.5401, 522.465, 1304.798)]
[25.03, [440.4, 68.58, 28.96, 26.11, 299.36, 20.91, 245.33, 21.81, 193.25, 22.69, 84.47, 22.98], (130.4743, 518.4585, 1289.86)]
[28.73, [440.4, 68.58, 28.96, 29.15, 297.24, 21.46, 222.63, 22.06, 188.1, 22.88, 86.07, 22.85], (129.0514, 520.6104, 1305.418)]
[31.36, [440.4, 68.58, 28.96, 26.32, 304.11, 21.02, 222.43, 21.71, 193.13, 22.86, 82.94, 23.16], (130.8276, 534.0149, 1287.547)]
[37.11, [440.4, 68.58, 28.96, 25.29, 300.0, 21.51, 232.6, 22.25, 192.5, 22.61, 86.07, 22.66], (129.5137, 517.0313, 1292.05)]
[40.1, [440.4, 68.58, 28.96, 25.29, 296.03, 21.23, 222.34, 22.19, 192.2, 22.62, 81.22, 22.46], (132.4416, 532.2673, 1318.429)]
[47.97, [440.4, 68.58, 28.96, 22.83, 296.77, 21.17, 223.25, 22.25, 187.55, 22.61, 90.98, 22.66], (132.1942, 533.4886, 1329.635)]
[65.74, [440.4, 68.58, 28.96, 23.95, 298.89, 21.53, 223.65, 22.06, 187.7, 22.81, 88.52, 23.16], (128.5737, 514.0294, 1285.119)]
[73.2, [440.4, 68.58, 28.96, 21.46, 301.84, 21.46, 224.98, 21.81, 215.23, 22.95, 84.47, 23.28], (127.9566, 519.2663, 1287.189)]
[96.15, [440.4, 68.58, 28.96, 21.4, 296.8, 21.17, 226.49, 22.29, 192.85, 22.89, 84.55, 22.99], (127.3284, 515.5814, 1284.699)]
[137.53, [440.4, 68.58, 28.96, 28.27, 316.75, 20.92, 218.4, 21.64, 194.29, 22.42, 82.35, 22.94], (135.7895, 526.2352, 1284.598)]
[161.71, [440.4, 68.58, 28.96, 26.11, 292.57, 21.08, 221.36, 21.81, 194.29, 22.42, 79.45, 22.94], (135.9935, 541.1958, 1333.988)]
[188.37, [440.4, 68.58, 28.96, 31.53, 325.75, 21.2, 226.23, 22.14, 192.2, 22.72, 78.65, 22.71], (127.4121, 494.4154, 1211.319)]
[202.11, [440.4, 68.58, 28.96, 25.29, 300.0, 21.51, 232.6, 22.06, 192.2, 23.01, 83.74, 23.12], (125.2935, 502.2978, 1256.644)]
[2007.37, [440.4, 68.58, 28.96, 24.89, 297.79, 21.03, 226.69, 22.14, 190.18, 22.89, 83.51, 22.46], (114.8235, 130.44, 332.9453)]
[7846.22, [440.4, 68.58, 28.96, 20.2, 294.11, 19.26, 263.77, 21.23, 177.08, 16.57, 71.21, 15.6], (210.8385, 772.4251, 1746.333)]
[8669.0, [440.4, 68.58, 28.96, 19.62, 366.7, 20.39, 264.79, 21.01, 216.45, 14.69, 127.43, 20.87], (49.47899, 238.4567, 259.0647)]
[9261.71, [440.4, 68.58, 28.96, 23.77, 297.49, 21.03, 226.49, 22.14, 190.18, 22.89, 82.09, 22.46], (49.56379, 1309.398, 2460.022)]
[9311.41, [440.4, 68.58, 28.96, 21.4, 299.36, 20.9, 222.43, 21.71, 193.13, 22.78, 86.07, 23.16], (43.60429, 132.8819, 531.1252)]
[10074.63, [440.4, 68.58, 28.96, 14.61, 308.4, 18.08, 268.24, 20.55, 211.93, 16.7, 80.87, 16.15], (226.2485, 795.6424, 1787.169)]
[10245.85, [440.4, 68.58, 28.96, 52.27, 341.41, 16.76, 234.13, 21.34, 188.61, 14.52, 77.51, 16.05], (226.9537, 823.429, 1827.08)]
[12493.36, [440.4, 68.58, 28.96, 26.11, 294.56, 21.51, 221.63, 22.03, 189.45, 22.79, 86.07, 22.85], (22.89904, 23.44295, 524.8561)]
[73475.55, [440.4, 68.58, 28.96, 25.29, 301.88, 21.51, 232.6, 22.06, 187.58, 22.69, 83.25, 22.87], (502.8452, 1264.358, 2284.5)]
[76501.27, [440.4, 68.58, 28.96, 22.79, 294.46, 21.67, 221.13, 22.05, 189.45, 22.76, 86.07, 22.85], (512.9473, 1303.183, 2328.879)]
[80509.45, [440.4, 68.58, 28.96, 24.89, 297.43, 21.51, 218.99, 22.07, 184.66, 22.79, 89.31, 22.85], (526.3699, 1309.454, 2360.603)]

Population size: 30
Number of couples: 13
Number of kept parents: 0
Best parent kept: True
Mutation Probability: 0.3
Mutation range (x, y): 5, 0.2

Written time: 24/03/2023 23:13:47