[80.32, [440.4, 68.58, 28.96, 17.93, 313.18, 21.43, 277.41, 23.0, 173.27, 23.21, 77.12, 15.42], (127.0086, 527.307, 1310.193)]
[185.4, [440.4, 68.58, 28.96, 20.86, 305.92, 21.37, 237.94, 22.71, 178.49, 23.2, 75.5, 15.5], (133.487, 567.9326, 1405.121)]
[206.31, [440.4, 68.58, 28.96, 16.59, 306.76, 21.0, 237.94, 22.71, 177.17, 23.31, 75.5, 15.31], (134.1334, 570.9187, 1406.268)]
[233.83, [440.4, 68.58, 28.96, 69.04, 302.63, 21.0, 278.16, 22.9, 180.05, 23.37, 75.5, 15.29], (127.9335, 554.0619, 1462.289)]
[240.64, [440.4, 68.58, 28.96, 22.61, 310.89, 20.92, 235.53, 22.44, 189.08, 23.0, 83.8, 22.54], (124.8305, 499.3305, 1237.742)]
[260.13, [440.4, 68.58, 28.96, 13.36, 314.25, 21.39, 228.31, 22.26, 184.67, 23.04, 83.32, 22.69], (125.5437, 490.9006, 1201.305)]
[312.47, [440.4, 68.58, 28.96, 56.68, 309.17, 21.26, 233.12, 22.54, 187.6, 23.07, 82.85, 22.54], (121.869, 497.9851, 1288.414)]
[317.49, [440.4, 68.58, 28.96, 17.06, 303.77, 21.0, 235.83, 22.82, 187.38, 22.93, 79.45, 22.47], (123.2268, 495.319, 1227.517)]
[373.66, [440.4, 68.58, 28.96, 19.81, 305.28, 21.01, 235.83, 22.82, 187.38, 23.01, 79.45, 22.47], (122.0904, 492.1858, 1223.153)]
[406.55, [440.4, 68.58, 28.96, 19.81, 306.76, 21.09, 235.83, 22.82, 187.38, 23.03, 79.45, 22.47], (121.6033, 489.1678, 1215.151)]
[418.28, [440.4, 68.58, 28.96, 22.61, 309.85, 21.26, 226.1, 22.54, 192.59, 23.23, 75.01, 22.6], (121.5609, 488.1495, 1206.377)]
[439.09, [440.4, 68.58, 28.96, 19.81, 304.13, 21.37, 235.83, 22.85, 187.38, 23.03, 79.45, 22.47], (120.9637, 487.1108, 1214.288)]
[546.39, [440.4, 68.58, 28.96, 23.87, 301.05, 21.31, 235.81, 22.63, 189.2, 22.83, 75.5, 15.3], (140.1044, 600.5458, 1494.01)]
[563.13, [440.4, 68.58, 28.96, 19.81, 306.76, 21.29, 240.03, 22.59, 183.84, 23.34, 75.5, 22.47], (119.2955, 476.9957, 1182.134)]
[674.42, [440.4, 68.58, 28.96, 19.81, 309.45, 21.13, 240.03, 22.87, 180.05, 23.31, 77.28, 22.47], (117.5036, 471.4646, 1171.054)]
[784.57, [440.4, 68.58, 28.96, 17.16, 305.24, 21.39, 240.4, 22.42, 183.68, 22.98, 78.27, 15.24], (139.7978, 795.8102, 1065.438)]
[1097.4, [440.4, 68.58, 28.96, 17.93, 313.18, 21.43, 277.41, 23.06, 180.05, 23.31, 77.28, 22.38], (112.2676, 439.3175, 1093.315)]
[1230.01, [440.4, 68.58, 28.96, 25.48, 306.62, 21.18, 232.09, 22.26, 188.42, 22.85, 83.32, 22.69], (127.0546, 673.7927, 2314.736)]
[1304.76, [440.4, 68.58, 28.96, 19.17, 313.18, 21.48, 227.76, 22.48, 182.85, 23.19, 76.73, 22.73], (121.3398, 729.7807, 2114.792)]
[4343.88, [440.4, 68.58, 28.96, 18.3, 340.56, 20.78, 224.27, 22.95, 209.84, 16.95, 127.34, 16.73], (182.6306, 479.3717, 738.194)]
[6240.64, [440.4, 68.58, 28.96, 11.73, 365.58, 14.92, 226.87, 21.84, 174.05, 14.84, 137.27, 14.72], (65.00695, 230.3059, 698.685)]
[6582.64, [440.4, 68.58, 28.96, 55.09, 305.19, 21.18, 240.03, 22.59, 181.38, 23.31, 75.5, 15.35], (63.94359, 133.7894, 583.1081)]
[9989.65, [440.4, 68.58, 28.96, 67.91, 302.63, 21.18, 227.76, 22.48, 182.85, 23.19, 76.73, 22.6], (33.51995, 130.9261, 1307.519)]
[12116.42, [440.4, 68.58, 28.96, 18.15, 299.88, 21.23, 237.71, 22.63, 191.06, 22.91, 83.32, 15.34], (24.03329, 140.9598, 608.0072)]
[15073.85, [440.4, 68.58, 28.96, 55.63, 331.36, 18.09, 252.57, 14.61, 173.22, 16.07, 111.02, 21.48], (257.0018, 827.8393, 1902.125)]
[42223.58, [440.4, 68.58, 28.96, 25.48, 308.09, 21.09, 280.26, 23.01, 177.34, 23.44, 75.5, 15.41], (384.5685, 1235.636, 2396.821)]
[69794.9, [440.4, 68.58, 28.96, 16.75, 308.91, 21.18, 243.11, 22.71, 177.17, 23.11, 75.5, 15.44], (489.4478, 1322.146, 2387.117)]
[73050.79, [440.4, 68.58, 28.96, 32.62, 319.71, 21.29, 236.49, 22.44, 184.31, 22.67, 82.92, 22.42], (501.7053, 1209.045, 2244.596)]
[80692.83, [440.4, 68.58, 28.96, 19.17, 313.18, 21.32, 277.41, 22.93, 180.05, 23.31, 75.5, 15.13], (526.865, 1330.608, 2375.081)]
[88786.96, [440.4, 68.58, 28.96, 19.81, 306.76, 21.33, 236.58, 22.81, 180.26, 23.41, 75.5, 15.44], (553.0942, 1396.009, 2445.733)]

Population size: 30
Number of couples: 13
Number of kept parents: 0
Best parent kept: True
Mutation Probability: 0.3
Mutation range (x, y): 5, 0.2