[2.43, [440.4, 68.58, 28.96, 27.53, 296.2, 21.75, 221.63, 21.99, 190.19, 22.68, 86.07, 22.85], (130.9755, 523.6606, 1309.494)]
[4.92, [440.4, 68.58, 28.96, 24.9, 299.64, 20.95, 224.26, 22.07, 188.45, 22.79, 86.07, 22.85], (130.8159, 525.9092, 1305.873)]
[4.92, [440.4, 68.58, 28.96, 24.9, 299.64, 20.95, 224.26, 22.07, 188.45, 22.79, 86.07, 22.85], (130.8159, 525.9092, 1305.872)]
[7.35, [440.4, 68.58, 28.96, 25.42, 296.03, 21.75, 221.63, 21.99, 188.45, 22.68, 86.07, 22.89], (130.939, 521.8691, 1302.609)]
[7.85, [440.4, 68.58, 28.96, 25.29, 300.32, 20.95, 221.63, 21.93, 191.75, 22.93, 86.07, 22.85], (130.818, 528.3813, 1310.851)]
[11.88, [440.4, 68.58, 28.96, 23.58, 296.03, 20.95, 224.26, 22.21, 188.45, 22.79, 86.07, 22.85], (130.1915, 527.0297, 1311.334)]
[12.28, [440.4, 68.58, 28.96, 25.42, 296.03, 21.75, 221.63, 21.99, 188.45, 22.76, 86.07, 22.85], (130.3694, 520.9516, 1301.104)]
[14.23, [440.4, 68.58, 28.96, 25.29, 298.56, 21.75, 221.63, 21.99, 195.11, 22.89, 88.83, 22.56], (130.3589, 526.2323, 1316.318)]
[16.61, [440.4, 68.58, 28.96, 19.93, 301.5, 20.95, 222.33, 21.99, 191.75, 22.79, 87.93, 22.98], (131.5048, 526.7542, 1300.78)]
[20.23, [440.4, 68.58, 28.96, 23.45, 296.03, 21.75, 221.63, 21.99, 188.45, 22.79, 86.07, 22.85], (130.2144, 519.8954, 1295.889)]
[21.2, [440.4, 68.58, 28.96, 25.42, 296.03, 21.75, 221.63, 21.99, 188.45, 22.79, 86.07, 22.89], (129.9555, 519.6544, 1298.468)]
[27.69, [440.4, 68.58, 28.96, 25.29, 296.03, 21.75, 221.63, 22.01, 195.11, 22.89, 86.07, 22.85], (129.1398, 521.1717, 1304.161)]
[38.16, [440.4, 68.58, 28.96, 25.42, 296.03, 21.94, 221.63, 21.99, 188.45, 22.79, 86.07, 22.89], (129.4494, 516.5392, 1292.608)]
[40.36, [440.4, 68.58, 28.96, 25.42, 296.03, 21.75, 224.26, 22.07, 188.45, 22.79, 86.07, 22.85], (129.1897, 517.2545, 1294.454)]
[42.0, [440.4, 68.58, 28.96, 25.42, 296.03, 21.75, 221.63, 21.99, 188.45, 22.91, 86.07, 22.85], (129.02, 517.9262, 1295.46)]
[54.46, [440.4, 68.58, 28.96, 23.58, 296.03, 21.2, 218.79, 21.85, 191.75, 22.79, 87.93, 22.98], (132.6764, 534.2597, 1326.147)]
[63.86, [440.4, 68.58, 28.96, 25.42, 296.03, 21.75, 221.63, 21.99, 188.45, 22.79, 86.07, 22.89], (129.9555, 519.6559, 1360.449)]
[74.02, [440.4, 68.58, 28.96, 25.42, 296.03, 21.75, 222.33, 22.05, 188.45, 22.97, 86.07, 22.85], (127.9436, 515.2066, 1290.764)]
[446.41, [440.4, 68.58, 28.96, 23.58, 296.03, 21.2, 218.79, 22.05, 191.0, 22.97, 86.07, 22.85], (129.8677, 860.0168, 1408.582)]
[947.92, [440.4, 68.58, 28.96, 24.9, 299.64, 20.95, 222.33, 21.99, 191.75, 22.79, 87.93, 22.98], (129.175, 209.7021, 694.7286)]
[1020.76, [440.4, 68.58, 28.96, 66.75, 320.35, 22.56, 291.27, 21.48, 193.8, 21.23, 131.82, 21.0], (148.8884, 575.2789, 1508.381)]
[1113.43, [440.4, 68.58, 28.96, 25.29, 298.56, 21.75, 221.63, 21.99, 195.11, 22.89, 88.83, 22.56], (130.3589, 194.7808, 526.2323)]
[1340.45, [440.4, 68.58, 28.96, 27.53, 296.2, 21.75, 221.63, 21.99, 190.19, 22.68, 86.07, 22.85], (107.7329, 375.7266, 1392.247)]
[3396.63, [440.4, 68.58, 28.96, 27.53, 296.2, 21.75, 221.63, 21.99, 190.19, 22.68, 86.07, 22.85], (139.4607, 1985.927, 2987.781)]
[7144.63, [440.4, 68.58, 28.96, 25.29, 296.03, 21.75, 224.43, 21.99, 195.75, 22.68, 86.07, 22.85], (59.92571, 130.875, 524.2005)]
[9139.82, [440.4, 68.58, 28.96, 23.58, 296.03, 21.75, 224.26, 22.07, 188.45, 22.79, 86.07, 22.85], (41.70532, 129.4448, 1642.661)]
[12591.85, [440.4, 68.58, 28.96, 20.79, 296.03, 21.03, 233.53, 22.06, 188.45, 22.79, 88.83, 22.56], (21.54939, 131.4753, 529.3012)]
[20233.18, [440.4, 68.58, 28.96, 24.9, 299.64, 20.95, 224.43, 21.99, 195.75, 22.68, 86.07, 22.85], (280.9372, 1318.014, 2352.553)]
[69753.46, [440.4, 68.58, 28.96, 20.79, 296.03, 21.03, 229.91, 22.06, 188.45, 22.68, 86.07, 22.85], (489.5612, 1304.725, 2330.875)]
[77354.31, [440.4, 68.58, 28.96, 25.42, 296.03, 21.75, 224.26, 22.07, 187.07, 22.79, 86.07, 22.85], (515.7952, 1300.017, 2348.455)]

Population size: 30
Number of couples: 14
Number of kept parents: 0
Best parent kept: True
Mutation Probability: 0.05
Mutation range (x, y): 5, 0.3
Number of Parameters: 4

Written time: 26/03/2023 01:09:43