[552.3, [440.4, 68.58, 28.96, 66.15, 359.18, 17.1, 262.58, 21.82, 203.9, 21.67, 93.98, 22.17], (143.6915, 557.08, 1364.432)]
[666.61, [440.4, 68.58, 28.96, 65.37, 338.51, 17.43, 262.58, 21.82, 201.36, 21.67, 93.98, 22.17], (144.5323, 568.6121, 1421.226)]
[1193.14, [440.4, 68.58, 28.96, 70.26, 357.24, 17.1, 271.35, 21.98, 180.02, 22.28, 89.2, 15.79], (151.3671, 609.3122, 1483.352)]
[1750.85, [440.4, 68.58, 28.96, 56.81, 357.29, 21.06, 268.08, 20.55, 180.02, 21.91, 92.8, 15.71], (159.7055, 601.0774, 1428.13)]
[1777.59, [440.4, 68.58, 28.96, 37.12, 359.24, 15.42, 275.62, 21.79, 184.01, 21.91, 85.45, 16.33], (159.1229, 627.2529, 1475.437)]
[1987.58, [440.4, 68.58, 28.96, 33.56, 366.41, 15.39, 293.4, 20.44, 157.78, 22.69, 102.49, 22.32], (142.2731, 1143.147, 2287.86)]
[2157.61, [440.4, 68.58, 28.96, 66.15, 359.18, 17.1, 258.4, 21.82, 200.2, 22.56, 144.82, 16.27], (159.6184, 696.047, 1746.939)]
[2203.78, [440.4, 68.58, 28.96, 20.51, 304.02, 21.51, 234.55, 22.4, 190.23, 17.85, 76.01, 22.32], (165.3438, 598.6946, 1407.333)]
[2274.8, [440.4, 68.58, 28.96, 17.33, 304.02, 21.05, 235.06, 22.93, 198.32, 17.39, 81.95, 22.82], (165.9255, 602.1813, 1423.38)]
[2275.68, [440.4, 68.58, 28.96, 20.51, 304.02, 21.05, 237.68, 22.57, 188.0, 17.84, 78.39, 22.32], (165.9871, 602.6099, 1418.357)]
[2638.85, [440.4, 68.58, 28.96, 37.12, 359.24, 15.42, 275.62, 20.4, 162.0, 22.74, 107.37, 14.6], (167.4782, 666.0814, 1584.006)]
[2950.86, [440.4, 68.58, 28.96, 61.97, 325.82, 18.22, 281.43, 21.35, 169.34, 19.8, 134.78, 21.5], (170.3405, 651.1209, 1645.993)]
[2974.87, [440.4, 68.58, 28.96, 72.29, 362.42, 20.99, 236.48, 19.92, 202.88, 22.62, 142.53, 15.95], (169.3799, 686.0096, 1725.149)]
[3376.8, [440.4, 68.58, 28.96, 57.15, 357.29, 21.03, 271.6, 19.89, 153.45, 20.95, 93.75, 17.27], (168.716, 186.445, 601.6513)]
[3732.88, [440.4, 68.58, 28.96, 28.56, 338.51, 15.42, 275.62, 21.09, 181.99, 21.91, 85.45, 15.5], (169.6152, 962.3029, 2184.914)]
[3803.56, [440.4, 68.58, 28.96, 14.68, 300.89, 21.05, 240.64, 22.72, 194.37, 17.97, 81.95, 14.6], (178.121, 723.3837, 1657.676)]
[5502.44, [440.4, 68.58, 28.96, 65.37, 331.84, 23.11, 273.69, 16.47, 154.6, 19.93, 87.35, 20.3], (195.4954, 638.0429, 1493.672)]
[5544.63, [440.4, 68.58, 28.96, 66.15, 359.18, 15.65, 274.47, 21.53, 180.02, 21.5, 83.57, 15.94], (193.9553, 721.9802, 1636.613)]
[6555.31, [440.4, 68.58, 28.96, 67.55, 295.57, 18.09, 229.73, 19.85, 198.65, 17.84, 78.39, 22.32], (201.1647, 728.5172, 1757.362)]
[6668.23, [440.4, 68.58, 28.96, 33.56, 366.46, 15.39, 293.4, 21.43, 182.21, 21.52, 85.45, 15.86], (62.50302, 166.7474, 642.2119)]
[6849.97, [440.4, 68.58, 28.96, 59.75, 357.37, 19.02, 235.47, 17.7, 213.16, 21.66, 108.74, 15.47], (203.104, 761.7681, 1773.101)]
[6876.15, [440.4, 68.58, 28.96, 41.18, 297.5, 20.65, 246.53, 20.45, 151.28, 20.97, 91.11, 17.1], (56.09428, 659.8257, 1589.021)]
[7403.33, [440.4, 68.58, 28.96, 55.29, 357.29, 20.86, 271.6, 20.36, 180.02, 21.91, 90.06, 15.91], (51.7346, 206.4532, 1253.727)]
[7453.05, [440.4, 68.58, 28.96, 20.36, 304.02, 21.05, 237.68, 22.4, 191.96, 17.84, 83.25, 22.32], (50.35112, 607.0411, 1459.915)]
[11352.79, [440.4, 68.58, 28.96, 20.51, 305.44, 21.05, 237.68, 22.46, 191.96, 20.17, 91.03, 20.34], (23.3958, 369.6836, 1374.391)]
[12532.78, [440.4, 68.58, 28.96, 17.83, 304.02, 21.05, 235.11, 22.64, 193.76, 17.92, 80.15, 22.46], (21.25329, 165.2902, 601.0125)]
[36965.52, [440.4, 68.58, 28.96, 30.46, 349.32, 18.13, 265.35, 22.22, 200.85, 22.51, 120.27, 19.72], (363.3287, 1249.538, 2092.289)]
[53150.59, [440.4, 68.58, 28.96, 41.17, 298.88, 20.65, 246.53, 20.45, 151.25, 21.67, 93.98, 22.17], (427.1088, 1397.545, 2582.308)]
[95908.94, [440.4, 68.58, 28.96, 37.76, 301.69, 20.65, 247.4, 20.6, 147.17, 20.97, 91.11, 17.1], (574.3705, 1554.816, 2768.727)]
[124462.4, [440.4, 68.58, 28.96, 42.06, 323.37, 17.52, 286.57, 20.13, 160.14, 18.66, 144.4, 20.43], (663.4206, 1651.312, 1725.724)]

Population size: 30
Number of couples: 13
Number of kept parents: 0
Best parent kept: True
Mutation Probability: 0.3
Mutation range (x, y): 5, 0.5