[1.06, [440.4, 68.58, 28.96, 27.53, 296.03, 21.75, 221.63, 21.99, 188.45, 22.68, 86.07, 22.85], (130.9691, 523.0245, 1308.347)]
[3.51, [440.4, 68.58, 28.96, 25.29, 296.03, 21.75, 221.63, 21.99, 191.75, 22.68, 86.07, 22.85], (131.1353, 524.1137, 1307.307)]
[4.69, [440.4, 68.58, 28.96, 23.58, 296.03, 21.03, 229.91, 22.06, 188.45, 22.68, 86.07, 22.98], (130.9582, 524.7797, 1305.518)]
[5.19, [440.4, 68.58, 28.96, 25.29, 296.03, 21.75, 221.63, 21.99, 191.75, 22.68, 84.89, 22.85], (131.0367, 523.0416, 1304.208)]
[5.69, [440.4, 68.58, 28.96, 25.29, 300.32, 20.95, 224.26, 22.07, 188.45, 22.79, 86.07, 22.85], (130.7348, 525.3212, 1304.731)]
[6.56, [440.4, 68.58, 28.96, 23.58, 295.84, 21.75, 221.63, 21.99, 191.75, 22.68, 86.07, 22.85], (131.2535, 523.8796, 1305.125)]
[6.79, [440.4, 68.58, 28.96, 25.29, 296.03, 21.75, 221.63, 21.99, 193.91, 22.68, 86.07, 22.85], (131.1675, 525.1142, 1310.95)]
[7.19, [440.4, 68.58, 28.96, 27.53, 297.38, 21.75, 221.84, 21.99, 195.75, 22.68, 86.07, 22.85], (130.9137, 524.8987, 1313.35)]
[9.42, [440.4, 68.58, 28.96, 25.42, 296.03, 21.75, 221.63, 21.99, 195.11, 22.68, 86.07, 22.85], (131.1807, 525.7387, 1312.833)]
[9.64, [440.4, 68.58, 28.96, 25.29, 300.32, 20.95, 226.59, 22.13, 190.18, 22.89, 86.07, 22.56], (130.1413, 526.3787, 1309.134)]
[10.88, [440.4, 68.58, 28.96, 27.53, 296.03, 21.2, 226.79, 22.05, 188.45, 22.79, 86.07, 22.98], (129.7812, 522.9797, 1308.257)]
[11.34, [440.4, 68.58, 28.96, 23.58, 296.03, 21.03, 229.91, 22.06, 188.45, 22.79, 89.3, 22.98], (130.1928, 525.4417, 1312.393)]
[15.01, [440.4, 68.58, 28.96, 20.79, 296.03, 21.2, 226.59, 22.13, 190.18, 22.89, 88.83, 22.56], (130.506, 528.7701, 1315.917)]
[15.83, [440.4, 68.58, 28.96, 19.36, 296.03, 21.03, 229.91, 22.06, 191.81, 22.68, 86.07, 22.85], (131.7876, 527.816, 1306.484)]
[16.93, [440.4, 68.58, 28.96, 23.58, 296.03, 21.2, 223.39, 22.01, 188.45, 22.68, 82.17, 22.98], (131.4289, 523.8775, 1296.664)]
[17.1, [440.4, 68.58, 28.96, 27.53, 296.03, 21.2, 221.68, 22.05, 188.45, 22.79, 86.07, 22.85], (130.9181, 528.6226, 1319.518)]
[19.86, [440.4, 68.58, 28.96, 23.58, 296.03, 21.2, 223.39, 22.01, 188.45, 22.79, 82.17, 22.98], (130.4068, 521.6534, 1292.459)]
[24.82, [440.4, 68.58, 28.96, 25.29, 296.03, 21.75, 221.63, 21.99, 191.75, 22.79, 86.07, 22.98], (129.6612, 519.6415, 1299.286)]
[25.92, [440.4, 68.58, 28.96, 23.58, 296.03, 21.75, 221.63, 22.07, 188.45, 22.79, 86.07, 22.85], (129.5959, 518.9765, 1299.913)]
[26.23, [440.4, 68.58, 28.96, 20.79, 296.03, 21.2, 224.26, 21.99, 195.11, 22.68, 81.33, 22.85], (132.1368, 527.7475, 1301.625)]
[33.08, [440.4, 68.58, 28.96, 27.53, 296.03, 21.63, 218.79, 22.05, 188.45, 23.07, 86.07, 22.56], (128.6964, 522.7484, 1309.916)]
[37.44, [440.4, 68.58, 28.96, 25.29, 296.03, 21.03, 229.91, 22.06, 188.45, 22.68, 86.07, 22.63], (132.1725, 531.1876, 1321.781)]
[41.6, [440.4, 68.58, 28.96, 23.58, 296.03, 21.2, 218.79, 22.05, 188.45, 22.68, 86.07, 22.85], (132.5189, 531.8248, 1318.875)]
[69.59, [440.4, 68.58, 28.96, 25.29, 296.03, 21.75, 221.63, 21.99, 188.45, 22.68, 86.07, 22.85], (132.682, 513.6152, 1342.533)]
[1956.29, [440.4, 68.58, 28.96, 19.36, 296.03, 21.03, 229.91, 21.99, 191.75, 22.79, 86.07, 22.72], (136.8348, 1308.523, 2331.378)]
[8615.83, [440.4, 68.58, 28.96, 25.29, 297.38, 21.75, 221.63, 22.06, 191.75, 22.68, 86.07, 22.85], (48.55841, 131.2806, 544.2999)]
[11240.55, [440.4, 68.58, 28.96, 23.58, 296.03, 21.75, 221.63, 22.06, 191.81, 22.68, 86.07, 22.85], (30.98482, 46.03927, 519.0344)]
[12265.18, [440.4, 68.58, 28.96, 25.29, 296.03, 21.03, 229.91, 22.06, 189.14, 22.68, 86.07, 22.66], (23.62806, 132.0709, 531.0021)]
[65242.79, [440.4, 68.58, 28.96, 25.29, 300.32, 20.77, 226.59, 22.13, 190.18, 22.74, 86.07, 22.98], (473.512, 1313.778, 2319.505)]
[163912.5, [440.4, 68.58, 28.96, 39.26, 309.65, 20.16, 272.33, 22.34, 204.54, 15.73, 118.81, 16.78], (767.6821, 1827.578, 3194.324)]

Population size: 30
Number of couples: 14
Number of kept parents: 0
Best parent kept: True
Mutation Probability: 0.05
Mutation range (x, y): 5, 0.3
Number of Parameters: 4

Written time: 26/03/2023 00:33:37