[64.27, [440.4, 68.58, 28.96, 66.15, 357.12, 17.09, 262.58, 21.82, 157.78, 22.69, 102.62, 22.45], (133.4064, 519.6649, 1289.209)]
[118.96, [440.4, 68.58, 28.96, 66.15, 359.18, 15.39, 293.4, 20.54, 154.72, 23.19, 101.25, 22.32], (135.4799, 527.2336, 1293.971)]
[197.21, [440.4, 68.58, 28.96, 14.68, 359.18, 17.09, 253.79, 21.82, 155.04, 22.69, 102.49, 22.73], (135.7649, 517.1289, 1227.237)]
[381.11, [440.4, 68.58, 28.96, 56.81, 357.29, 21.06, 265.63, 21.45, 205.76, 21.46, 98.46, 22.4], (141.2051, 520.8623, 1264.421)]
[900.06, [440.4, 68.58, 28.96, 17.33, 359.31, 21.0, 234.16, 21.79, 184.01, 21.91, 89.58, 16.33], (149.5357, 574.2856, 1347.026)]
[920.7, [440.4, 68.58, 28.96, 66.15, 359.18, 15.39, 275.62, 20.4, 159.84, 22.26, 102.49, 22.32], (149.261, 571.2355, 1388.484)]
[1252.74, [440.4, 68.58, 28.96, 57.1, 357.24, 16.89, 271.35, 21.98, 182.7, 22.28, 89.2, 15.79], (152.2698, 613.2613, 1476.951)]
[1339.29, [440.4, 68.58, 28.96, 40.36, 359.24, 15.64, 275.62, 20.07, 159.84, 21.8, 99.65, 22.52], (155.5331, 578.8259, 1362.778)]
[1538.5, [440.4, 68.58, 28.96, 66.15, 296.95, 21.05, 240.64, 23.18, 194.37, 17.97, 81.95, 14.6], (114.0934, 173.8348, 1813.557)]
[1909.51, [440.4, 68.58, 28.96, 56.55, 357.29, 21.06, 267.04, 20.37, 180.02, 21.91, 92.8, 15.71], (161.4821, 605.495, 1436.952)]
[1966.72, [440.4, 68.58, 28.96, 58.2, 362.35, 15.42, 270.91, 21.6, 187.62, 21.91, 87.64, 16.46], (160.8052, 638.1937, 1517.385)]
[1985.26, [440.4, 68.58, 28.96, 34.3, 366.41, 15.86, 297.6, 20.35, 156.68, 23.07, 107.37, 14.15], (161.2747, 633.4286, 1501.972)]
[2134.95, [440.4, 68.58, 28.96, 66.15, 359.18, 17.09, 262.58, 21.82, 200.2, 22.56, 144.82, 16.13], (159.4116, 694.4052, 1742.542)]
[2522.77, [440.4, 68.58, 28.96, 33.56, 367.06, 17.1, 262.58, 21.49, 149.84, 20.61, 89.24, 16.37], (168.242, 625.248, 1439.029)]
[2929.44, [440.4, 68.58, 28.96, 37.12, 355.4, 15.42, 270.62, 20.4, 163.21, 22.74, 142.53, 16.28], (169.1205, 695.1351, 1694.721)]
[2956.17, [440.4, 68.58, 28.96, 29.31, 370.25, 17.1, 262.58, 20.37, 180.02, 21.91, 92.8, 15.71], (171.991, 650.5907, 1494.564)]
[2971.04, [440.4, 68.58, 28.96, 72.29, 308.15, 21.05, 237.4, 23.04, 194.72, 17.17, 81.95, 22.82], (164.5504, 203.8594, 616.0865)]
[3172.09, [440.4, 68.58, 28.96, 56.81, 357.29, 21.06, 267.04, 20.37, 180.02, 21.62, 97.52, 15.71], (173.3209, 621.3981, 1610.642)]
[3825.65, [440.4, 68.58, 28.96, 58.2, 362.35, 15.23, 273.53, 20.03, 201.51, 22.62, 142.53, 16.35], (176.8336, 742.0891, 1792.973)]
[3882.85, [440.4, 68.58, 28.96, 69.39, 359.18, 17.09, 263.66, 21.65, 157.78, 22.41, 102.49, 22.29], (88.83909, 137.8028, 530.1057)]
[5506.3, [440.4, 68.58, 28.96, 54.49, 302.25, 22.23, 254.43, 20.04, 182.89, 16.96, 120.66, 21.83], (193.2, 692.8014, 1717.215)]
[7409.82, [440.4, 68.58, 28.96, 36.77, 298.38, 21.45, 235.78, 15.36, 161.01, 22.76, 84.34, 14.49], (207.9204, 738.2714, 1732.07)]
[9702.38, [440.4, 68.58, 28.96, 72.29, 308.15, 21.05, 237.4, 22.93, 196.4, 17.54, 81.95, 22.63], (35.35552, 321.6302, 1133.788)]
[9928.65, [440.4, 68.58, 28.96, 65.07, 351.7, 15.12, 284.72, 15.69, 153.43, 21.77, 141.84, 15.37], (223.5814, 841.2371, 1983.683)]
[11333.38, [440.4, 68.58, 28.96, 72.29, 362.8, 17.1, 267.31, 21.64, 154.6, 19.93, 82.59, 20.3], (24.63174, 217.6698, 1394.555)]
[11611.08, [440.4, 68.58, 28.96, 66.15, 362.42, 20.99, 236.88, 19.97, 205.73, 22.62, 145.48, 15.79], (24.86718, 171.0233, 1661.98)]
[85642.44, [440.4, 68.58, 28.96, 66.15, 354.19, 15.77, 293.4, 20.53, 161.12, 22.94, 101.25, 22.32], (542.8157, 1338.208, 2507.93)]
[104847.72, [440.4, 68.58, 28.96, 40.36, 359.24, 15.42, 297.78, 20.74, 157.78, 22.94, 101.25, 22.32], (601.8016, 1360.131, 3103.747)]
[131278.53, [440.4, 68.58, 28.96, 61.29, 347.94, 20.18, 234.12, 18.37, 192.33, 22.22, 127.03, 15.56], (678.9378, 1617.213, 3165.364)]
[148519.26, [440.4, 68.58, 28.96, 47.26, 304.85, 18.12, 235.49, 14.92, 199.06, 21.46, 98.46, 22.4], (727.0018, 1708.286, 3071.072)]

Population size: 30
Number of couples: 13
Number of kept parents: 0
Best parent kept: True
Mutation Probability: 0.3
Mutation range (x, y): 5, 0.5