[69.83, [440.4, 68.58, 28.96, 66.15, 359.18, 17.09, 262.58, 21.82, 157.78, 22.69, 102.49, 22.45], (133.2799, 518.1016, 1282.198)]
[209.01, [440.4, 68.58, 28.96, 66.15, 359.18, 15.39, 293.4, 20.54, 157.78, 22.94, 101.25, 22.32], (138.0928, 534.7464, 1309.233)]
[769.2, [440.4, 68.58, 28.96, 33.56, 366.41, 17.1, 262.58, 21.45, 203.9, 21.46, 98.46, 22.4], (148.0644, 559.7665, 1324.286)]
[902.49, [440.4, 68.58, 28.96, 40.36, 359.24, 15.42, 275.62, 20.4, 159.84, 22.26, 102.49, 22.32], (149.549, 568.9647, 1353.919)]
[1252.98, [440.4, 68.58, 28.96, 57.15, 357.24, 16.89, 271.35, 21.98, 182.7, 22.28, 89.2, 15.79], (152.2716, 613.2776, 1477.047)]
[1445.66, [440.4, 68.58, 28.96, 56.81, 357.29, 21.06, 268.08, 20.55, 180.02, 22.33, 92.8, 15.71], (156.098, 592.0821, 1413.524)]
[1776.95, [440.4, 68.58, 28.96, 58.2, 362.35, 15.42, 270.91, 21.79, 184.01, 21.91, 85.45, 16.33], (158.7496, 630.8499, 1500.889)]
[1852.16, [440.4, 68.58, 28.96, 34.3, 366.41, 15.8, 297.6, 20.78, 157.78, 22.74, 107.37, 14.6], (159.8888, 627.3741, 1488.34)]
[1909.76, [440.4, 68.58, 28.96, 56.81, 357.29, 21.06, 267.04, 20.37, 180.02, 21.91, 92.8, 15.71], (161.4799, 605.54, 1437.336)]
[2007.95, [440.4, 68.58, 28.96, 61.34, 331.84, 23.56, 273.69, 16.47, 203.9, 22.14, 93.98, 22.17], (163.4072, 586.2441, 1392.246)]
[2011.18, [440.4, 68.58, 28.96, 66.15, 359.18, 17.1, 262.58, 21.82, 154.6, 19.93, 82.59, 20.3], (163.3847, 595.042, 1388.601)]
[2140.83, [440.4, 68.58, 28.96, 20.51, 304.02, 21.34, 237.68, 22.57, 188.0, 17.84, 78.39, 22.32], (164.6106, 598.2337, 1409.133)]
[2257.15, [440.4, 68.58, 28.96, 72.29, 308.15, 21.05, 237.4, 22.93, 196.4, 17.39, 81.95, 22.82], (164.279, 614.0542, 1538.476)]
[2503.32, [440.4, 68.58, 28.96, 14.68, 359.18, 17.1, 253.79, 21.82, 200.2, 22.56, 144.82, 16.13], (165.06, 692.7728, 1637.763)]
[2652.94, [440.4, 68.58, 28.96, 17.33, 363.53, 21.2, 236.48, 20.03, 202.88, 22.62, 142.53, 16.4], (168.106, 655.4822, 1551.435)]
[2675.24, [440.4, 68.58, 28.96, 72.29, 366.06, 20.99, 232.25, 19.92, 204.77, 22.62, 107.37, 14.6], (167.6997, 658.6542, 1607.68)]
[2798.14, [440.4, 68.58, 28.96, 37.12, 359.24, 15.42, 275.62, 20.4, 163.21, 22.74, 142.53, 16.28], (168.0222, 687.3176, 1672.463)]
[2950.86, [440.4, 68.58, 28.96, 61.97, 325.82, 18.22, 281.43, 21.35, 169.34, 19.8, 134.78, 21.5], (170.3405, 651.1209, 1645.993)]
[3073.41, [440.4, 68.58, 28.96, 72.29, 362.42, 20.99, 236.48, 19.97, 205.73, 22.62, 145.48, 15.79], (170.1126, 694.49, 1746.633)]
[3902.3, [440.4, 68.58, 28.96, 66.15, 300.89, 21.05, 240.64, 22.72, 194.37, 17.97, 81.95, 14.6], (177.3832, 746.5266, 1809.095)]
[5530.17, [440.4, 68.58, 28.96, 70.26, 361.87, 21.03, 271.6, 20.11, 153.45, 20.91, 93.75, 17.27], (74.24813, 166.4805, 388.9531)]
[5534.33, [440.4, 68.58, 28.96, 54.02, 302.25, 22.44, 254.43, 20.2, 182.89, 16.96, 120.66, 21.83], (71.39642, 190.6705, 686.3409)]
[7017.86, [440.4, 68.58, 28.96, 24.02, 304.02, 21.8, 234.6, 22.4, 190.23, 17.43, 76.01, 22.09], (206.7146, 677.5388, 1057.223)]
[8363.52, [440.4, 68.58, 28.96, 37.12, 357.29, 21.06, 268.08, 20.55, 180.02, 21.85, 92.8, 15.39], (48.33508, 238.3658, 719.9259)]
[11786.47, [440.4, 68.58, 28.96, 47.26, 304.85, 18.12, 235.49, 14.92, 149.84, 20.61, 89.24, 16.65], (236.9564, 816.3354, 1865.992)]
[72520.58, [440.4, 68.58, 28.96, 65.94, 337.81, 17.43, 262.58, 21.82, 201.36, 21.67, 92.36, 21.71], (496.5368, 1597.17, 2814.111)]
[99075.66, [440.4, 68.58, 28.96, 70.26, 353.09, 17.1, 271.35, 22.42, 180.02, 22.28, 93.74, 16.42], (584.9981, 1406.146, 2706.695)]
[110430.45, [440.4, 68.58, 28.96, 66.15, 359.18, 17.1, 262.58, 21.82, 203.9, 21.83, 98.51, 21.69], (619.5305, 1507.095, 2714.17)]
[128221.11, [440.4, 68.58, 28.96, 15.18, 333.85, 21.38, 228.4, 21.46, 200.4, 18.8, 117.82, 18.25], (671.6315, 1552.861, 2729.56)]
[148043.75, [440.4, 68.58, 28.96, 33.56, 366.41, 15.39, 293.4, 20.44, 203.9, 21.67, 93.98, 22.17], (726.6726, 1694.277, 2730.119)]

Population size: 30
Number of couples: 13
Number of kept parents: 0
Best parent kept: True
Mutation Probability: 0.3
Mutation range (x, y): 5, 0.5