[78.67, [440.4, 68.58, 28.96, 19.17, 313.18, 21.48, 277.41, 22.9, 180.05, 23.31, 75.5, 15.29], (127.9619, 532.8043, 1329.108)]
[128.1, [440.4, 68.58, 28.96, 19.81, 306.76, 21.13, 240.03, 22.87, 173.27, 23.21, 75.5, 15.42], (131.3789, 561.5388, 1393.684)]
[154.28, [440.4, 68.58, 28.96, 22.61, 305.95, 20.92, 235.53, 22.42, 189.08, 22.88, 83.8, 22.54], (126.5251, 507.0623, 1258.831)]
[154.51, [440.4, 68.58, 28.96, 19.81, 305.92, 21.37, 237.94, 22.71, 177.17, 23.31, 75.5, 15.44], (132.5556, 564.5581, 1398.33)]
[184.02, [440.4, 68.58, 28.96, 25.48, 306.62, 21.18, 232.09, 22.26, 183.68, 22.94, 83.32, 22.69], (126.1378, 501.768, 1246.682)]
[215.08, [440.4, 68.58, 28.96, 28.42, 319.71, 21.29, 233.44, 22.44, 183.68, 22.67, 83.32, 22.42], (126.2919, 493.789, 1218.647)]
[220.75, [440.4, 68.58, 28.96, 55.46, 305.19, 21.32, 236.58, 22.81, 178.25, 23.41, 75.5, 15.44], (129.8838, 570.9402, 1472.232)]
[239.01, [440.4, 68.58, 28.96, 19.81, 306.76, 21.18, 240.03, 22.59, 181.38, 23.31, 75.5, 15.35], (134.9043, 573.4832, 1414.153)]
[302.97, [440.4, 68.58, 28.96, 54.37, 310.87, 21.17, 235.53, 22.54, 189.69, 22.98, 79.04, 22.47], (122.4907, 496.5811, 1271.911)]
[314.12, [440.4, 68.58, 28.96, 17.16, 305.24, 21.43, 240.4, 22.44, 183.68, 22.98, 78.27, 22.47], (124.0274, 488.7014, 1205.319)]
[316.39, [440.4, 68.58, 28.96, 67.91, 302.63, 21.18, 227.76, 22.48, 182.85, 23.19, 76.73, 22.69], (121.3734, 498.5859, 1306.432)]
[360.22, [440.4, 68.58, 28.96, 54.37, 308.21, 21.26, 233.12, 22.54, 182.85, 23.07, 78.39, 22.54], (121.5014, 492.4673, 1262.834)]
[395.37, [440.4, 68.58, 28.96, 19.81, 306.76, 21.0, 235.83, 22.82, 187.38, 23.03, 79.45, 22.47], (121.8003, 490.4689, 1216.111)]
[499.92, [440.4, 68.58, 28.96, 26.74, 301.05, 21.46, 230.96, 22.54, 191.53, 23.42, 77.38, 22.6], (119.4141, 488.6994, 1227.614)]
[500.21, [440.4, 68.58, 28.96, 24.0, 308.21, 21.26, 237.66, 22.54, 190.64, 23.24, 75.75, 22.62], (120.1611, 481.7211, 1197.097)]
[514.05, [440.4, 68.58, 28.96, 22.61, 309.85, 21.13, 235.81, 22.54, 189.2, 22.83, 75.5, 15.29], (140.512, 593.6376, 1449.739)]
[542.54, [440.4, 68.58, 28.96, 22.61, 309.85, 21.02, 235.81, 22.49, 185.77, 22.83, 77.28, 15.29], (141.0031, 594.7206, 1453.916)]
[590.39, [440.4, 68.58, 28.96, 22.71, 304.76, 21.23, 237.71, 22.44, 188.26, 22.91, 83.32, 15.44], (141.2742, 602.0145, 1481.403)]
[915.96, [440.4, 68.58, 28.96, 71.05, 320.82, 22.65, 283.64, 18.19, 157.91, 22.5, 81.44, 22.68], (150.5447, 529.1462, 1274.556)]
[1030.79, [440.4, 68.58, 28.96, 17.93, 313.18, 21.43, 277.41, 22.9, 180.05, 23.31, 77.28, 22.47], (113.2408, 441.4095, 1095.791)]
[1866.28, [440.4, 68.58, 28.96, 13.36, 314.25, 21.39, 279.54, 23.01, 177.34, 23.44, 75.5, 15.41], (125.7244, 1286.671, 2296.204)]
[5591.97, [440.4, 68.58, 28.96, 35.94, 305.23, 20.17, 278.02, 20.67, 164.35, 18.9, 126.8, 16.03], (193.0257, 739.6178, 1776.703)]
[8011.4, [440.4, 68.58, 28.96, 19.81, 306.67, 21.18, 240.03, 22.68, 182.06, 22.97, 78.53, 22.54], (212.2208, 778.586, 1719.076)]
[11173.95, [440.4, 68.58, 28.96, 19.04, 310.94, 21.75, 259.44, 15.66, 154.37, 17.84, 116.1, 18.61], (234.1415, 761.1744, 1740.754)]
[41066.36, [440.4, 68.58, 28.96, 18.11, 313.18, 21.48, 274.49, 22.9, 180.05, 23.44, 75.5, 22.47], (381.9711, 1086.212, 2008.073)]
[49540.77, [440.4, 68.58, 28.96, 29.49, 303.81, 21.43, 233.5, 22.54, 177.02, 23.15, 75.5, 15.44], (413.095, 1437.213, 2508.035)]
[52089.18, [440.4, 68.58, 28.96, 17.67, 309.1, 21.39, 275.65, 23.01, 181.42, 23.44, 75.5, 15.41], (424.8757, 1255.823, 2238.112)]
[62268.02, [440.4, 68.58, 28.96, 19.81, 306.76, 21.31, 240.03, 22.74, 174.62, 23.31, 75.5, 22.52], (464.1617, 1157.107, 2080.029)]
[87506.24, [440.4, 68.58, 28.96, 16.75, 306.76, 21.18, 244.57, 22.71, 177.17, 23.31, 75.5, 15.44], (549.1289, 1345.743, 2434.677)]
[89199.4, [440.4, 68.58, 28.96, 17.67, 315.96, 21.39, 279.54, 23.01, 177.17, 23.44, 75.5, 15.34], (554.6187, 1362.332, 2421.51)]

Population size: 30
Number of couples: 13
Number of kept parents: 0
Best parent kept: True
Mutation Probability: 0.3
Mutation range (x, y): 5, 0.2