[3.81, [440.4, 68.58, 28.96, 27.53, 296.03, 21.75, 221.63, 21.99, 190.19, 22.68, 86.07, 22.85], (130.9933, 523.8355, 1310.592)]
[8.55, [440.4, 68.58, 28.96, 27.53, 296.19, 21.75, 221.63, 21.99, 192.11, 22.79, 86.07, 22.85], (130.0174, 522.4172, 1308.752)]
[14.65, [440.4, 68.58, 28.96, 27.53, 296.19, 21.75, 221.63, 21.99, 188.45, 22.79, 86.07, 22.85], (129.9713, 520.6438, 1303.809)]
[16.21, [440.4, 68.58, 28.96, 24.9, 296.66, 21.75, 221.63, 21.93, 192.11, 22.89, 88.83, 22.56], (130.9607, 527.7753, 1319.247)]
[16.31, [440.4, 68.58, 28.96, 24.9, 296.66, 21.75, 221.63, 21.85, 190.19, 22.68, 86.07, 22.89], (131.974, 524.3129, 1305.387)]
[18.85, [440.4, 68.58, 28.96, 24.9, 296.66, 21.75, 221.63, 21.99, 195.11, 22.86, 87.87, 22.56], (130.3573, 527.7176, 1319.436)]
[19.48, [440.4, 68.58, 28.96, 24.9, 296.66, 22.01, 224.21, 21.93, 190.19, 22.68, 87.18, 22.89], (130.4836, 518.0487, 1295.74)]
[22.71, [440.4, 68.58, 28.96, 25.5, 296.19, 21.75, 221.63, 21.99, 190.19, 22.68, 86.07, 22.61], (131.9453, 527.3362, 1314.705)]
[24.0, [440.4, 68.58, 28.96, 24.9, 299.64, 21.85, 221.63, 21.85, 190.19, 22.68, 86.07, 22.89], (131.4081, 519.4316, 1292.542)]
[25.49, [440.4, 68.58, 28.96, 24.9, 296.66, 21.66, 221.63, 21.85, 190.19, 22.68, 87.18, 22.89], (132.3041, 526.776, 1311.889)]
[28.38, [440.4, 68.58, 28.96, 24.9, 296.66, 21.75, 221.63, 21.99, 186.56, 22.5, 86.07, 22.85], (132.5989, 524.3864, 1304.753)]
[29.26, [440.4, 68.58, 28.96, 22.82, 299.64, 21.85, 218.06, 21.79, 195.11, 22.68, 86.07, 22.89], (132.4288, 524.4465, 1300.608)]
[29.68, [440.4, 68.58, 28.96, 24.9, 296.66, 21.75, 216.5, 21.93, 193.99, 22.68, 86.07, 22.89], (132.0035, 527.789, 1320.281)]
[30.21, [440.4, 68.58, 28.96, 26.62, 296.03, 21.75, 221.63, 22.07, 195.11, 22.89, 88.83, 22.56], (129.9461, 527.9898, 1325.529)]
[30.42, [440.4, 68.58, 28.96, 24.9, 296.66, 21.75, 221.63, 21.93, 192.11, 22.8, 88.88, 22.56], (131.7729, 529.6205, 1322.776)]
[45.87, [440.4, 68.58, 28.96, 23.58, 296.65, 20.95, 221.63, 22.48, 188.45, 22.79, 86.07, 22.85], (128.3992, 518.3953, 1304.621)]
[55.47, [440.4, 68.58, 28.96, 24.9, 296.66, 21.75, 221.63, 21.78, 192.11, 22.81, 88.83, 22.56], (132.8165, 532.0773, 1326.419)]
[111.74, [440.4, 68.58, 28.96, 25.5, 296.19, 21.75, 221.63, 21.99, 188.96, 22.62, 86.07, 22.89], (131.4575, 522.7903, 1202.024)]
[116.15, [440.4, 68.58, 28.96, 24.9, 296.66, 21.75, 221.63, 21.93, 192.11, 22.89, 88.83, 22.56], (134.6998, 537.4879, 1333.416)]
[825.99, [440.4, 68.58, 28.96, 24.9, 299.64, 21.74, 221.63, 21.99, 192.11, 22.62, 86.07, 22.89], (131.2173, 546.105, 2108.701)]
[828.36, [440.4, 68.58, 28.96, 24.9, 299.64, 21.85, 221.63, 21.85, 194.48, 22.68, 90.37, 22.89], (131.8243, 811.0069, 1838.561)]
[1682.15, [440.4, 68.58, 28.96, 24.9, 296.66, 21.75, 221.63, 21.99, 186.56, 22.5, 86.07, 22.85], (154.1849, 158.3391, 1120.792)]
[5846.97, [440.4, 68.58, 28.96, 26.06, 300.32, 20.95, 222.02, 22.21, 188.45, 22.79, 86.07, 22.85], (70.62184, 129.9173, 524.3012)]
[9141.15, [440.4, 68.58, 28.96, 24.9, 299.64, 21.74, 221.63, 21.99, 190.19, 22.68, 86.07, 22.61], (49.51782, 1289.408, 2353.238)]
[12181.07, [440.4, 68.58, 28.96, 23.58, 296.65, 20.95, 221.63, 22.48, 188.45, 22.62, 86.07, 22.89], (24.21768, 129.8183, 525.9314)]
[12760.44, [440.4, 68.58, 28.96, 24.9, 296.66, 21.75, 224.21, 21.93, 190.19, 22.68, 87.18, 22.89], (20.52308, 131.1744, 522.3032)]
[26261.45, [440.4, 68.58, 28.96, 24.9, 299.64, 22.08, 221.63, 21.93, 195.11, 22.89, 88.83, 22.56], (313.1131, 1144.007, 2334.931)]
[69678.94, [440.4, 68.58, 28.96, 26.06, 300.32, 20.95, 222.02, 22.21, 192.11, 22.62, 86.07, 22.89], (493.6292, 806.1984, 1595.858)]
[72586.22, [440.4, 68.58, 28.96, 24.9, 296.66, 21.75, 218.42, 21.93, 193.99, 22.68, 86.07, 22.89], (499.4324, 1300.883, 2343.769)]
[179465.34, [440.4, 68.58, 28.96, 16.07, 321.16, 16.91, 288.45, 14.76, 164.76, 17.92, 134.77, 22.04], (808.2871, 1802.757, 3158.752)]

Population size: 30
Number of couples: 14
Number of kept parents: 0
Best parent kept: True
Mutation Probability: 0.05
Mutation range (x, y): 5, 0.3
Number of Parameters: 4

Written time: 26/03/2023 11:56:58