[1.06, [440.4, 68.58, 28.96, 27.53, 296.03, 21.75, 221.63, 21.99, 188.45, 22.68, 86.07, 22.85], (130.9691, 523.0245, 1308.347)]
[1.06, [440.4, 68.58, 28.96, 27.53, 296.03, 21.75, 221.63, 21.99, 188.45, 22.68, 86.07, 22.85], (130.9691, 523.0245, 1308.347)]
[5.23, [440.4, 68.58, 28.96, 23.58, 296.03, 21.03, 229.91, 22.06, 188.45, 22.68, 86.07, 23.03], (130.7651, 523.9078, 1303.665)]
[5.69, [440.4, 68.58, 28.96, 25.29, 300.32, 20.95, 224.26, 22.07, 188.45, 22.79, 86.07, 22.85], (130.7348, 525.3212, 1304.731)]
[6.07, [440.4, 68.58, 28.96, 23.58, 296.03, 21.03, 229.91, 22.06, 188.45, 22.79, 86.07, 22.85], (130.4139, 524.7538, 1306.08)]
[6.44, [440.4, 68.58, 28.96, 23.58, 296.03, 21.75, 221.84, 21.99, 195.75, 22.68, 86.07, 22.85], (131.2691, 525.4265, 1309.317)]
[6.72, [440.4, 68.58, 28.96, 23.58, 296.03, 21.75, 221.63, 22.06, 191.81, 22.68, 86.07, 22.85], (130.7057, 522.4325, 1302.585)]
[9.42, [440.4, 68.58, 28.96, 25.42, 296.03, 21.75, 221.63, 21.99, 195.11, 22.68, 86.07, 22.85], (131.1807, 525.7387, 1312.833)]
[10.05, [440.4, 68.58, 28.96, 23.89, 296.03, 21.2, 221.68, 22.05, 188.45, 22.79, 89.3, 23.18], (130.1386, 524.9937, 1310.902)]
[24.82, [440.4, 68.58, 28.96, 25.29, 296.03, 21.75, 221.63, 21.99, 191.75, 22.79, 86.07, 22.98], (129.6612, 519.6415, 1299.286)]
[31.74, [440.4, 68.58, 28.96, 25.42, 296.03, 21.75, 221.63, 21.99, 188.45, 22.68, 82.17, 22.98], (130.3023, 516.9612, 1286.335)]
[37.44, [440.4, 68.58, 28.96, 25.29, 296.03, 21.03, 229.91, 22.06, 188.45, 22.68, 86.07, 22.63], (132.1725, 531.1876, 1321.781)]
[40.39, [440.4, 68.58, 28.96, 27.53, 296.03, 21.03, 229.91, 22.06, 188.45, 22.68, 86.07, 22.63], (132.0489, 531.6816, 1326.354)]
[41.6, [440.4, 68.58, 28.96, 23.58, 296.03, 21.2, 218.79, 22.05, 188.45, 22.68, 86.07, 22.85], (132.5189, 531.8248, 1318.876)]
[42.5, [440.4, 68.58, 28.96, 23.58, 296.03, 21.2, 223.39, 22.01, 195.11, 22.68, 86.07, 22.85], (132.3004, 532.7097, 1323.028)]
[44.66, [440.4, 68.58, 28.96, 25.29, 296.03, 21.75, 218.79, 22.05, 188.45, 23.07, 86.07, 22.56], (128.5013, 520.2651, 1301.607)]
[48.7, [440.4, 68.58, 28.96, 20.79, 296.03, 21.2, 226.59, 21.85, 190.18, 22.68, 86.07, 22.85], (133.2389, 530.661, 1311.633)]
[57.51, [440.4, 68.58, 28.96, 20.79, 296.03, 21.2, 221.63, 21.93, 191.75, 22.68, 86.07, 22.85], (133.2749, 533.1122, 1317.151)]
[91.92, [440.4, 68.58, 28.96, 27.53, 296.03, 21.2, 226.48, 22.05, 188.45, 23.01, 82.17, 22.98], (127.4108, 515.1924, 1287.025)]
[365.12, [440.4, 68.58, 28.96, 25.29, 296.03, 21.75, 221.63, 21.99, 191.75, 22.79, 86.07, 22.98], (140.8938, 543.605, 1332.825)]
[777.02, [440.4, 68.58, 28.96, 25.42, 296.03, 21.75, 221.63, 21.99, 195.11, 22.89, 88.83, 22.56], (131.4144, 552.1394, 564.66)]
[1499.55, [440.4, 68.58, 28.96, 25.29, 300.32, 20.95, 224.26, 22.07, 188.45, 22.68, 81.33, 22.72], (156.2301, 603.1463, 1446.37)]
[1990.25, [440.4, 68.58, 28.96, 27.53, 297.38, 21.75, 221.63, 22.07, 188.45, 22.79, 86.59, 22.85], (129.4832, 1370.081, 2436.216)]
[3335.78, [440.4, 68.58, 28.96, 43.15, 314.96, 19.96, 237.6, 22.46, 156.6, 17.94, 134.52, 19.64], (173.5075, 692.6364, 1684.819)]
[12497.87, [440.4, 68.58, 28.96, 23.58, 296.03, 21.2, 221.85, 22.01, 188.45, 22.79, 88.74, 22.85], (24.86555, 25.89299, 212.8713)]
[12506.35, [440.4, 68.58, 28.96, 25.29, 296.03, 21.75, 226.59, 22.13, 190.18, 22.89, 88.83, 22.56], (22.15821, 128.9996, 521.9517)]
[17090.87, [440.4, 68.58, 28.96, 25.29, 296.03, 21.75, 221.63, 21.99, 188.45, 22.68, 86.07, 22.85], (268.593, 1286.931, 1462.739)]
[73692.22, [440.4, 68.58, 28.96, 27.53, 296.03, 21.75, 221.63, 21.99, 188.45, 22.79, 86.07, 22.85], (503.3142, 1286.94, 2342.845)]
[94653.19, [440.4, 68.58, 28.96, 23.58, 296.03, 20.91, 223.39, 22.01, 188.45, 22.79, 77.23, 22.98], (571.0729, 1443.541, 2664.06)]
[156680.86, [440.4, 68.58, 28.96, 27.53, 296.03, 21.63, 221.63, 21.99, 191.75, 22.68, 86.07, 22.85], (751.627, 1394.541, 2434.819)]

Population size: 30
Number of couples: 14
Number of kept parents: 0
Best parent kept: True
Mutation Probability: 0.05
Mutation range (x, y): 5, 0.3
Number of Parameters: 4

Written time: 26/03/2023 00:42:31