[38.71, [440.4, 68.58, 28.96, 13.36, 310.47, 21.24, 276.73, 22.91, 177.34, 23.31, 75.5, 15.4], (130.7279, 539.4795, 1330.368)]
[50.92, [440.4, 68.58, 28.96, 24.4, 307.63, 21.18, 229.18, 22.24, 188.02, 22.62, 87.7, 22.75], (129.7169, 513.9567, 1277.983)]
[82.47, [440.4, 68.58, 28.96, 25.48, 302.05, 21.37, 227.02, 22.24, 186.25, 22.78, 83.32, 22.69], (128.3351, 511.5315, 1276.389)]
[126.7, [440.4, 68.58, 28.96, 20.62, 302.05, 21.18, 227.02, 22.24, 180.05, 23.55, 84.22, 22.31], (127.1403, 512.0694, 1262.997)]
[127.97, [440.4, 68.58, 28.96, 54.48, 311.93, 21.28, 275.21, 22.63, 177.44, 23.35, 75.5, 15.29], (129.236, 545.1132, 1394.438)]
[158.37, [440.4, 68.58, 28.96, 13.36, 312.41, 21.18, 227.02, 22.24, 186.25, 22.89, 83.32, 22.69], (127.8801, 500.5997, 1222.643)]
[163.75, [440.4, 68.58, 28.96, 49.95, 360.22, 20.01, 277.41, 23.0, 173.27, 23.07, 77.12, 15.24], (126.5986, 511.9295, 1242.221)]
[187.22, [440.4, 68.58, 28.96, 25.48, 302.05, 21.18, 235.7, 22.63, 190.95, 22.69, 81.64, 22.69], (125.611, 504.0217, 1258.789)]
[193.09, [440.4, 68.58, 28.96, 28.78, 301.87, 21.13, 234.59, 22.77, 180.32, 23.44, 73.05, 15.43], (132.2082, 574.2668, 1433.726)]
[223.87, [440.4, 68.58, 28.96, 29.79, 302.05, 21.13, 235.7, 22.63, 190.95, 22.83, 83.32, 22.69], (124.3161, 503.8772, 1269.237)]
[227.51, [440.4, 68.58, 28.96, 48.46, 363.22, 21.28, 275.21, 22.63, 180.0, 23.24, 75.5, 15.46], (126.0629, 501.1065, 1206.297)]
[255.12, [440.4, 68.58, 28.96, 23.87, 303.79, 21.22, 236.73, 22.59, 190.95, 22.82, 83.12, 22.79], (124.2257, 498.9538, 1246.378)]
[259.49, [440.4, 68.58, 28.96, 23.87, 304.8, 21.22, 235.7, 22.63, 190.95, 22.83, 82.82, 22.69], (124.1664, 498.3787, 1244.87)]
[480.47, [440.4, 68.58, 28.96, 16.59, 306.76, 20.95, 226.24, 22.95, 209.25, 23.43, 82.85, 22.54], (119.2643, 498.4673, 1244.907)]
[563.93, [440.4, 68.58, 28.96, 21.07, 311.8, 21.28, 229.84, 22.26, 184.67, 22.94, 75.3, 15.12], (141.7348, 592.132, 1442.233)]
[573.84, [440.4, 68.58, 28.96, 16.59, 306.76, 20.95, 227.21, 22.95, 209.25, 22.99, 77.12, 15.42], (140.6409, 613.2266, 1483.894)]
[771.06, [440.4, 68.58, 28.96, 20.69, 306.76, 20.95, 227.21, 22.78, 211.97, 22.89, 79.45, 15.37], (143.7116, 625.505, 1513.689)]
[822.3, [440.4, 68.58, 28.96, 32.69, 308.09, 21.28, 275.21, 22.63, 177.44, 23.22, 75.12, 22.46], (115.7653, 454.2902, 1138.515)]
[1048.68, [440.4, 68.58, 28.96, 49.95, 361.58, 20.17, 277.41, 23.0, 174.49, 22.99, 79.9, 22.31], (113.9135, 433.1962, 1044.229)]
[1477.57, [440.4, 68.58, 28.96, 67.87, 305.48, 21.01, 278.16, 22.56, 186.25, 22.58, 80.15, 22.69], (121.9058, 139.8217, 479.8253)]
[1583.84, [440.4, 68.58, 28.96, 33.13, 308.09, 21.28, 275.21, 22.63, 177.44, 23.22, 75.5, 15.37], (116.5334, 190.6417, 596.4985)]
[1865.55, [440.4, 68.58, 28.96, 19.18, 304.8, 21.1, 222.55, 22.09, 186.25, 22.75, 86.84, 22.69], (131.5557, 1286.544, 2403.99)]
[5153.17, [440.4, 68.58, 28.96, 16.56, 302.34, 21.06, 237.94, 22.71, 173.76, 23.01, 81.34, 22.65], (77.14267, 122.4367, 487.6623)]
[5712.7, [440.4, 68.58, 28.96, 15.71, 302.76, 17.33, 249.57, 21.9, 217.32, 19.17, 114.27, 18.34], (194.0035, 756.4921, 1764.426)]
[6766.88, [440.4, 68.58, 28.96, 24.33, 305.48, 19.95, 285.17, 19.8, 199.09, 17.6, 98.02, 20.27], (204.0416, 700.3424, 1631.472)]
[9911.78, [440.4, 68.58, 28.96, 30.38, 320.42, 20.61, 235.58, 22.95, 219.27, 18.63, 95.74, 16.79], (222.695, 900.3398, 2035.459)]
[11273.2, [440.4, 68.58, 28.96, 25.48, 297.7, 21.24, 280.26, 23.01, 174.76, 23.16, 75.5, 15.57], (28.50441, 128.7013, 777.762)]
[11789.91, [440.4, 68.58, 28.96, 49.95, 360.22, 20.05, 277.71, 23.0, 173.27, 23.07, 77.12, 15.42], (30.04153, 30.73604, 126.6811)]
[13573.07, [440.4, 68.58, 28.96, 22.71, 346.81, 16.63, 254.96, 17.3, 166.22, 17.11, 117.07, 16.84], (248.2172, 834.9003, 1848.432)]
[55536.06, [440.4, 68.58, 28.96, 15.06, 308.74, 21.29, 237.94, 22.71, 176.54, 23.17, 79.45, 22.57], (438.9029, 1171.755, 2118.241)]

Population size: 30
Number of couples: 13
Number of kept parents: 0
Best parent kept: True
Mutation Probability: 0.3
Mutation range (x, y): 5, 0.2