[1702.35, [440.4, 68.58, 28.96, 4.09, 354.02, 22.47, 222.16, 20.21, 202.55, 20.84, 120.76, 22.05], (160.6422, 567.1982, 1337.376)]
[1834.02, [440.4, 68.58, 28.96, 58.97, 359.59, 19.45, 278.42, 22.08, 182.8, 22.22, 117.97, 17.0], (113.2731, 146.0925, 585.8524)]
[2260.03, [440.4, 68.58, 28.96, 24.6, 315.52, 20.76, 237.09, 22.57, 187.61, 17.7, 78.28, 22.37], (166.0723, 597.8699, 1399.86)]
[2302.45, [440.4, 68.58, 28.96, 26.69, 304.26, 20.27, 236.06, 22.89, 186.06, 17.88, 85.22, 22.37], (165.7146, 614.1194, 1457.812)]
[2308.33, [440.4, 68.58, 28.96, 25.14, 303.92, 20.76, 235.82, 22.89, 186.06, 23.4, 80.23, 22.22], (119.0873, 1283.967, 2454.222)]
[2395.0, [440.4, 68.58, 28.96, 25.14, 302.52, 20.76, 235.82, 22.89, 186.06, 23.4, 98.85, 15.47], (135.0807, 1490.592, 2647.631)]
[2617.81, [440.4, 68.58, 28.96, 33.87, 312.61, 16.69, 247.18, 19.91, 147.13, 21.33, 85.22, 22.23], (168.9762, 625.1352, 1466.477)]
[3230.8, [440.4, 68.58, 28.96, 21.5, 303.92, 20.6, 273.78, 22.08, 177.79, 17.28, 84.17, 22.55], (175.8296, 607.5528, 1434.271)]
[3303.92, [440.4, 68.58, 28.96, 28.22, 303.92, 20.02, 236.06, 22.89, 186.06, 17.78, 80.84, 18.73], (174.4429, 677.7528, 1575.664)]
[4097.05, [440.4, 68.58, 28.96, 27.49, 303.92, 20.41, 238.91, 22.29, 198.12, 16.72, 78.55, 21.28], (182.5874, 660.6174, 1542.415)]
[4279.78, [440.4, 68.58, 28.96, 25.51, 303.92, 20.27, 239.06, 22.89, 189.95, 17.78, 127.28, 15.75], (181.0456, 763.405, 1787.527)]
[4622.17, [440.4, 68.58, 28.96, 28.11, 303.92, 16.3, 267.79, 21.99, 193.0, 22.84, 125.02, 17.82], (79.94618, 154.0199, 683.064)]
[4743.56, [440.4, 68.58, 28.96, 28.22, 308.83, 20.41, 235.82, 22.71, 189.89, 17.19, 135.03, 15.75], (184.9249, 778.9644, 1815.461)]
[4984.76, [440.4, 68.58, 28.96, 18.02, 303.92, 16.34, 264.05, 22.42, 195.55, 17.5, 123.42, 22.37], (188.9404, 700.9559, 1683.479)]
[5320.6, [440.4, 68.58, 28.96, 21.5, 303.92, 20.6, 280.94, 22.08, 179.65, 17.28, 98.85, 15.47], (191.5911, 725.8794, 1687.822)]
[5350.74, [440.4, 68.58, 28.96, 33.87, 313.54, 17.23, 242.5, 20.25, 147.13, 20.94, 127.28, 15.47], (190.5251, 753.9433, 1814.009)]
[5527.15, [440.4, 68.58, 28.96, 27.49, 303.92, 20.41, 238.91, 22.29, 198.12, 16.72, 78.55, 15.44], (192.8212, 756.4781, 1719.203)]
[8795.81, [440.4, 68.58, 28.96, 24.58, 314.25, 20.16, 228.42, 17.93, 193.65, 22.22, 115.13, 17.03], (216.6615, 809.6287, 1863.315)]
[9046.31, [440.4, 68.58, 28.96, 57.31, 353.09, 20.19, 282.68, 22.44, 179.98, 17.57, 93.91, 16.99], (43.55298, 209.093, 727.2095)]
[10694.34, [440.4, 68.58, 28.96, 47.38, 330.48, 22.69, 264.81, 15.66, 168.85, 15.39, 125.15, 22.93], (231.3954, 722.6572, 1715.578)]
[10874.54, [440.4, 68.58, 28.96, 23.54, 317.07, 20.16, 226.6, 17.93, 193.65, 17.28, 117.19, 17.03], (231.1482, 813.1723, 1842.427)]
[11347.97, [440.4, 68.58, 28.96, 72.81, 299.94, 19.06, 225.73, 16.67, 204.46, 15.12, 78.78, 15.82], (25.46592, 269.0288, 1027.073)]
[12342.41, [440.4, 68.58, 28.96, 62.35, 355.3, 20.07, 283.01, 22.08, 179.98, 17.2, 76.17, 15.44], (21.53459, 203.0188, 709.5204)]
[12439.56, [440.4, 68.58, 28.96, 41.47, 325.18, 20.06, 230.95, 18.0, 208.0, 15.77, 82.12, 15.32], (242.5447, 362.1634, 840.061)]
[13897.18, [440.4, 68.58, 28.96, 44.06, 321.5, 16.62, 244.32, 16.25, 191.26, 18.48, 77.13, 15.44], (249.5959, 862.967, 1919.732)]
[38044.93, [440.4, 68.58, 28.96, 18.14, 303.92, 20.6, 277.01, 22.08, 179.65, 17.28, 98.85, 15.23], (371.2475, 864.4625, 1730.195)]
[152345.68, [440.4, 68.58, 28.96, 21.6, 314.25, 20.16, 226.6, 17.93, 193.65, 22.22, 115.95, 17.03], (737.6142, 1719.114, 2982.578)]
[180273.8, [440.4, 68.58, 28.96, 41.47, 325.79, 20.06, 230.95, 18.0, 209.43, 15.77, 82.12, 16.99], (810.2259, 1825.453, 3187.023)]
[208076.68, [440.4, 68.58, 28.96, 55.65, 357.15, 15.97, 279.94, 15.98, 186.96, 18.54, 137.37, 16.56], (878.5246, 2003.177, 3448.267)]
[220670.08, [440.4, 68.58, 28.96, 66.68, 304.11, 15.39, 251.52, 17.27, 170.94, 20.02, 83.23, 18.95], (909.6764, 1891.069, 3244.231)]

Population size: 30
Number of couples: 13
Number of kept parents: 0
Best parent kept: True
Mutation Probability: 0.3
Mutation range (x, y): 5, 0.5