[225.67, [440.4, 68.58, 28.96, 52.87, 359.19, 20.06, 283.59, 22.9, 180.59, 23.31, 71.73, 15.44], (125.4336, 506.0747, 1224.408)]
[245.11, [440.4, 68.58, 28.96, 24.6, 318.73, 20.1, 264.2, 21.6, 183.12, 23.18, 75.68, 22.48], (126.3447, 490.4191, 1190.302)]
[282.71, [440.4, 68.58, 28.96, 44.93, 327.94, 20.24, 268.32, 21.57, 179.93, 23.36, 87.49, 22.22], (124.5702, 489.75, 1214.903)]
[284.29, [440.4, 68.58, 28.96, 48.45, 330.13, 20.37, 261.63, 21.57, 179.93, 23.36, 84.46, 22.22], (124.6882, 488.6985, 1209.971)]
[337.69, [440.4, 68.58, 28.96, 26.69, 327.46, 19.96, 263.64, 21.54, 179.93, 23.48, 80.23, 22.34], (124.2337, 485.0998, 1177.357)]
[519.97, [440.4, 68.58, 28.96, 44.56, 327.51, 22.47, 274.95, 21.98, 177.88, 22.94, 137.78, 15.34], (138.6659, 589.9696, 1541.316)]
[528.71, [440.4, 68.58, 28.96, 73.17, 331.22, 21.03, 275.2, 21.57, 178.4, 23.48, 80.23, 22.22], (120.4296, 465.1837, 1172.073)]
[641.01, [440.4, 68.58, 28.96, 20.24, 304.89, 20.98, 237.02, 22.31, 190.9, 21.56, 118.16, 22.14], (143.6434, 575.451, 1437.364)]
[654.4, [440.4, 68.58, 28.96, 26.8, 306.76, 21.18, 235.04, 22.54, 185.77, 23.48, 132.73, 15.78], (138.5738, 633.9028, 1635.68)]
[666.79, [440.4, 68.58, 28.96, 31.74, 317.1, 16.84, 273.78, 22.09, 180.4, 23.4, 71.73, 15.44], (142.8452, 602.3173, 1478.485)]
[707.52, [440.4, 68.58, 28.96, 28.01, 306.33, 21.18, 235.04, 22.53, 186.89, 23.48, 135.03, 15.74], (139.1915, 640.34, 1656.041)]
[1059.16, [440.4, 68.58, 28.96, 52.87, 353.33, 19.94, 283.07, 22.9, 180.59, 23.4, 72.85, 21.41], (113.2625, 439.7317, 1067.741)]
[1271.6, [440.4, 68.58, 28.96, 52.87, 357.43, 20.19, 284.83, 22.9, 181.17, 23.26, 81.75, 22.74], (110.7145, 424.737, 1036.087)]
[1293.15, [440.4, 68.58, 28.96, 29.51, 314.21, 16.84, 273.78, 22.08, 177.88, 21.09, 120.9, 22.26], (152.4646, 605.258, 1511.797)]
[1330.09, [440.4, 68.58, 28.96, 58.49, 356.99, 20.11, 284.83, 23.07, 181.91, 23.39, 84.34, 22.33], (109.6052, 426.3689, 1051.58)]
[1339.74, [440.4, 68.58, 28.96, 35.77, 317.1, 16.26, 273.78, 22.08, 177.88, 21.09, 120.9, 22.29], (152.7639, 610.1909, 1532.495)]
[1611.75, [440.4, 68.58, 28.96, 47.13, 308.28, 22.34, 292.21, 22.65, 168.95, 18.42, 116.9, 21.6], (157.8594, 581.7278, 1454.822)]
[2404.04, [440.4, 68.58, 28.96, 24.6, 318.73, 20.1, 261.36, 21.51, 183.12, 23.18, 80.23, 22.44], (167.2933, 678.3723, 1262.586)]
[4157.93, [440.4, 68.58, 28.96, 73.17, 332.18, 21.03, 275.2, 17.81, 210.42, 19.88, 105.44, 22.34], (182.7858, 654.5413, 1587.937)]
[4392.79, [440.4, 68.58, 28.96, 73.17, 332.18, 21.03, 275.2, 17.69, 212.15, 19.76, 106.61, 22.34], (184.7392, 661.1995, 1602.929)]
[4518.86, [440.4, 68.58, 28.96, 73.17, 327.2, 21.03, 275.2, 17.64, 210.42, 19.76, 103.11, 22.22], (185.7732, 664.3233, 1611.441)]
[4625.43, [440.4, 68.58, 28.96, 26.69, 331.98, 19.96, 263.64, 17.65, 210.42, 19.76, 105.44, 22.34], (187.5636, 660.1204, 1521.495)]
[5151.84, [440.4, 68.58, 28.96, 29.63, 329.65, 16.99, 262.33, 18.8, 212.37, 22.01, 99.6, 16.44], (189.8913, 738.3803, 1703.944)]
[10279.05, [440.4, 68.58, 28.96, 31.74, 312.94, 17.01, 273.94, 21.96, 181.43, 23.17, 137.78, 15.15], (33.34295, 328.3654, 1769.376)]
[11111.24, [440.4, 68.58, 28.96, 25.22, 318.76, 17.84, 288.9, 17.61, 172.24, 22.55, 120.24, 17.53], (27.87263, 625.4007, 743.3164)]
[11310.75, [440.4, 68.58, 28.96, 68.85, 333.12, 18.04, 240.22, 19.53, 210.82, 17.03, 111.57, 15.44], (232.5836, 863.6015, 2011.773)]
[11724.72, [440.4, 68.58, 28.96, 26.69, 331.98, 19.96, 263.64, 21.72, 179.93, 23.48, 81.22, 22.22], (23.03955, 129.0116, 1166.038)]
[60115.14, [440.4, 68.58, 28.96, 52.87, 353.87, 20.06, 284.83, 22.94, 177.88, 21.09, 118.18, 22.29], (454.3937, 1164.665, 2575.036)]
[92843.8, [440.4, 68.58, 28.96, 36.82, 317.1, 16.84, 278.29, 22.08, 177.88, 21.08, 82.37, 22.08], (566.5611, 1368.749, 2345.842)]
[113594.52, [440.4, 68.58, 28.96, 54.96, 349.15, 19.79, 235.82, 23.23, 175.69, 15.86, 125.15, 22.73], (628.8051, 1485.524, 2809.768)]

Population size: 30
Number of couples: 13
Number of kept parents: 0
Best parent kept: True
Mutation Probability: 0.3
Mutation range (x, y): 5, 0.2