[52.45, [440.4, 68.58, 28.96, 28.19, 303.24, 21.0, 244.65, 21.6, 184.02, 22.75, 82.17, 22.88], (131.1559, 513.0503, 1267.888)]
[54.4, [440.4, 68.58, 28.96, 18.89, 301.78, 21.18, 227.02, 22.3, 187.02, 22.75, 82.84, 22.51], (129.6911, 516.1772, 1272.692)]
[60.86, [440.4, 68.58, 28.96, 25.29, 307.67, 21.18, 227.02, 22.2, 186.25, 22.56, 83.32, 22.82], (130.1371, 511.763, 1264.318)]
[61.56, [440.4, 68.58, 28.96, 31.64, 303.53, 21.16, 227.36, 22.1, 181.43, 22.66, 83.32, 23.01], (129.3661, 511.7857, 1275.437)]
[65.08, [440.4, 68.58, 28.96, 25.29, 307.98, 21.18, 227.02, 22.07, 186.25, 22.36, 83.32, 22.92], (132.5568, 516.2874, 1273.041)]
[88.45, [440.4, 68.58, 28.96, 15.86, 310.98, 21.0, 226.48, 22.1, 186.25, 22.64, 78.84, 22.69], (131.2945, 509.3809, 1236.891)]
[95.16, [440.4, 68.58, 28.96, 20.73, 303.75, 21.18, 230.43, 22.2, 190.13, 22.78, 83.41, 22.82], (128.4749, 510.1947, 1261.778)]
[95.47, [440.4, 68.58, 28.96, 19.62, 312.16, 20.99, 224.63, 22.1, 186.25, 22.7, 76.53, 22.69], (130.3638, 506.8259, 1232.1)]
[217.97, [440.4, 68.58, 28.96, 28.28, 295.49, 17.74, 231.48, 22.32, 188.66, 22.61, 83.32, 22.96], (134.8955, 565.7593, 1401.106)]
[323.43, [440.4, 68.58, 28.96, 21.33, 303.51, 20.95, 236.7, 22.55, 188.4, 23.49, 75.5, 15.4], (136.0798, 586.9781, 1446.961)]
[340.89, [440.4, 68.58, 28.96, 23.82, 295.49, 17.66, 244.65, 21.46, 184.02, 22.75, 84.52, 22.82], (138.3765, 569.0076, 1395.256)]
[347.75, [440.4, 68.58, 28.96, 25.76, 298.89, 21.48, 271.11, 22.95, 210.62, 23.01, 70.57, 15.22], (136.6897, 584.4483, 1452.225)]
[363.42, [440.4, 68.58, 28.96, 21.33, 303.51, 20.95, 236.7, 22.54, 190.86, 23.45, 75.5, 15.4], (136.9116, 590.6371, 1453.559)]
[576.09, [440.4, 68.58, 28.96, 20.46, 308.65, 21.1, 235.67, 21.47, 184.02, 21.9, 107.02, 22.59], (143.9837, 556.4012, 1373.082)]
[754.74, [440.4, 68.58, 28.96, 31.64, 302.89, 21.29, 227.23, 22.23, 181.43, 22.75, 83.32, 15.61], (143.7458, 610.502, 1510.526)]
[995.28, [440.4, 68.58, 28.96, 25.29, 298.62, 21.14, 227.02, 22.2, 186.25, 22.56, 75.5, 15.43], (147.6271, 622.5568, 1514.645)]
[1094.82, [440.4, 68.58, 28.96, 31.64, 305.52, 21.18, 227.02, 22.1, 213.99, 23.01, 74.06, 15.17], (148.5355, 636.326, 1543.79)]
[1175.91, [440.4, 68.58, 28.96, 22.21, 290.77, 17.66, 244.65, 21.55, 182.77, 21.9, 106.93, 22.69], (150.4017, 617.3269, 1522.987)]
[1472.91, [440.4, 68.58, 28.96, 22.21, 290.77, 17.66, 241.42, 22.78, 192.38, 22.65, 75.5, 15.43], (152.4755, 672.0535, 1624.004)]
[2687.23, [440.4, 68.58, 28.96, 61.27, 320.28, 16.45, 256.01, 22.15, 186.18, 20.42, 102.41, 19.8], (167.12, 669.0409, 1661.879)]
[5765.98, [440.4, 68.58, 28.96, 28.78, 295.49, 17.66, 244.65, 21.47, 187.89, 22.04, 107.66, 22.69], (180.5502, 1405.98, 2683.682)]
[6663.57, [440.4, 68.58, 28.96, 21.33, 301.75, 21.06, 227.02, 22.2, 190.13, 22.75, 81.83, 15.61], (200.9707, 769.6453, 1848.889)]
[7225.02, [440.4, 68.58, 28.96, 72.68, 305.66, 18.48, 273.36, 16.32, 159.26, 20.1, 88.53, 20.96], (206.6799, 725.9728, 1722.298)]
[7991.67, [440.4, 68.58, 28.96, 16.56, 308.65, 21.1, 235.67, 22.78, 192.38, 22.65, 75.5, 15.43], (47.90522, 408.0592, 980.7185)]
[9311.93, [440.4, 68.58, 28.96, 21.99, 309.16, 21.31, 228.56, 22.76, 179.15, 23.4, 84.22, 22.34], (44.03855, 119.111, 483.6201)]
[10808.39, [440.4, 68.58, 28.96, 16.56, 308.65, 21.1, 235.67, 22.78, 192.38, 22.65, 86.3, 22.82], (28.64589, 125.0297, 1224.779)]
[68409.11, [440.4, 68.58, 28.96, 21.33, 303.51, 20.95, 232.14, 22.67, 190.86, 23.5, 75.5, 15.57], (484.3837, 1399.554, 2357.353)]
[102074.8, [440.4, 68.58, 28.96, 21.33, 303.51, 20.84, 236.7, 22.65, 190.86, 23.5, 75.5, 15.4], (594.4735, 1533.878, 2533.324)]
[115354.8, [440.4, 68.58, 28.96, 31.64, 303.53, 21.12, 228.18, 22.1, 213.99, 23.06, 74.06, 15.17], (634.1817, 1543.688, 2707.299)]
[417285.74, [440.4, 68.58, 28.96, 63.76, 342.26, 21.76, 259.74, 17.99, 203.65, 14.78, 96.73, 20.56], (1326.371, 1876.254, 3854.672)]

Population size: 30
Number of couples: 13
Number of kept parents: 0
Best parent kept: True
Mutation Probability: 0.3
Mutation range (x, y): 5, 0.2

Written time: 24/03/2023 22:01:47