[1.2, [440.4, 68.58, 28.96, 27.53, 296.03, 21.75, 221.63, 21.99, 190.19, 22.68, 86.07, 22.89], (130.8478, 523.1499, 1309.165)]
[1.28, [440.4, 68.58, 28.96, 27.78, 296.66, 21.75, 221.63, 21.99, 190.19, 22.68, 86.07, 22.89], (130.7706, 522.5265, 1307.659)]
[4.68, [440.4, 68.58, 28.96, 24.9, 299.64, 21.85, 221.63, 21.85, 192.11, 22.86, 87.87, 22.56], (131.1826, 523.9883, 1306.433)]
[8.35, [440.4, 68.58, 28.96, 24.9, 294.59, 21.75, 224.21, 21.93, 190.19, 22.68, 87.18, 22.89], (131.3851, 524.6105, 1310.798)]
[10.08, [440.4, 68.58, 28.96, 24.9, 299.64, 21.68, 221.63, 21.99, 192.11, 22.68, 87.18, 22.89], (130.9217, 521.58, 1300.085)]
[10.78, [440.4, 68.58, 28.96, 27.53, 296.19, 21.75, 221.63, 21.93, 191.03, 22.68, 86.07, 22.86], (131.4045, 524.9893, 1312.627)]
[16.16, [440.4, 68.58, 28.96, 24.9, 296.66, 21.75, 221.63, 21.99, 195.11, 22.86, 87.87, 22.56], (130.7538, 527.939, 1319.463)]
[16.78, [440.4, 68.58, 28.96, 27.53, 296.19, 21.75, 221.63, 21.99, 192.11, 22.79, 86.07, 22.56], (131.0742, 527.4216, 1319.402)]
[16.78, [440.4, 68.58, 28.96, 27.53, 296.19, 21.75, 221.63, 21.99, 192.11, 22.79, 86.07, 22.56], (131.0742, 527.4216, 1319.402)]
[17.84, [440.4, 68.58, 28.96, 24.9, 300.58, 21.75, 221.63, 21.93, 191.03, 22.68, 87.18, 22.89], (131.0807, 519.9684, 1294.958)]
[18.01, [440.4, 68.58, 28.96, 24.9, 296.66, 22.01, 224.21, 21.93, 190.19, 22.62, 86.07, 22.85], (131.0666, 518.9572, 1295.695)]
[18.88, [440.4, 68.58, 28.96, 27.06, 296.66, 21.75, 221.63, 22.12, 190.19, 22.68, 86.07, 22.89], (129.8195, 519.9923, 1302.409)]
[21.39, [440.4, 68.58, 28.96, 24.9, 296.66, 21.75, 221.63, 21.85, 190.19, 22.68, 83.25, 22.89], (131.742, 521.8865, 1297.058)]
[21.85, [440.4, 68.58, 28.96, 27.7, 296.66, 21.66, 221.63, 21.99, 192.21, 22.86, 87.87, 22.56], (130.7865, 528.672, 1324.512)]
[22.23, [440.4, 68.58, 28.96, 24.9, 299.64, 21.85, 221.63, 21.85, 192.11, 22.89, 88.83, 22.85], (129.9337, 519.3267, 1298.071)]
[27.37, [440.4, 68.58, 28.96, 24.9, 296.66, 21.75, 216.5, 21.93, 190.09, 22.89, 88.83, 22.56], (131.5329, 529.9172, 1322.728)]
[27.78, [440.4, 68.58, 28.96, 24.9, 295.02, 21.64, 221.63, 21.99, 192.11, 22.62, 86.07, 22.85], (132.0905, 528.2261, 1316.494)]
[30.37, [440.4, 68.58, 28.96, 24.9, 296.66, 21.75, 221.63, 21.85, 190.19, 22.68, 83.25, 22.65], (132.6186, 525.9535, 1304.726)]
[46.45, [440.4, 68.58, 28.96, 27.53, 296.19, 21.75, 221.63, 21.93, 191.03, 22.68, 88.83, 22.89], (131.5328, 526.956, 1271.494)]
[87.96, [440.4, 68.58, 28.96, 24.9, 299.64, 21.74, 221.63, 21.8, 192.11, 22.62, 86.07, 22.85], (132.777, 512.7879, 1258.16)]
[1180.92, [440.4, 68.58, 28.96, 24.9, 296.66, 21.66, 223.01, 21.99, 195.11, 22.86, 87.87, 22.37], (129.6283, 131.5223, 531.8351)]
[1464.46, [440.4, 68.58, 28.96, 24.9, 299.64, 21.74, 221.63, 21.99, 188.45, 22.69, 86.07, 22.56], (121.423, 131.6851, 522.9762)]
[3055.54, [440.4, 68.58, 28.96, 73.1, 339.12, 22.8, 250.69, 20.2, 182.58, 19.45, 83.67, 20.23], (168.3456, 592.906, 621.6353)]
[3090.81, [440.4, 68.58, 28.96, 24.28, 296.66, 22.11, 216.5, 22.03, 190.09, 22.89, 88.83, 22.56], (91.1794, 129.8193, 1105.893)]
[3310.64, [440.4, 68.58, 28.96, 25.95, 296.66, 21.96, 221.63, 21.95, 192.11, 22.89, 86.07, 22.86], (95.20621, 128.8679, 516.5791)]
[3989.26, [440.4, 68.58, 28.96, 27.53, 296.03, 21.75, 221.63, 21.95, 192.11, 23.07, 88.83, 22.56], (178.9486, 634.843, 1846.157)]
[9078.01, [440.4, 68.58, 28.96, 24.9, 296.66, 21.75, 221.63, 21.99, 192.21, 22.77, 88.83, 22.85], (39.94666, 132.7181, 1333.873)]
[50358.78, [440.4, 68.58, 28.96, 24.9, 296.66, 21.75, 221.63, 21.85, 190.19, 22.68, 87.18, 22.89], (417.2059, 1328.274, 2395.193)]
[70172.93, [440.4, 68.58, 28.96, 24.9, 299.64, 21.74, 221.63, 21.99, 192.11, 22.62, 86.07, 22.85], (491.0349, 1301.321, 2334.626)]
[112690.25, [440.4, 68.58, 28.96, 27.53, 296.19, 21.75, 221.63, 21.99, 192.11, 22.79, 86.07, 22.56], (629.1769, 1234.209, 2032.338)]

Population size: 30
Number of couples: 14
Number of kept parents: 0
Best parent kept: True
Mutation Probability: 0.05
Mutation range (x, y): 5, 0.3
Number of Parameters: 4

Written time: 26/03/2023 12:35:22