[35.86, [440.4, 68.58, 28.96, 31.64, 303.53, 21.18, 227.02, 22.1, 186.25, 22.75, 83.32, 22.69], (129.6946, 517.3448, 1290.007)]
[50.9, [440.4, 68.58, 28.96, 18.3, 340.56, 20.7, 219.81, 22.83, 177.44, 23.21, 75.5, 15.37], (131.954, 545.4691, 1324.629)]
[52.27, [440.4, 68.58, 28.96, 21.33, 301.19, 21.18, 227.02, 22.2, 186.25, 22.75, 83.32, 22.82], (129.8934, 514.6849, 1273.247)]
[65.56, [440.4, 68.58, 28.96, 18.63, 301.74, 21.18, 227.02, 22.24, 186.25, 22.75, 83.32, 22.69], (129.5966, 514.2606, 1264.974)]
[92.88, [440.4, 68.58, 28.96, 19.62, 312.01, 21.34, 280.57, 23.0, 172.8, 23.21, 81.53, 15.61], (126.9849, 528.7063, 1320.654)]
[115.67, [440.4, 68.58, 28.96, 19.62, 312.01, 21.14, 285.04, 23.0, 166.73, 23.21, 76.15, 15.61], (126.2323, 520.0318, 1293.714)]
[124.31, [440.4, 68.58, 28.96, 23.45, 306.08, 21.18, 235.2, 22.24, 190.32, 22.73, 78.16, 22.59], (128.1325, 505.1986, 1245.757)]
[182.99, [440.4, 68.58, 28.96, 16.56, 298.75, 21.06, 239.98, 22.64, 177.72, 23.65, 78.02, 15.58], (132.4559, 572.1559, 1421.16)]
[274.99, [440.4, 68.58, 28.96, 29.01, 303.53, 21.01, 228.96, 22.9, 180.02, 23.07, 72.27, 15.3], (134.6168, 583.6843, 1448.498)]
[282.5, [440.4, 68.58, 28.96, 16.56, 308.65, 21.22, 235.67, 22.78, 193.66, 22.74, 83.32, 22.69], (124.1867, 494.4493, 1225.007)]
[283.15, [440.4, 68.58, 28.96, 28.78, 309.16, 21.31, 273.31, 22.95, 210.62, 23.01, 73.32, 15.17], (135.7702, 576.3369, 1427.821)]
[297.18, [440.4, 68.58, 28.96, 23.87, 303.51, 21.22, 238.04, 22.95, 209.25, 22.83, 79.45, 22.47], (122.8217, 501.2127, 1258.892)]
[320.91, [440.4, 68.58, 28.96, 22.21, 306.45, 21.07, 232.66, 22.63, 193.83, 23.09, 82.25, 22.59], (122.7561, 497.7714, 1241.398)]
[321.26, [440.4, 68.58, 28.96, 25.29, 306.76, 20.95, 235.83, 22.53, 190.93, 23.5, 75.5, 15.4], (135.9702, 586.7648, 1448.757)]
[366.65, [440.4, 68.58, 28.96, 23.87, 300.22, 21.33, 235.7, 22.63, 190.93, 23.47, 75.5, 15.58], (136.2116, 589.1265, 1483.465)]
[384.65, [440.4, 68.58, 28.96, 23.87, 308.65, 21.22, 235.7, 22.82, 192.38, 22.83, 75.5, 15.43], (137.6862, 589.4272, 1446.409)]
[462.69, [440.4, 68.58, 28.96, 23.87, 298.6, 21.06, 237.94, 22.72, 175.61, 23.28, 83.4, 22.54], (120.0339, 489.7582, 1232.832)]
[539.28, [440.4, 68.58, 28.96, 67.87, 305.48, 20.98, 273.57, 22.3, 181.34, 22.75, 77.12, 15.42], (139.8771, 586.6739, 1511.1)]
[555.38, [440.4, 68.58, 28.96, 23.94, 305.18, 21.22, 235.7, 22.63, 190.93, 23.42, 82.5, 22.69], (118.5605, 485.151, 1219.733)]
[821.51, [440.4, 68.58, 28.96, 65.96, 297.81, 21.04, 280.26, 23.01, 173.35, 23.12, 82.24, 22.38], (114.0965, 461.9607, 1231.381)]
[1295.31, [440.4, 68.58, 28.96, 19.2, 295.49, 17.66, 244.65, 21.47, 184.02, 21.87, 106.65, 22.69], (152.3725, 616.3504, 1509.288)]
[3135.87, [440.4, 68.58, 28.96, 25.76, 299.07, 21.18, 227.02, 22.76, 180.05, 23.55, 84.22, 22.31], (89.25465, 123.4946, 1251.108)]
[3329.55, [440.4, 68.58, 28.96, 67.3, 321.36, 18.96, 238.44, 22.28, 164.49, 19.41, 97.4, 15.24], (172.8471, 704.2675, 1731.442)]
[7652.58, [440.4, 68.58, 28.96, 59.54, 361.96, 16.01, 248.75, 21.51, 183.63, 16.88, 146.12, 18.76], (208.5327, 786.9596, 1845.329)]
[8159.13, [440.4, 68.58, 28.96, 43.6, 349.39, 16.72, 262.36, 21.74, 169.51, 14.78, 117.37, 19.86], (213.5731, 751.6024, 1710.014)]
[11929.01, [440.4, 68.58, 28.96, 29.01, 303.53, 21.06, 227.02, 22.24, 186.53, 22.75, 83.32, 15.51], (230.1333, 1309.367, 2552.81)]
[53686.86, [440.4, 68.58, 28.96, 9.41, 311.37, 21.23, 280.59, 22.4, 186.25, 22.75, 83.32, 22.69], (432.1189, 1111.885, 2105.183)]
[76912.92, [440.4, 68.58, 28.96, 23.87, 308.65, 21.22, 234.02, 22.63, 193.66, 22.83, 82.54, 22.69], (514.7916, 1267.067, 2235.196)]
[88164.64, [440.4, 68.58, 28.96, 65.96, 297.81, 21.04, 280.26, 22.82, 180.46, 23.5, 75.5, 15.43], (550.0504, 1464.384, 2691.577)]
[90836.13, [440.4, 68.58, 28.96, 16.56, 299.73, 21.06, 241.48, 22.65, 175.61, 23.5, 75.5, 15.43], (559.5631, 1413.695, 2475.616)]

Population size: 30
Number of couples: 13
Number of kept parents: 0
Best parent kept: True
Mutation Probability: 0.3
Mutation range (x, y): 5, 0.2

Written time: 24/03/2023 21:43:49