[4.26, [440.4, 68.58, 28.96, 25.29, 298.89, 21.34, 226.23, 22.06, 192.2, 22.68, 86.07, 22.85], (130.3901, 522.2933, 1304.392)]
[6.28, [440.4, 68.58, 28.96, 21.4, 297.49, 21.03, 226.49, 22.14, 190.18, 22.89, 84.55, 22.46], (130.3901, 522.2933, 1304.392)]
[7.45, [440.4, 68.58, 28.96, 26.11, 294.4, 21.46, 229.91, 21.99, 187.23, 22.78, 84.77, 22.73], (130.3901, 522.2933, 1304.392)]
[8.69, [440.4, 68.58, 28.96, 25.29, 298.89, 21.34, 226.23, 22.06, 192.2, 22.61, 88.65, 22.96], (130.3901, 522.2933, 1304.392)]
[9.57, [440.4, 68.58, 28.96, 25.29, 296.03, 21.2, 222.34, 22.19, 192.2, 22.62, 81.22, 22.99], (130.3901, 522.2933, 1304.392)]
[9.57, [440.4, 68.58, 28.96, 26.33, 297.43, 21.32, 221.68, 22.05, 189.45, 22.79, 86.07, 22.98], (130.3901, 522.2933, 1304.392)]
[9.61, [440.4, 68.58, 28.96, 26.11, 297.43, 21.31, 229.91, 22.17, 190.18, 22.79, 84.55, 22.46], (130.3901, 522.2933, 1304.392)]
[9.92, [440.4, 68.58, 28.96, 25.29, 298.89, 21.34, 228.42, 22.06, 192.2, 22.61, 88.52, 22.87], (130.3901, 522.2933, 1304.392)]
[10.02, [440.4, 68.58, 28.96, 25.29, 296.03, 21.2, 226.23, 22.19, 192.2, 22.62, 81.22, 22.87], (130.3901, 522.2933, 1304.392)]
[10.35, [440.4, 68.58, 28.96, 28.84, 295.49, 21.16, 227.36, 21.92, 181.17, 22.73, 83.32, 22.96], (130.3901, 522.2933, 1304.392)]
[10.62, [440.4, 68.58, 28.96, 21.4, 300.32, 20.95, 220.88, 22.05, 191.81, 22.9, 86.07, 22.85], (130.3901, 522.2933, 1304.392)]
[10.69, [440.4, 68.58, 28.96, 22.79, 296.03, 21.2, 226.23, 22.13, 192.2, 22.72, 81.22, 22.71], (130.3901, 522.2933, 1304.392)]
[10.75, [440.4, 68.58, 28.96, 25.29, 298.89, 21.44, 223.65, 22.06, 192.2, 22.81, 88.52, 22.87], (130.3901, 522.2933, 1304.392)]
[11.35, [440.4, 68.58, 28.96, 26.11, 297.43, 21.51, 221.63, 22.05, 189.45, 22.79, 86.07, 22.85], (130.3901, 522.2933, 1304.392)]
[12.21, [440.4, 68.58, 28.96, 24.89, 301.84, 21.03, 222.43, 22.07, 186.25, 22.89, 84.88, 22.58], (130.3901, 522.2933, 1304.392)]
[13.93, [440.4, 68.58, 28.96, 24.89, 299.36, 21.03, 222.43, 21.81, 193.13, 22.78, 84.47, 23.16], (130.3901, 522.2933, 1304.392)]
[14.08, [440.4, 68.58, 28.96, 25.29, 298.89, 21.34, 223.65, 22.06, 192.2, 22.81, 86.07, 22.85], (130.3901, 522.2933, 1304.392)]
[14.36, [440.4, 68.58, 28.96, 25.29, 298.89, 21.34, 227.36, 22.06, 192.2, 22.61, 84.47, 22.96], (130.3901, 522.2933, 1304.392)]
[14.69, [440.4, 68.58, 28.96, 29.22, 297.39, 21.16, 224.59, 21.92, 181.17, 22.73, 83.32, 23.0], (130.3901, 522.2933, 1304.392)]
[14.98, [440.4, 68.58, 28.96, 27.53, 297.05, 21.44, 223.65, 22.25, 185.05, 22.61, 86.07, 22.85], (130.3901, 522.2933, 1304.392)]
[15.34, [440.4, 68.58, 28.96, 21.4, 299.36, 21.03, 226.69, 22.14, 190.18, 22.89, 83.51, 22.46], (130.3901, 522.2933, 1304.392)]
[16.61, [440.4, 68.58, 28.96, 26.11, 298.89, 21.22, 230.23, 22.11, 192.2, 22.58, 85.92, 22.69], (130.3901, 522.2933, 1304.392)]
[16.64, [440.4, 68.58, 28.96, 22.57, 296.57, 21.08, 228.42, 21.88, 191.61, 22.69, 83.55, 23.16], (130.3901, 522.2933, 1304.392)]
[16.86, [440.4, 68.58, 28.96, 29.22, 295.49, 21.16, 227.36, 21.92, 181.17, 22.73, 83.32, 23.11], (130.3901, 522.2933, 1304.392)]
[17.35, [440.4, 68.58, 28.96, 22.83, 296.77, 21.34, 223.25, 22.06, 187.58, 22.69, 83.25, 22.87], (130.3901, 522.2933, 1304.392)]
[18.48, [440.4, 68.58, 28.96, 29.75, 297.43, 21.2, 226.23, 22.23, 192.2, 22.72, 81.22, 22.71], (130.3901, 522.2933, 1304.392)]
[20.82, [440.4, 68.58, 28.96, 25.29, 297.49, 21.03, 226.49, 22.07, 190.18, 22.89, 84.55, 22.58], (130.3901, 522.2933, 1304.392)]
[21.16, [440.4, 68.58, 28.96, 20.17, 300.46, 21.78, 241.68, 22.57, 157.3, 22.11, 103.77, 22.1], (130.3901, 522.2933, 1304.392)]
[22.08, [440.4, 68.58, 28.96, 26.11, 298.89, 21.34, 230.23, 22.11, 192.2, 22.58, 88.65, 22.69], (130.3901, 522.2933, 1304.392)]
[24.28, [440.4, 68.58, 28.96, 24.89, 305.45, 21.34, 228.42, 22.06, 192.2, 22.61, 88.52, 22.87], (130.3901, 522.2933, 1304.392)]

Population size: 30
Number of couples: 13
Number of kept parents: 0
Best parent kept: True
Mutation Probability: 0.3
Mutation range (x, y): 5, 0.2
info: Frequencies are fake, this is best of Chestnut_4 file.