[22.59, [440.4, 68.58, 28.96, 11.43, 299.85, 21.25, 253.17, 23.49, 176.68, 21.41, 94.65, 21.84], (131.6059, 522.128, 1322.539)]
[46.52, [440.4, 68.58, 28.96, 11.43, 289.57, 22.26, 253.17, 23.49, 176.68, 21.41, 91.68, 21.84], (129.4383, 514.9206, 1286.063)]
[67.05, [440.4, 68.58, 28.96, 11.43, 299.85, 22.26, 253.17, 23.49, 174.6, 21.41, 104.36, 21.84], (128.6261, 512.6789, 1283.989)]
[127.23, [440.4, 68.58, 28.96, 11.43, 294.33, 21.25, 253.17, 23.49, 176.68, 21.41, 73.63, 22.64], (129.2972, 498.7796, 1224.034)]
[141.71, [440.4, 68.58, 28.96, 11.43, 288.66, 21.25, 253.17, 23.49, 167.55, 21.06, 98.58, 21.84], (135.2306, 539.6079, 1340.638)]
[207.17, [440.4, 68.58, 28.96, 11.43, 299.85, 22.26, 253.17, 23.49, 176.68, 21.41, 91.68, 22.64], (126.4539, 491.5288, 1223.698)]
[275.03, [440.4, 68.58, 28.96, 27.68, 298.01, 23.19, 253.17, 23.49, 175.17, 21.41, 108.52, 22.64], (123.0335, 494.1059, 1279.226)]
[276.28, [440.4, 68.58, 28.96, 11.43, 314.12, 22.34, 253.17, 22.13, 161.84, 21.41, 94.65, 21.84], (137.9819, 511.0928, 1235.958)]
[287.03, [440.4, 68.58, 28.96, 11.43, 299.85, 22.26, 253.17, 24.31, 176.68, 21.06, 98.58, 21.84], (123.1864, 500.5403, 1254.427)]
[366.73, [440.4, 68.58, 28.96, 11.43, 299.85, 21.25, 253.17, 23.49, 165.94, 22.35, 104.36, 22.56], (121.7482, 491.6362, 1245.934)]
[416.58, [440.4, 68.58, 28.96, 11.43, 298.01, 21.25, 253.17, 23.49, 179.09, 21.41, 108.52, 18.77], (138.719, 582.2272, 1443.433)]
[452.56, [440.4, 68.58, 28.96, 11.43, 314.12, 21.25, 253.17, 21.81, 176.68, 21.41, 73.63, 22.64], (141.5654, 512.8749, 1218.531)]
[543.4, [440.4, 68.58, 28.96, 27.68, 335.4, 22.4, 246.5, 21.75, 155.42, 20.62, 83.32, 21.84], (143.0463, 511.0577, 1204.795)]
[561.21, [440.4, 68.58, 28.96, 11.43, 288.66, 21.25, 253.17, 23.49, 176.68, 21.41, 115.42, 18.73], (140.3006, 600.2806, 1500.079)]
[563.9, [440.4, 68.58, 28.96, 11.43, 299.85, 22.26, 253.17, 24.36, 173.02, 21.41, 83.38, 21.84], (119.0336, 479.1371, 1192.627)]
[799.44, [440.4, 68.58, 28.96, 37.16, 341.24, 15.43, 247.77, 21.28, 165.94, 22.35, 104.36, 22.56], (146.6517, 583.4117, 1417.066)]
[897.88, [440.4, 68.58, 28.96, 10.24, 298.82, 22.79, 253.17, 23.49, 176.68, 21.06, 98.58, 21.84], (149.2005, 632.5506, 1308.016)]
[965.0, [440.4, 68.58, 28.96, 11.43, 325.75, 21.25, 253.17, 22.13, 161.84, 21.41, 94.65, 21.84], (140.4979, 517.5907, 650.1957)]
[1006.41, [440.4, 68.58, 28.96, 11.43, 335.4, 22.4, 246.5, 21.75, 155.42, 20.62, 83.32, 16.65], (151.5591, 566.9146, 1325.94)]
[1056.68, [440.4, 68.58, 28.96, 11.43, 314.12, 21.25, 253.17, 22.13, 161.84, 21.41, 94.65, 16.65], (150.4866, 592.0974, 1423.348)]
[1518.37, [440.4, 68.58, 28.96, 25.5, 341.24, 14.96, 247.77, 20.12, 165.94, 22.35, 104.36, 22.56], (156.3141, 611.9261, 1450.053)]
[1724.52, [440.4, 68.58, 28.96, 11.43, 298.82, 22.79, 253.17, 23.49, 174.6, 21.41, 110.69, 22.64], (126.1136, 1235.613, 2218.416)]
[3075.11, [440.4, 68.58, 28.96, 35.98, 315.6, 17.48, 228.56, 19.02, 157.76, 14.8, 97.89, 18.29], (92.61471, 626.9361, 1918.724)]
[3117.77, [440.4, 68.58, 28.96, 18.51, 341.24, 14.92, 247.77, 20.12, 176.68, 21.41, 94.65, 20.71], (173.3865, 656.1048, 1515.2)]
[4301.97, [440.4, 68.58, 28.96, 17.33, 298.01, 21.25, 244.46, 22.23, 175.35, 15.53, 117.53, 22.64], (184.1129, 669.5421, 1572.559)]
[6156.59, [440.4, 68.58, 28.96, 33.63, 318.78, 18.42, 288.51, 20.53, 167.7, 18.14, 116.66, 18.7], (198.7164, 714.9027, 1677.588)]
[10230.81, [440.4, 68.58, 28.96, 11.43, 288.66, 21.25, 253.17, 23.49, 176.68, 21.06, 98.58, 21.84], (37.03584, 136.6786, 545.141)]
[12543.48, [440.4, 68.58, 28.96, 11.01, 296.06, 16.46, 244.51, 18.51, 157.41, 15.72, 102.11, 21.32], (242.3091, 805.0091, 1796.789)]
[62811.06, [440.4, 68.58, 28.96, 1.35, 299.85, 22.26, 253.17, 23.49, 176.68, 21.41, 91.68, 21.84], (465.536, 1237.401, 2166.002)]
[89411.64, [440.4, 68.58, 28.96, 11.43, 295.36, 21.25, 253.17, 23.49, 161.84, 21.17, 94.65, 21.84], (555.1986, 1294.893, 2522.06)]

Population size: 30
Number of couples: 13
Number of kept parents: 0
Best parent kept: True
Mutation Probability: 0.08
Mutation range (x, y): 15, 2