[5.53, [440.4, 68.58, 28.96, 11.43, 298.01, 21.25, 253.17, 23.49, 175.17, 21.41, 108.52, 22.64], (130.6619, 520.9489, 1310.774)]
[17.96, [440.4, 68.58, 28.96, 11.43, 299.85, 21.25, 247.87, 23.49, 174.6, 21.41, 104.36, 22.64], (130.473, 518.6353, 1296.773)]
[21.23, [440.4, 68.58, 28.96, 11.43, 298.01, 21.25, 253.17, 23.49, 176.68, 21.41, 94.65, 21.84], (131.791, 522.9025, 1296.926)]
[47.78, [440.4, 68.58, 28.96, 11.43, 288.96, 21.25, 253.82, 23.49, 185.48, 21.61, 94.65, 21.84], (131.9955, 532.4102, 1333.896)]
[91.63, [440.4, 68.58, 28.96, 11.43, 299.85, 21.25, 253.17, 23.49, 176.68, 21.06, 98.58, 21.84], (134.7031, 531.6844, 1314.597)]
[93.95, [440.4, 68.58, 28.96, 11.43, 298.82, 20.54, 243.15, 24.15, 176.68, 21.95, 79.83, 19.86], (126.6842, 531.3884, 1310.049)]
[108.78, [440.4, 68.58, 28.96, 11.43, 298.82, 21.25, 253.17, 23.49, 176.68, 21.41, 94.65, 21.84], (132.1755, 467.184, 1271.317)]
[118.33, [440.4, 68.58, 28.96, 8.92, 298.82, 20.54, 243.15, 24.34, 176.68, 21.41, 103.56, 19.86], (130.6412, 559.4226, 1389.581)]
[120.55, [440.4, 68.58, 28.96, 11.43, 299.85, 22.26, 253.17, 23.49, 176.68, 21.41, 91.68, 21.84], (128.1659, 503.9049, 1249.995)]
[121.28, [440.4, 68.58, 28.96, 8.52, 298.82, 21.25, 253.17, 22.66, 147.02, 22.35, 104.36, 22.64], (128.5911, 500.0437, 1243.18)]
[121.97, [440.4, 68.58, 28.96, 11.43, 299.85, 19.58, 253.17, 23.49, 174.6, 21.41, 104.36, 22.64], (134.5461, 538.512, 1342.711)]
[174.67, [440.4, 68.58, 28.96, 22.62, 299.85, 21.25, 253.17, 23.49, 176.68, 21.41, 73.63, 22.64], (127.5975, 493.9305, 1220.437)]
[185.68, [440.4, 68.58, 28.96, 11.43, 298.01, 21.25, 244.46, 22.66, 166.54, 21.41, 80.14, 22.94], (135.7393, 512.1682, 1242.878)]
[240.39, [440.4, 68.58, 28.96, 17.33, 298.01, 21.25, 244.46, 22.23, 161.84, 22.35, 104.36, 22.56], (137.3637, 569.5558, 1334.555)]
[348.79, [440.4, 68.58, 28.96, 11.43, 298.01, 21.25, 244.46, 22.66, 176.68, 21.41, 98.89, 21.84], (140.1803, 547.8301, 1345.645)]
[400.2, [440.4, 68.58, 28.96, 1.35, 288.66, 21.25, 253.17, 23.49, 176.68, 21.41, 106.48, 19.79], (139.1145, 575.1875, 1417.207)]
[409.95, [440.4, 68.58, 28.96, 11.43, 288.66, 21.1, 244.46, 22.66, 161.84, 23.53, 104.36, 22.64], (120.0913, 498.7142, 1273.791)]
[516.11, [440.4, 68.58, 28.96, 15.43, 299.85, 21.25, 258.61, 22.09, 176.68, 21.41, 94.65, 21.7], (143.6566, 547.4996, 1339.699)]
[1672.0, [440.4, 68.58, 28.96, 11.43, 298.82, 21.21, 243.15, 24.15, 176.68, 21.41, 94.65, 22.27], (131.0919, 1254.472, 2247.436)]
[1765.28, [440.4, 68.58, 28.96, 11.43, 314.12, 21.25, 253.17, 23.31, 161.84, 23.99, 93.39, 21.46], (109.1822, 449.5882, 622.5402)]
[1947.77, [440.4, 68.58, 28.96, 11.43, 298.82, 20.54, 243.15, 23.49, 176.68, 22.52, 94.65, 21.84], (125.0035, 1245.857, 2393.272)]
[2083.71, [440.4, 68.58, 28.96, 11.43, 288.66, 21.25, 253.17, 23.49, 176.68, 21.41, 88.5, 21.84], (101.1344, 136.3935, 1228.11)]
[2378.36, [440.4, 68.58, 28.96, 20.48, 298.01, 21.25, 241.21, 23.49, 182.36, 21.41, 98.89, 21.84], (95.2198, 599.5164, 1486.735)]
[4627.52, [440.4, 68.58, 28.96, 11.43, 302.96, 21.25, 253.17, 19.55, 166.14, 22.27, 77.26, 21.46], (72.8544, 351.1786, 1265.104)]
[5309.44, [440.4, 68.58, 28.96, 25.5, 344.22, 14.92, 247.77, 20.12, 175.35, 15.53, 117.53, 18.77], (71.79713, 236.0056, 819.6398)]
[7494.38, [440.4, 68.58, 28.96, 12.04, 333.74, 19.08, 238.25, 17.16, 184.58, 19.65, 138.94, 21.43], (209.0133, 728.681, 1681.756)]
[10116.95, [440.4, 68.58, 28.96, 11.43, 313.91, 21.25, 253.17, 24.15, 176.68, 21.41, 94.65, 18.74], (37.94327, 128.538, 535.65)]
[50779.45, [440.4, 68.58, 28.96, 1.53, 298.01, 21.25, 241.21, 23.49, 161.84, 22.35, 104.36, 22.64], (419.8057, 1259.505, 2223.185)]
[57812.23, [440.4, 68.58, 28.96, 10.47, 299.85, 21.25, 258.62, 23.73, 176.68, 21.41, 98.89, 21.6], (446.9878, 1114.317, 2309.294)]
[91643.45, [440.4, 68.58, 28.96, 11.43, 298.01, 19.52, 248.9, 23.49, 176.68, 21.41, 107.32, 21.84], (562.2655, 1397.708, 2458.247)]

Population size: 30
Number of couples: 14
Number of kept parents: 0
Best parent kept: False
Mutation Probability: 0.2
Mutation range (x, y): 15, 2