[18.14, [440.4, 68.58, 28.96, 11.43, 287.94, 21.25, 253.17, 22.66, 161.84, 22.35, 104.36, 22.64], (129.8262, 517.8781, 1305.164)]
[72.59, [440.4, 68.58, 28.96, 29.48, 298.01, 21.25, 239.26, 23.49, 181.75, 21.41, 98.89, 22.1], (131.5034, 537.1102, 1361.13)]
[77.88, [440.4, 68.58, 28.96, 31.87, 298.01, 21.25, 239.26, 23.49, 181.75, 21.41, 98.89, 22.1], (131.4112, 537.7483, 1366.883)]
[133.26, [440.4, 68.58, 28.96, 62.29, 298.01, 21.25, 258.62, 23.49, 176.68, 21.41, 98.89, 21.6], (130.3872, 536.4188, 1425.441)]
[155.95, [440.4, 68.58, 28.96, 62.29, 298.01, 21.25, 243.82, 23.49, 172.82, 21.41, 98.89, 21.6], (130.8639, 545.127, 1442.095)]
[158.28, [440.4, 68.58, 28.96, 18.03, 342.78, 19.28, 253.17, 22.45, 176.68, 22.66, 102.94, 21.46], (131.8542, 565.5417, 1413.5)]
[163.99, [440.4, 68.58, 28.96, 12.82, 333.32, 22.65, 238.44, 22.51, 195.47, 21.41, 98.89, 22.1], (133.8621, 502.4214, 1218.211)]
[177.3, [440.4, 68.58, 28.96, 62.29, 298.01, 21.25, 258.62, 23.49, 176.68, 21.41, 108.52, 21.72], (130.8551, 544.3285, 1464.264)]
[222.79, [440.4, 68.58, 28.96, 62.29, 348.84, 21.22, 258.62, 23.49, 174.6, 21.41, 104.36, 21.46], (125.7535, 490.5958, 1231.8)]
[250.75, [440.4, 68.58, 28.96, 62.29, 298.01, 19.73, 258.62, 23.49, 176.68, 20.6, 84.83, 23.01], (136.8428, 538.7552, 1395.31)]
[252.98, [440.4, 68.58, 28.96, 14.86, 353.92, 21.25, 258.62, 23.49, 176.68, 21.41, 108.52, 21.72], (127.1995, 483.5603, 1163.532)]
[277.41, [440.4, 68.58, 28.96, 11.43, 299.99, 22.65, 238.44, 22.51, 195.47, 21.41, 98.89, 21.6], (138.843, 542.6972, 1338.543)]
[298.56, [440.4, 68.58, 28.96, 62.29, 291.13, 21.25, 239.26, 23.49, 161.84, 22.35, 86.76, 21.46], (122.7438, 517.9654, 1372.184)]
[421.68, [440.4, 68.58, 28.96, 62.29, 298.01, 21.25, 253.17, 22.18, 189.44, 21.41, 108.52, 23.35], (138.6015, 554.5583, 1481.143)]
[465.23, [440.4, 68.58, 28.96, 11.43, 299.99, 21.25, 253.17, 22.66, 161.84, 21.05, 104.36, 21.46], (142.427, 551.2053, 1349.607)]
[531.81, [440.4, 68.58, 28.96, 62.29, 348.84, 21.22, 258.62, 23.49, 174.6, 21.7, 108.52, 23.35], (119.8026, 461.1024, 1203.819)]
[563.76, [440.4, 68.58, 28.96, 11.43, 298.01, 20.54, 260.58, 24.3, 174.6, 21.41, 107.32, 22.64], (116.7626, 503.0753, 1291.205)]
[599.91, [440.4, 68.58, 28.96, 55.29, 290.63, 17.46, 258.62, 23.49, 176.68, 21.41, 98.89, 21.6], (139.9574, 593.7321, 1561.037)]
[934.57, [440.4, 68.58, 28.96, 29.48, 298.01, 21.25, 248.93, 22.03, 181.75, 21.41, 98.89, 20.41], (148.2355, 586.2646, 1452.466)]
[1247.49, [440.4, 68.58, 28.96, 11.43, 298.01, 21.25, 251.57, 20.95, 142.78, 21.41, 100.59, 21.46], (154.4197, 568.1516, 1363.745)]
[1701.32, [440.4, 68.58, 28.96, 12.82, 342.78, 18.93, 225.9, 20.52, 164.39, 21.41, 102.94, 22.64], (160.2938, 578.3932, 1353.608)]
[1735.7, [440.4, 68.58, 28.96, 29.48, 348.84, 21.22, 244.46, 23.08, 161.84, 22.35, 104.36, 22.64], (120.5257, 1343.418, 1893.706)]
[1785.83, [440.4, 68.58, 28.96, 12.82, 333.32, 21.25, 253.17, 22.66, 161.84, 21.05, 108.52, 22.47], (138.4045, 1190.163, 2217.887)]
[3308.81, [440.4, 68.58, 28.96, 11.43, 299.85, 22.53, 247.78, 22.42, 216.68, 16.77, 106.26, 21.66], (175.3749, 640.0251, 1525.446)]
[4297.33, [440.4, 68.58, 28.96, 72.72, 311.97, 20.83, 223.68, 20.86, 152.17, 17.73, 112.71, 21.5], (183.0717, 388.9828, 1693.4)]
[10536.8, [440.4, 68.58, 28.96, 62.29, 298.01, 21.25, 258.62, 23.49, 176.68, 21.41, 104.36, 21.46], (28.18773, 487.6959, 1413.011)]
[12597.03, [440.4, 68.58, 28.96, 62.29, 298.01, 21.25, 269.79, 23.49, 179.43, 21.41, 108.52, 21.72], (21.47129, 130.5291, 537.3094)]
[65738.39, [440.4, 68.58, 28.96, 47.45, 348.84, 21.22, 258.62, 23.49, 174.6, 21.41, 104.36, 21.46], (475.8688, 1203.117, 2270.197)]
[82571.79, [440.4, 68.58, 28.96, 62.29, 363.2, 21.22, 258.62, 23.49, 174.6, 21.41, 98.89, 21.6], (529.7373, 1517.878, 3207.788)]
[95670.85, [440.4, 68.58, 28.96, 53.37, 357.97, 19.8, 252.66, 21.38, 170.76, 21.16, 114.09, 20.65], (574.8183, 1370.97, 2572.982)]

Population size: 30
Number of couples: 14
Number of kept parents: 0
Best parent kept: False
Mutation Probability: 0.08
Mutation range (x, y): 15, 2