[12.07, [440.4, 68.58, 28.96, 17.37, 299.67, 21.25, 263.58, 23.49, 188.14, 21.41, 95.04, 21.84], (131.6207, 520.8613, 1305.708)]
[14.52, [440.4, 68.58, 28.96, 16.93, 299.67, 21.25, 263.58, 23.49, 188.14, 21.41, 94.71, 21.84], (131.6341, 520.5038, 1303.797)]
[31.52, [440.4, 68.58, 28.96, 11.43, 299.67, 21.25, 263.58, 23.49, 188.14, 21.41, 94.71, 21.76], (132.3622, 521.406, 1297.741)]
[31.92, [440.4, 68.58, 28.96, 11.43, 299.67, 21.25, 263.58, 23.49, 188.14, 21.41, 94.71, 21.84], (132.1575, 520.0865, 1294.964)]
[35.09, [440.4, 68.58, 28.96, 11.43, 299.67, 20.98, 263.58, 23.49, 188.14, 21.41, 94.71, 21.84], (132.8755, 523.7211, 1303.134)]
[51.33, [440.4, 68.58, 28.96, 11.43, 299.67, 21.25, 278.08, 23.49, 188.14, 21.41, 94.71, 21.84], (131.4625, 510.7966, 1274.494)]
[57.62, [440.4, 68.58, 28.96, 11.43, 299.67, 21.25, 263.58, 23.49, 176.68, 21.18, 94.71, 21.84], (133.0369, 519.7497, 1287.181)]
[62.15, [440.4, 68.58, 28.96, 11.43, 299.67, 21.25, 268.33, 23.49, 176.68, 21.18, 94.71, 21.84], (132.8323, 516.8139, 1281.108)]
[67.75, [440.4, 68.58, 28.96, 11.43, 299.67, 20.52, 263.58, 23.49, 188.14, 21.41, 82.91, 21.84], (133.3182, 520.4277, 1282.854)]
[71.68, [440.4, 68.58, 28.96, 18.46, 299.67, 21.25, 250.28, 23.49, 196.29, 21.41, 94.71, 21.84], (133.0435, 533.5154, 1336.231)]
[89.96, [440.4, 68.58, 28.96, 11.43, 299.67, 21.25, 268.33, 23.49, 176.68, 21.43, 82.91, 21.76], (130.263, 503.9837, 1241.513)]
[118.01, [440.4, 68.58, 28.96, 11.43, 299.67, 21.25, 263.58, 23.49, 176.68, 21.18, 82.91, 21.84], (132.445, 511.2357, 1222.985)]
[133.73, [440.4, 68.58, 28.96, 18.46, 299.67, 21.25, 263.58, 23.49, 176.68, 21.59, 80.59, 21.84], (128.1045, 500.6672, 1241.555)]
[209.84, [440.4, 68.58, 28.96, 18.46, 314.12, 21.25, 263.58, 23.49, 176.68, 21.61, 69.1, 21.1], (127.5923, 490.485, 1188.858)]
[310.44, [440.4, 68.58, 28.96, 32.18, 345.45, 21.31, 269.91, 22.55, 152.87, 21.09, 88.93, 19.1], (138.8143, 518.4338, 1228.836)]
[400.7, [440.4, 68.58, 28.96, 11.43, 299.67, 21.25, 268.33, 23.49, 176.68, 19.91, 90.45, 21.1], (141.2787, 552.8292, 1340.683)]
[437.74, [440.4, 68.58, 28.96, 58.03, 356.13, 21.6, 257.22, 22.45, 154.42, 22.65, 81.08, 21.84], (124.5473, 456.4165, 1094.062)]
[601.35, [440.4, 68.58, 28.96, 11.43, 299.67, 21.63, 263.58, 23.49, 189.21, 21.18, 94.65, 21.84], (133.1664, 520.2969, 745.8428)]
[621.08, [440.4, 68.58, 28.96, 58.03, 356.13, 21.6, 257.22, 22.45, 154.42, 22.65, 82.91, 21.84], (120.7464, 448.1441, 1081.546)]
[721.79, [440.4, 68.58, 28.96, 11.43, 299.67, 21.25, 263.58, 23.49, 188.14, 21.41, 94.71, 21.84], (138.0015, 558.3323, 814.1583)]
[1098.07, [440.4, 68.58, 28.96, 11.43, 307.09, 21.25, 263.58, 23.49, 188.14, 21.41, 94.71, 21.84], (132.9539, 147.4542, 617.1795)]
[1400.25, [440.4, 68.58, 28.96, 11.43, 299.67, 21.25, 262.34, 23.49, 188.14, 21.41, 94.71, 21.84], (132.8272, 1107.238, 2095.806)]
[4208.09, [440.4, 68.58, 28.96, 17.87, 357.19, 21.37, 234.32, 16.45, 152.48, 21.43, 82.91, 21.76], (185.966, 596.3979, 1347.133)]
[5872.17, [440.4, 68.58, 28.96, 17.87, 357.19, 21.37, 234.32, 16.45, 152.48, 19.91, 90.45, 21.84], (199.2674, 626.5346, 1413.289)]
[6216.98, [440.4, 68.58, 28.96, 17.87, 357.19, 21.37, 234.32, 16.45, 152.48, 19.91, 90.45, 21.1], (201.7764, 637.0042, 1433.414)]
[6832.57, [440.4, 68.58, 28.96, 11.43, 299.67, 21.25, 251.42, 23.49, 188.14, 21.41, 94.71, 21.84], (62.37333, 132.803, 527.9082)]
[9280.4, [440.4, 68.58, 28.96, 21.04, 293.71, 18.22, 265.81, 16.76, 172.57, 20.46, 120.05, 17.57], (220.2613, 803.6462, 1848.378)]
[15959.78, [440.4, 68.58, 28.96, 27.92, 315.3, 19.65, 282.04, 15.33, 199.62, 17.41, 107.82, 15.13], (261.7398, 870.9807, 1939.113)]
[67741.31, [440.4, 68.58, 28.96, 7.1, 299.67, 21.25, 263.58, 23.49, 176.68, 21.59, 80.59, 21.76], (483.2736, 1234.571, 2167.402)]
[319146.36, [440.4, 68.58, 28.96, 18.46, 299.67, 20.96, 263.58, 23.49, 196.29, 21.41, 94.71, 21.76], (1131.739, 1300.461, 3010.173)]

Population size: 30
Number of couples: 13
Number of kept parents: 0
Best parent kept: True
Mutation Probability: 0.04
Mutation range (x, y): 15, 1