[30.39, [440.4, 68.58, 28.96, 29.48, 298.01, 21.25, 259.75, 23.49, 181.75, 21.41, 98.89, 22.1], (130.2691, 523.0736, 1334.331)]
[83.27, [440.4, 68.58, 28.96, 29.48, 298.01, 21.25, 235.4, 23.49, 181.75, 21.41, 98.89, 22.1], (131.7593, 539.7756, 1365.672)]
[87.53, [440.4, 68.58, 28.96, 49.28, 298.01, 21.25, 259.75, 23.49, 181.75, 21.41, 98.89, 22.1], (129.7639, 527.5889, 1380.579)]
[92.96, [440.4, 68.58, 28.96, 53.62, 298.01, 21.25, 258.62, 23.49, 161.73, 21.41, 98.89, 21.6], (129.0191, 526.0362, 1374.276)]
[107.76, [440.4, 68.58, 28.96, 45.88, 298.01, 22.37, 250.5, 23.49, 195.47, 21.41, 98.89, 22.1], (128.2237, 524.1537, 1373.319)]
[116.93, [440.4, 68.58, 28.96, 62.29, 298.01, 21.25, 258.62, 23.49, 161.73, 21.41, 98.89, 21.6], (128.931, 527.4038, 1395.094)]
[128.04, [440.4, 68.58, 28.96, 36.15, 298.01, 21.25, 258.62, 22.18, 189.44, 22.77, 108.52, 22.94], (126.9772, 521.1201, 1358.917)]
[135.91, [440.4, 68.58, 28.96, 14.86, 353.92, 21.25, 239.26, 23.49, 176.68, 21.41, 107.89, 20.77], (129.2488, 503.9338, 1211.103)]
[136.05, [440.4, 68.58, 28.96, 29.48, 298.01, 21.25, 239.26, 23.49, 181.75, 21.41, 98.89, 22.1], (133.8128, 543.0827, 1372.395)]
[173.71, [440.4, 68.58, 28.96, 54.08, 349.72, 21.25, 239.26, 23.49, 176.68, 21.41, 108.52, 21.72], (126.2774, 500.1465, 1254.123)]
[175.41, [440.4, 68.58, 28.96, 62.29, 298.01, 22.34, 258.62, 23.49, 176.68, 20.38, 98.89, 22.1], (134.0465, 536.2256, 1412.417)]
[185.11, [440.4, 68.58, 28.96, 62.29, 298.01, 22.34, 258.62, 23.49, 176.68, 21.41, 108.52, 21.72], (127.4221, 527.7144, 1426.334)]
[194.23, [440.4, 68.58, 28.96, 54.08, 349.72, 21.25, 239.26, 23.49, 192.98, 21.41, 99.13, 22.1], (126.3361, 495.5803, 1236.299)]
[208.91, [440.4, 68.58, 28.96, 44.45, 298.01, 21.25, 247.57, 23.49, 193.99, 21.41, 111.03, 22.1], (132.7976, 554.9875, 1457.347)]
[219.21, [440.4, 68.58, 28.96, 14.86, 353.92, 21.25, 239.26, 23.49, 176.68, 20.38, 98.89, 21.6], (134.7769, 507.8815, 1183.205)]
[229.38, [440.4, 68.58, 28.96, 62.29, 298.01, 22.34, 258.62, 23.49, 176.68, 20.38, 98.89, 21.6], (135.0135, 544.3554, 1430.314)]
[238.86, [440.4, 68.58, 28.96, 29.48, 298.01, 21.25, 239.26, 24.37, 181.75, 21.41, 98.89, 22.1], (123.1789, 519.6939, 1332.505)]
[291.64, [440.4, 68.58, 28.96, 29.48, 295.77, 21.25, 239.26, 24.61, 181.75, 21.41, 98.89, 21.54], (122.3173, 523.5794, 1351.813)]
[353.07, [440.4, 68.58, 28.96, 19.54, 353.92, 21.25, 258.62, 22.18, 189.44, 21.41, 98.89, 21.6], (139.2334, 510.7093, 1211.947)]
[407.92, [440.4, 68.58, 28.96, 11.43, 299.99, 22.65, 238.44, 22.51, 195.47, 21.23, 98.89, 21.23], (141.1098, 552.3686, 1356.524)]
[1153.94, [440.4, 68.58, 28.96, 62.29, 291.13, 21.92, 238.44, 22.51, 192.98, 19.51, 98.89, 23.52], (150.436, 584.3781, 1531.687)]
[1210.74, [440.4, 68.58, 28.96, 14.86, 353.92, 21.25, 239.26, 23.49, 176.68, 21.41, 108.52, 21.72], (151.5476, 673.739, 1192.035)]
[2068.89, [440.4, 68.58, 28.96, 29.48, 295.77, 21.25, 239.26, 24.61, 181.75, 21.41, 98.89, 21.54], (122.21, 1277.801, 2370.142)]
[5668.14, [440.4, 68.58, 28.96, 24.0, 349.4, 18.3, 250.0, 16.89, 171.17, 21.46, 85.44, 19.09], (196.2638, 680.1434, 1524.298)]
[5676.93, [440.4, 68.58, 28.96, 33.52, 345.07, 14.9, 250.85, 16.78, 184.88, 21.77, 90.89, 19.78], (194.9907, 727.14, 1639.838)]
[9234.9, [440.4, 68.58, 28.96, 62.29, 298.01, 22.34, 258.62, 23.49, 176.68, 20.38, 98.89, 21.6], (38.69547, 135.2656, 1302.463)]
[10055.88, [440.4, 68.58, 28.96, 62.93, 326.69, 15.32, 266.24, 19.11, 208.52, 17.7, 98.7, 18.67], (225.2223, 812.6153, 1901.422)]
[12276.57, [440.4, 68.58, 28.96, 49.28, 298.01, 21.25, 259.75, 23.49, 181.75, 21.41, 98.89, 22.1], (23.40546, 139.7542, 546.5149)]
[58718.42, [440.4, 68.58, 28.96, 62.29, 285.2, 21.25, 258.62, 23.49, 161.73, 21.41, 98.89, 21.6], (447.7021, 1460.893, 2678.283)]
[159753.81, [440.4, 68.58, 28.96, 49.28, 298.01, 21.25, 259.75, 23.49, 181.75, 21.41, 98.89, 21.6], (757.425, 1771.45, 2958.848)]

Population size: 30
Number of couples: 13
Number of kept parents: 0
Best parent kept: True
Mutation Probability: 0.08
Mutation range (x, y): 15, 2