[35.21, [440.4, 68.58, 28.96, 11.43, 299.67, 21.25, 253.17, 23.49, 176.68, 21.59, 94.65, 21.84], (130.1255, 517.254, 1284.623)]
[85.87, [440.4, 68.58, 28.96, 18.46, 299.85, 22.26, 253.17, 23.49, 176.68, 21.18, 82.91, 21.84], (131.9232, 506.7074, 1250.5)]
[105.05, [440.4, 68.58, 28.96, 11.43, 299.85, 21.25, 253.17, 23.49, 175.17, 21.41, 118.32, 21.84], (133.0012, 540.9009, 1363.162)]
[110.15, [440.4, 68.58, 28.96, 18.46, 299.85, 22.26, 253.17, 23.49, 176.68, 21.18, 82.91, 21.84], (128.8779, 503.2022, 1244.946)]
[131.51, [440.4, 68.58, 28.96, 18.46, 299.85, 22.26, 253.17, 23.49, 176.68, 20.31, 82.91, 21.84], (135.4206, 521.9031, 1276.871)]
[212.63, [440.4, 68.58, 28.96, 58.03, 360.05, 21.6, 254.05, 22.45, 178.31, 21.31, 81.11, 21.84], (132.4253, 483.862, 1155.363)]
[233.61, [440.4, 68.58, 28.96, 11.43, 289.57, 23.19, 254.74, 23.49, 176.68, 21.59, 92.94, 21.84], (124.7041, 496.8556, 1251.901)]
[253.19, [440.4, 68.58, 28.96, 11.43, 289.57, 23.19, 254.74, 23.95, 175.17, 21.41, 118.32, 21.84], (122.7124, 512.0265, 1319.537)]
[274.95, [440.4, 68.58, 28.96, 58.03, 356.13, 21.6, 257.22, 22.45, 178.31, 20.63, 119.68, 22.23], (139.6566, 522.8395, 1296.59)]
[305.02, [440.4, 68.58, 28.96, 18.46, 299.85, 22.26, 253.17, 23.49, 189.07, 20.63, 133.25, 22.23], (136.8184, 559.5662, 1429.666)]
[305.02, [440.4, 68.58, 28.96, 18.46, 299.85, 22.26, 253.17, 23.49, 189.07, 20.63, 133.25, 22.23], (136.8184, 559.5662, 1429.666)]
[320.2, [440.4, 68.58, 28.96, 18.46, 314.12, 22.12, 253.17, 22.84, 161.84, 21.43, 93.89, 16.65], (138.5189, 561.2035, 1376.462)]
[401.67, [440.4, 68.58, 28.96, 23.3, 299.85, 22.26, 253.17, 23.49, 176.68, 22.68, 108.04, 21.05], (119.593, 502.3333, 1303.206)]
[413.09, [440.4, 68.58, 28.96, 11.43, 285.43, 22.26, 253.17, 23.41, 176.68, 20.63, 133.25, 22.23], (138.7033, 570.3357, 1452.502)]
[477.49, [440.4, 68.58, 28.96, 11.43, 299.67, 21.25, 263.58, 23.49, 164.74, 22.98, 91.68, 20.24], (119.4557, 492.7734, 1243.865)]
[543.16, [440.4, 68.58, 28.96, 48.3, 299.85, 22.26, 244.12, 23.49, 174.6, 22.5, 108.52, 22.64], (117.321, 492.2991, 1324.759)]
[1356.82, [440.4, 68.58, 28.96, 11.43, 285.43, 22.26, 253.17, 23.41, 176.68, 21.31, 94.65, 21.84], (131.6908, 204.3233, 278.4579)]
[2170.22, [440.4, 68.58, 28.96, 51.71, 298.93, 15.31, 245.3, 22.67, 154.42, 22.49, 133.42, 15.74], (157.3557, 732.1339, 1901.999)]
[2415.02, [440.4, 68.58, 28.96, 10.35, 299.85, 22.26, 253.17, 26.7, 176.68, 21.41, 108.52, 22.64], (94.62099, 436.8933, 1156.77)]
[2676.9, [440.4, 68.58, 28.96, 18.46, 299.85, 22.26, 253.17, 25.86, 176.68, 21.41, 108.52, 22.64], (103.2804, 142.9327, 456.2298)]
[8599.37, [440.4, 68.58, 28.96, 11.43, 323.27, 21.55, 237.54, 15.02, 176.94, 21.21, 83.01, 16.61], (217.6022, 720.0515, 1625.352)]
[8805.15, [440.4, 68.58, 28.96, 48.3, 323.27, 21.55, 237.54, 15.02, 173.62, 20.82, 83.01, 16.61], (218.3565, 737.9786, 1707.578)]
[10833.14, [440.4, 68.58, 28.96, 18.46, 299.85, 21.25, 263.58, 23.49, 177.67, 21.41, 94.65, 22.07], (28.07833, 131.0745, 1280.156)]
[11247.8, [440.4, 68.58, 28.96, 11.43, 299.67, 21.25, 263.58, 23.49, 188.14, 21.41, 94.65, 21.84], (29.45496, 163.1021, 624.8788)]
[14130.42, [440.4, 68.58, 28.96, 32.76, 333.81, 19.52, 237.55, 16.62, 151.01, 15.29, 117.02, 18.2], (251.7174, 826.2872, 1841.29)]
[20937.83, [440.4, 68.58, 28.96, 58.59, 339.03, 20.62, 293.29, 15.4, 154.86, 16.93, 119.57, 20.96], (278.6552, 1737.67, 3055.357)]
[74293.46, [440.4, 68.58, 28.96, 11.43, 285.43, 22.26, 253.17, 23.41, 176.68, 21.31, 94.65, 21.84], (505.3421, 1307.34, 2335.803)]
[78093.41, [440.4, 68.58, 28.96, 11.43, 299.85, 21.99, 253.17, 23.49, 176.68, 21.59, 92.94, 21.84], (518.5871, 1278.168, 2286.228)]
[78331.79, [440.4, 68.58, 28.96, 11.43, 299.85, 21.25, 253.17, 23.49, 173.23, 21.41, 94.65, 21.84], (519.3373, 1285.466, 2295.603)]
[94112.33, [440.4, 68.58, 28.96, 58.03, 356.13, 21.6, 254.05, 22.45, 178.31, 21.18, 82.91, 21.84], (571.3706, 1219.281, 2253.75)]

Population size: 30
Number of couples: 13
Number of kept parents: 0
Best parent kept: True
Mutation Probability: 0.08
Mutation range (x, y): 15, 2