[18.03, [440.4, 68.58, 28.96, 11.43, 285.43, 22.26, 253.17, 23.41, 176.68, 21.31, 94.65, 21.84], (131.6908, 525.6185, 1315.57)]
[36.68, [440.4, 68.58, 28.96, 11.43, 299.67, 21.25, 263.58, 23.49, 188.14, 21.41, 94.65, 21.84], (132.5486, 521.4459, 1296.125)]
[38.61, [440.4, 68.58, 28.96, 11.43, 299.67, 21.25, 263.58, 23.49, 177.67, 21.41, 94.65, 21.84], (131.1725, 515.0959, 1279.834)]
[40.07, [440.4, 68.58, 28.96, 11.43, 285.43, 22.26, 253.17, 23.41, 176.68, 21.31, 81.11, 21.84], (131.0216, 515.3939, 1276.869)]
[43.87, [440.4, 68.58, 28.96, 11.43, 299.85, 21.25, 253.17, 23.49, 176.68, 21.59, 92.94, 21.84], (130.0076, 515.7179, 1279.023)]
[95.66, [440.4, 68.58, 28.96, 11.43, 289.57, 23.19, 254.74, 23.49, 175.17, 21.41, 118.32, 21.84], (127.2543, 521.066, 1334.473)]
[107.51, [440.4, 68.58, 28.96, 11.43, 299.85, 22.26, 253.17, 23.49, 176.68, 21.18, 82.91, 21.84], (129.5645, 502.7886, 1235.034)]
[110.15, [440.4, 68.58, 28.96, 18.46, 299.85, 22.26, 253.17, 23.49, 176.68, 21.18, 82.91, 21.84], (128.8779, 503.2022, 1244.946)]
[199.89, [440.4, 68.58, 28.96, 11.43, 314.12, 21.25, 253.17, 22.98, 176.68, 21.18, 82.91, 21.84], (136.048, 513.5817, 1237.689)]
[216.56, [440.4, 68.58, 28.96, 58.03, 356.13, 21.6, 254.05, 22.45, 178.31, 21.18, 82.91, 21.84], (133.8327, 490.442, 1176.854)]
[305.02, [440.4, 68.58, 28.96, 18.46, 299.85, 22.26, 253.17, 23.49, 189.07, 20.63, 133.25, 22.23], (136.8184, 559.5662, 1429.666)]
[340.59, [440.4, 68.58, 28.96, 10.35, 314.12, 22.12, 253.17, 22.84, 161.84, 21.43, 93.89, 16.65], (139.281, 560.7307, 1364.826)]
[343.96, [440.4, 68.58, 28.96, 58.03, 360.05, 21.6, 254.05, 22.45, 178.31, 20.63, 133.25, 22.23], (140.5017, 534.541, 1339.225)]
[373.51, [440.4, 68.58, 28.96, 58.03, 356.13, 21.6, 254.05, 22.45, 178.31, 20.63, 133.25, 22.23], (140.8251, 537.1758, 1350.911)]
[560.36, [440.4, 68.58, 28.96, 11.43, 299.85, 22.34, 253.17, 23.49, 175.17, 22.48, 108.52, 22.64], (118.3622, 479.6646, 1230.689)]
[660.78, [440.4, 68.58, 28.96, 11.43, 299.85, 21.25, 253.17, 23.49, 164.74, 22.98, 91.68, 21.84], (117.0319, 477.4244, 1204.774)]
[793.23, [440.4, 68.58, 28.96, 11.43, 299.67, 21.25, 263.58, 23.49, 177.67, 21.41, 94.65, 21.84], (131.1725, 515.0959, 525.215)]
[1107.97, [440.4, 68.58, 28.96, 18.46, 299.85, 22.26, 253.17, 25.25, 176.68, 21.41, 108.52, 22.64], (109.6857, 469.531, 1224.99)]
[1319.56, [440.4, 68.58, 28.96, 18.46, 299.85, 21.25, 253.17, 23.49, 176.68, 21.59, 94.65, 21.84], (129.4686, 1284.81, 1850.541)]
[1515.79, [440.4, 68.58, 28.96, 19.35, 299.85, 21.25, 259.39, 23.49, 176.68, 21.41, 108.52, 22.64], (129.6469, 944.3802, 2390.198)]
[1750.08, [440.4, 68.58, 28.96, 18.46, 299.85, 22.26, 253.17, 23.49, 176.68, 22.68, 108.04, 21.84], (147.6802, 509.876, 2352.103)]
[1938.39, [440.4, 68.58, 28.96, 10.35, 302.11, 22.26, 239.38, 23.35, 176.68, 22.55, 73.63, 22.64], (118.258, 166.4335, 171.4231)]
[4745.3, [440.4, 68.58, 28.96, 11.43, 299.85, 22.26, 244.12, 23.49, 174.6, 21.41, 108.52, 22.64], (70.45711, 504.3704, 1270.702)]
[6327.17, [440.4, 68.58, 28.96, 11.43, 299.67, 21.25, 263.58, 23.49, 177.67, 21.41, 81.11, 21.84], (192.8287, 1228.016, 2046.8)]
[8805.15, [440.4, 68.58, 28.96, 48.3, 323.27, 21.55, 237.54, 15.02, 173.62, 20.82, 83.01, 16.61], (218.3565, 737.9786, 1707.578)]
[11545.09, [440.4, 68.58, 28.96, 64.64, 300.0, 21.31, 292.41, 16.91, 200.31, 17.5, 82.71, 19.88], (223.9438, 1199.261, 3189.689)]
[18182.21, [440.4, 68.58, 28.96, 28.82, 320.49, 17.32, 270.5, 14.87, 217.48, 17.71, 126.59, 15.27], (273.3101, 938.6734, 2064.729)]
[47392.25, [440.4, 68.58, 28.96, 11.43, 299.85, 22.26, 253.17, 24.31, 176.68, 22.55, 73.63, 22.64], (407.6848, 1122.619, 2031.026)]
[73204.22, [440.4, 68.58, 28.96, 11.43, 299.85, 21.25, 253.17, 23.49, 176.68, 21.59, 95.24, 21.84], (501.5763, 1305.787, 2338.548)]
[78396.1, [440.4, 68.58, 28.96, 19.35, 299.85, 21.25, 257.42, 23.49, 176.68, 21.18, 82.91, 21.84], (519.059, 1308.071, 2419.581)]

Population size: 30
Number of couples: 13
Number of kept parents: 0
Best parent kept: True
Mutation Probability: 0.08
Mutation range (x, y): 15, 2