[18.14, [440.4, 68.58, 28.96, 11.43, 287.94, 21.25, 253.17, 22.66, 161.84, 22.35, 104.36, 22.64]]
[18.14, [440.4, 68.58, 28.96, 11.43, 287.94, 21.25, 253.17, 22.66, 161.84]]
[26.79, [440.4, 68.58, 28.96, 11.43, 299.85, 21.25, 253.17, 23.49, 176.68, 21.41, 94.65, 21.84]]
[26.79, [440.4, 68.58, 28.96, 11.43, 299.85, 21.25, 253.17, 23.49, 176.68]]
[26.82, [440.4, 68.58, 28.96, 11.43, 299.85, 21.25, 253.17, 23.49, 176.68, 21.41, 94.65, 21.84]]
[26.82, [440.4, 68.58, 28.96, 11.43, 299.85, 21.25, 253.17, 23.49, 176.68, 21.41, 94.65, 21.84]]
[26.82, [440.4, 68.58, 28.96, 11.43, 299.85, 21.25, 253.17, 23.49, 176.68, 21.41, 94.65, 21.84]]
[26.82, [440.4, 68.58, 28.96, 11.43, 299.85, 21.25, 253.17, 23.49, 176.68]]
[26.82, [440.4, 68.58, 28.96, 11.43, 299.85, 21.25, 253.17, 23.49, 176.68]]
[26.82, [440.4, 68.58, 28.96, 11.43, 299.85, 21.25, 253.17, 23.49, 176.68]]
[28.71, [440.4, 68.58, 28.96, 11.43, 298.82, 20.54, 253.17, 23.49, 174.6, 21.41, 104.36, 22.64]]
[28.71, [440.4, 68.58, 28.96, 11.43, 298.82, 20.54, 253.17, 23.49, 174.6]]
[30.39, [440.4, 68.58, 28.96, 29.48, 298.01, 21.25, 259.75, 23.49, 181.75, 21.41, 98.89, 22.1]]
[30.39, [440.4, 68.58, 28.96, 29.48, 298.01, 21.25, 259.75, 23.49, 181.75]]
[40.75, [440.4, 68.58, 28.96, 11.43, 298.01, 21.25, 253.17, 23.49, 176.68, 21.41, 98.89, 22.64]]
[40.75, [440.4, 68.58, 28.96, 11.43, 298.01, 21.25, 253.17, 23.49, 176.68, 21.41, 98.89, 22.64]]
[40.75, [440.4, 68.58, 28.96, 11.43, 298.01, 21.25, 253.17, 23.49, 176.68]]
[40.75, [440.4, 68.58, 28.96, 11.43, 298.01, 21.25, 253.17, 23.49, 176.68]]
[42.68, [440.4, 68.58, 28.96, 11.43, 299.85, 21.25, 253.17, 22.66, 161.84, 22.35, 94.65, 21.46]]
[42.68, [440.4, 68.58, 28.96, 11.43, 299.85, 21.25, 253.17, 22.66, 161.84]]
[43.92, [440.4, 68.58, 28.96, 29.48, 298.01, 21.25, 258.62, 23.49, 176.68, 21.41, 98.89, 21.6]]
[43.92, [440.4, 68.58, 28.96, 29.48, 298.01, 21.25, 258.62, 23.49, 176.68, 21.41, 98.89, 21.6]]
[43.92, [440.4, 68.58, 28.96, 29.48, 298.01, 21.25, 258.62, 23.49, 176.68]]
[43.92, [440.4, 68.58, 28.96, 29.48, 298.01, 21.25, 258.62, 23.49, 176.68]]
[48.38, [440.4, 68.58, 28.96, 11.43, 298.01, 21.25, 244.46, 22.66, 161.84, 22.35, 104.36, 22.64]]
[48.38, [440.4, 68.58, 28.96, 11.43, 298.01, 21.25, 244.46, 22.66, 161.84]]
[51.29, [440.4, 68.58, 28.96, 11.43, 299.85, 21.25, 253.17, 23.49, 176.68, 21.41, 98.89, 22.64]]
[51.29, [440.4, 68.58, 28.96, 11.43, 299.85, 21.25, 253.17, 23.49, 176.68, 21.41, 98.89, 22.64]]
[51.29, [440.4, 68.58, 28.96, 11.43, 299.85, 21.25, 253.17, 23.49, 176.68]]
[51.29, [440.4, 68.58, 28.96, 11.43, 299.85, 21.25, 253.17, 23.49, 176.68]]
