[20.63, [440.4, 68.58, 28.96, 11.43, 298.01, 21.25, 253.17, 22.66, 161.84, 22.35, 99.82, 21.46], (131.4799, 521.3764, 1294.817)]
[22.75, [440.4, 68.58, 28.96, 10.47, 299.85, 21.25, 258.62, 23.49, 176.68, 21.41, 98.89, 21.6], (132.2012, 524.637, 1303.122)]
[23.94, [440.4, 68.58, 28.96, 11.43, 298.82, 21.25, 253.17, 23.49, 176.68, 21.41, 94.65, 21.84], (131.725, 522.0548, 1294.097)]
[27.21, [440.4, 68.58, 28.96, 11.43, 299.85, 21.25, 253.17, 23.49, 176.68, 21.41, 94.65, 21.84], (131.6059, 521.0011, 1290.235)]
[29.3, [440.4, 68.58, 28.96, 11.43, 299.85, 21.25, 253.17, 23.49, 174.6, 21.41, 104.36, 22.64], (130.1412, 517.3539, 1290.232)]
[29.35, [440.4, 68.58, 28.96, 11.43, 299.85, 21.25, 253.17, 23.49, 176.68, 21.41, 94.65, 21.46], (132.4322, 526.8508, 1302.983)]
[47.72, [440.4, 68.58, 28.96, 11.43, 298.01, 21.25, 244.46, 22.66, 161.84, 22.35, 104.36, 22.64], (129.6849, 513.1729, 1282.47)]
[48.27, [440.4, 68.58, 28.96, 11.43, 298.01, 21.25, 244.46, 22.66, 161.84, 22.35, 104.36, 22.64], (129.6116, 513.3846, 1282.894)]
[48.38, [440.4, 68.58, 28.96, 11.43, 298.01, 21.25, 244.46, 22.66, 161.84, 22.35, 104.36, 22.64], (129.6849, 512.9423, 1282.044)]
[53.31, [440.4, 68.58, 28.96, 11.43, 298.01, 21.25, 241.21, 23.49, 176.68, 21.41, 98.89, 21.84], (132.7704, 534.1178, 1323.189)]
[63.24, [440.4, 68.58, 28.96, 11.43, 288.66, 21.25, 253.17, 23.49, 176.68, 21.41, 94.65, 21.84], (132.9606, 533.1945, 1329.96)]
[100.27, [440.4, 68.58, 28.96, 11.43, 299.85, 21.25, 253.17, 23.49, 176.68, 21.41, 88.13, 22.64], (129.363, 503.3795, 1245.194)]
[106.89, [440.4, 68.58, 28.96, 11.43, 298.82, 20.54, 243.15, 24.15, 176.68, 21.41, 94.65, 19.86], (131.8594, 555.6665, 1371.905)]
[116.95, [440.4, 68.58, 28.96, 29.48, 298.01, 21.25, 253.17, 23.49, 176.68, 21.41, 108.52, 22.64], (132.157, 548.6084, 1384.146)]
[137.35, [440.4, 68.58, 28.96, 11.43, 298.01, 21.25, 253.17, 23.49, 172.79, 21.41, 98.89, 23.46], (127.7542, 498.2764, 1249.254)]
[173.49, [440.4, 68.58, 28.96, 11.43, 290.07, 21.25, 253.17, 23.49, 176.68, 21.41, 94.65, 20.71], (135.2243, 549.4261, 1362.791)]
[213.86, [440.4, 68.58, 28.96, 11.43, 298.01, 21.45, 253.17, 22.66, 161.84, 22.35, 86.76, 21.56], (129.9479, 409.613, 1215.955)]
[214.38, [440.4, 68.58, 28.96, 18.2, 274.55, 21.25, 263.06, 22.66, 161.84, 21.65, 104.36, 22.64], (136.122, 542.758, 1380.676)]
[273.02, [440.4, 68.58, 28.96, 22.35, 298.01, 21.25, 253.17, 23.49, 166.77, 20.1, 98.89, 22.64], (138.9335, 538.7632, 1334.233)]
[1060.74, [440.4, 68.58, 28.96, 11.43, 299.85, 21.25, 253.17, 23.49, 176.68, 21.41, 94.65, 21.84], (128.3041, 261.1005, 549.2855)]
[1298.74, [440.4, 68.58, 28.96, 11.43, 314.12, 21.25, 253.17, 23.31, 161.84, 23.99, 86.76, 21.46], (108.8266, 445.1179, 1118.463)]
[1721.06, [440.4, 68.58, 28.96, 11.43, 299.85, 20.54, 267.96, 23.49, 174.6, 21.41, 104.36, 22.64], (131.1562, 1232.638, 2317.792)]
[2884.21, [440.4, 68.58, 28.96, 11.43, 294.4, 21.77, 253.17, 21.94, 161.84, 22.35, 98.89, 22.64], (100.1289, 133.6153, 513.2525)]
[4463.41, [440.4, 68.58, 28.96, 11.43, 302.96, 21.25, 253.17, 21.31, 161.84, 22.35, 86.76, 21.46], (76.42583, 145.2472, 1233.65)]
[7609.75, [440.4, 68.58, 28.96, 11.43, 303.99, 21.25, 257.94, 22.66, 161.84, 22.35, 86.76, 21.46], (56.46157, 129.7724, 502.9821)]
[9940.1, [440.4, 68.58, 28.96, 13.85, 298.01, 21.25, 253.17, 22.66, 161.84, 22.35, 86.76, 20.74], (39.08989, 132.112, 543.6895)]
[10694.59, [440.4, 68.58, 28.96, 11.43, 304.74, 21.25, 253.17, 23.49, 176.68, 21.41, 104.67, 22.64], (29.16712, 130.6342, 1254.049)]
[10823.16, [440.4, 68.58, 28.96, 15.0, 298.01, 19.47, 244.84, 23.49, 176.68, 22.51, 94.65, 21.84], (25.4336, 523.4585, 1302.845)]
[11432.18, [440.4, 68.58, 28.96, 57.73, 319.49, 22.37, 251.54, 17.23, 155.9, 15.15, 74.43, 15.09], (235.0466, 804.7126, 1817.133)]
[11716.73, [440.4, 68.58, 28.96, 47.31, 324.45, 22.85, 222.5, 17.97, 187.71, 21.01, 75.96, 20.5], (228.5233, 1361.972, 2527.623)]

Population size: 30
Number of couples: 14
Number of kept parents: 0
Best parent kept: False
Mutation Probability: 0.15
Mutation range (x, y): 15, 2