[31.52, [440.4, 68.58, 28.96, 11.43, 299.67, 21.25, 263.58, 23.49, 188.14, 21.41, 94.71, 21.76], (132.3622, 521.406, 1297.741)]
[34.78, [440.4, 68.58, 28.96, 10.65, 299.67, 21.25, 263.58, 23.49, 188.14, 21.41, 94.65, 21.84], (132.2397, 519.9963, 1293.642)]
[62.74, [440.4, 68.58, 28.96, 11.43, 299.67, 21.25, 263.58, 24.57, 189.07, 20.63, 92.94, 21.84], (128.6992, 514.7119, 1284.667)]
[70.8, [440.4, 68.58, 28.96, 18.46, 299.67, 21.25, 268.33, 23.49, 176.68, 21.18, 82.91, 21.84], (131.5268, 508.6103, 1258.007)]
[86.42, [440.4, 68.58, 28.96, 11.43, 299.67, 21.25, 263.58, 23.49, 176.68, 21.18, 82.91, 21.84], (132.445, 511.1947, 1254.613)]
[99.82, [440.4, 68.58, 28.96, 11.43, 275.55, 23.19, 254.74, 23.49, 176.68, 21.59, 92.94, 21.84], (126.6584, 513.0911, 1303.149)]
[168.75, [440.4, 68.58, 28.96, 44.07, 299.85, 22.26, 262.8, 22.21, 176.68, 21.59, 94.65, 21.84], (136.2742, 527.9673, 1344.54)]
[171.51, [440.4, 68.58, 28.96, 11.43, 299.67, 21.25, 253.17, 23.49, 176.68, 22.68, 108.04, 19.97], (125.5761, 532.3553, 1350.697)]
[207.9, [440.4, 68.58, 28.96, 21.71, 275.55, 23.19, 254.74, 23.49, 176.68, 21.59, 126.51, 22.23], (127.3227, 541.1219, 1432.949)]
[226.21, [440.4, 68.58, 28.96, 11.43, 299.67, 22.58, 263.58, 23.49, 188.14, 20.08, 94.65, 21.84], (138.5211, 529.2038, 1301.877)]
[291.47, [440.4, 68.58, 28.96, 18.46, 314.12, 21.25, 263.58, 23.49, 176.68, 21.61, 69.1, 21.84], (126.0223, 479.9188, 1164.854)]
[374.86, [440.4, 68.58, 28.96, 11.43, 299.67, 21.25, 263.58, 24.57, 176.68, 21.18, 82.91, 21.84], (122.2461, 489.2533, 1218.016)]
[397.58, [440.4, 68.58, 28.96, 44.07, 299.85, 22.26, 253.17, 23.49, 176.68, 22.68, 108.04, 19.97], (120.8295, 522.1017, 1389.115)]
[426.83, [440.4, 68.58, 28.96, 11.43, 299.67, 21.25, 263.58, 23.49, 189.07, 20.63, 126.51, 22.23], (140.1862, 559.7791, 1411.47)]
[558.21, [440.4, 68.58, 28.96, 11.43, 299.67, 21.25, 263.58, 23.49, 176.68, 21.18, 82.91, 21.84], (132.4439, 211.8982, 1082.102)]
[613.94, [440.4, 68.58, 28.96, 58.03, 356.13, 21.6, 257.22, 22.45, 154.42, 22.49, 82.91, 21.84], (121.9336, 397.8175, 1084.212)]
[872.84, [440.4, 68.58, 28.96, 4.01, 299.85, 22.26, 243.78, 23.72, 176.68, 20.31, 82.91, 22.82], (133.0903, 1058.872, 1610.979)]
[882.24, [440.4, 68.58, 28.96, 58.03, 356.13, 21.6, 263.58, 23.49, 177.96, 21.18, 82.91, 21.84], (124.7031, 445.6649, 654.5059)]
[917.81, [440.4, 68.58, 28.96, 11.43, 299.85, 22.26, 243.78, 23.31, 176.68, 20.31, 82.91, 21.84], (142.7704, 1000.8, 1281.351)]
[954.47, [440.4, 68.58, 28.96, 11.43, 299.67, 21.25, 263.58, 23.49, 176.68, 21.18, 133.42, 15.74], (145.0788, 641.0856, 1605.941)]
[1086.3, [440.4, 68.58, 28.96, 11.43, 299.67, 22.12, 253.17, 21.95, 161.84, 21.43, 93.89, 16.65], (150.5029, 596.8993, 1447.081)]
[6969.59, [440.4, 68.58, 28.96, 39.21, 297.53, 17.45, 266.96, 20.24, 194.26, 18.28, 74.27, 18.94], (204.635, 738.819, 1719.383)]
[7061.77, [440.4, 68.58, 28.96, 11.43, 299.67, 21.25, 253.17, 23.49, 176.68, 21.59, 94.65, 21.84], (61.00808, 92.80637, 508.9559)]
[8311.21, [440.4, 68.58, 28.96, 11.43, 299.67, 21.25, 263.58, 23.49, 176.68, 21.18, 82.91, 21.84], (218.8941, 550.5628, 1325.481)]
[8736.5, [440.4, 68.58, 28.96, 11.43, 299.67, 21.25, 257.22, 22.45, 154.42, 22.49, 133.42, 16.14], (60.83461, 1705.829, 3008.147)]
[9375.75, [440.4, 68.58, 28.96, 20.63, 329.77, 18.16, 252.52, 18.86, 167.03, 16.0, 108.61, 21.94], (222.7742, 730.5494, 1657.83)]
[12492.99, [440.4, 68.58, 28.96, 59.68, 356.83, 15.56, 260.26, 17.47, 171.75, 17.99, 112.96, 16.31], (241.0142, 843.0956, 1912.707)]
[12631.16, [440.4, 68.58, 28.96, 11.43, 299.67, 21.25, 254.74, 21.53, 187.62, 21.59, 92.94, 21.84], (24.14241, 57.52129, 159.7928)]
[15902.68, [440.4, 68.58, 28.96, 48.48, 326.59, 16.13, 221.76, 15.64, 211.68, 14.9, 87.55, 21.6], (261.5961, 855.0535, 1922.599)]
[79679.4, [440.4, 68.58, 28.96, 11.43, 299.67, 21.25, 253.17, 22.21, 176.68, 21.59, 94.65, 22.82], (523.8156, 1281.559, 2319.231)]

Population size: 30
Number of couples: 13
Number of kept parents: 0
Best parent kept: True
Mutation Probability: 0.08
Mutation range (x, y): 15, 2