[8.61, [440.4, 68.58, 28.96, 21.05, 299.67, 21.25, 263.58, 23.49, 188.14, 21.41, 94.71, 21.84], (131.3139, 521.0061, 1310.953)]
[9.96, [440.4, 68.58, 28.96, 18.46, 299.67, 21.25, 263.58, 23.49, 188.14, 21.41, 94.71, 21.84], (131.5104, 520.6977, 1306.545)]
[31.52, [440.4, 68.58, 28.96, 11.43, 299.67, 21.25, 263.58, 23.49, 188.14, 21.41, 94.71, 21.76], (132.3622, 521.406, 1297.741)]
[31.8, [440.4, 68.58, 28.96, 11.43, 299.67, 21.25, 263.58, 23.49, 188.14, 21.41, 94.71, 21.84], (132.1575, 520.0873, 1295.087)]
[31.92, [440.4, 68.58, 28.96, 11.43, 299.67, 21.25, 263.58, 23.49, 188.14, 21.41, 94.71, 21.84], (132.1575, 520.0865, 1294.964)]
[31.92, [440.4, 68.58, 28.96, 11.43, 299.67, 21.25, 263.58, 23.49, 188.14, 21.41, 94.71, 21.84], (132.1575, 520.0865, 1294.964)]
[31.92, [440.4, 68.58, 28.96, 11.43, 299.67, 21.25, 263.58, 23.49, 188.14, 21.41, 94.71, 21.84], (132.1575, 520.0865, 1294.964)]
[57.75, [440.4, 68.58, 28.96, 11.43, 299.67, 21.25, 263.58, 23.49, 176.68, 21.18, 94.65, 21.84], (133.0337, 519.7066, 1287.017)]
[66.69, [440.4, 68.58, 28.96, 10.65, 299.67, 21.25, 263.58, 23.49, 188.14, 21.41, 82.91, 21.84], (131.5737, 510.9754, 1260.35)]
[70.8, [440.4, 68.58, 28.96, 18.46, 299.67, 21.25, 268.33, 23.49, 176.68, 21.18, 82.91, 21.84], (131.5268, 508.6103, 1258.007)]
[86.42, [440.4, 68.58, 28.96, 11.43, 299.67, 21.25, 263.58, 23.49, 176.68, 21.18, 82.91, 21.84], (132.445, 511.1947, 1254.613)]
[86.66, [440.4, 68.58, 28.96, 11.43, 299.67, 21.25, 268.33, 23.49, 176.68, 21.18, 82.91, 21.84], (132.2824, 508.4047, 1254.129)]
[139.3, [440.4, 68.58, 28.96, 4.61, 299.67, 21.25, 263.58, 23.49, 176.68, 22.68, 108.04, 19.97], (125.5727, 525.0501, 1325.668)]
[153.62, [440.4, 68.58, 28.96, 11.43, 275.55, 23.19, 254.74, 23.49, 176.68, 21.59, 80.59, 21.76], (126.2549, 505.069, 1270.01)]
[291.47, [440.4, 68.58, 28.96, 18.46, 314.12, 21.25, 263.58, 23.49, 176.68, 21.61, 69.1, 21.84], (126.0223, 479.9188, 1164.854)]
[291.47, [440.4, 68.58, 28.96, 18.46, 314.12, 21.25, 263.58, 23.49, 176.68, 21.61, 69.1, 21.84], (126.0223, 479.9188, 1164.854)]
[292.27, [440.4, 68.58, 28.96, 47.02, 356.38, 20.35, 271.95, 23.49, 188.14, 20.08, 94.65, 21.84], (138.0939, 511.0469, 1224.527)]
[550.53, [440.4, 68.58, 28.96, 58.03, 356.13, 21.6, 257.22, 22.45, 154.42, 22.49, 82.91, 21.84], (122.0587, 451.6944, 1088.174)]
[1006.1, [440.4, 68.58, 28.96, 21.71, 275.55, 23.19, 254.74, 23.49, 176.68, 21.59, 141.44, 21.84], (129.2832, 199.5006, 644.6991)]
[2428.35, [440.4, 68.58, 28.96, 67.94, 325.92, 21.9, 231.91, 19.65, 218.89, 22.44, 141.2, 18.6], (102.9395, 170.3481, 704.2781)]
[4114.51, [440.4, 68.58, 28.96, 43.55, 366.99, 16.15, 248.06, 16.41, 147.7, 16.97, 93.79, 17.16], (173.3251, 825.5694, 2348.483)]
[31496.83, [440.4, 68.58, 28.96, 14.77, 299.67, 22.58, 263.58, 16.15, 165.55, 16.89, 75.41, 17.81], (334.5363, 1651.591, 2598.85)]
[60409.55, [440.4, 68.58, 28.96, 11.43, 299.67, 21.25, 253.17, 23.49, 176.68, 21.18, 82.91, 21.84], (456.7635, 1161.669, 2231.839)]
[68459.12, [440.4, 68.58, 28.96, 11.43, 299.67, 21.25, 268.33, 23.49, 176.68, 21.18, 82.91, 21.84], (485.5412, 1229.038, 2251.136)]
[69830.05, [440.4, 68.58, 28.96, 18.46, 299.67, 21.25, 263.58, 24.57, 176.68, 21.18, 82.91, 21.84], (490.7767, 1222.688, 2143.878)]
[73621.7, [440.4, 68.58, 28.96, 11.43, 299.67, 21.25, 268.33, 23.49, 176.68, 21.43, 82.91, 21.76], (503.6453, 1233.618, 2229.774)]
[112666.93, [440.4, 68.58, 28.96, 11.43, 299.67, 21.25, 263.58, 23.49, 176.68, 21.18, 125.78, 15.74], (626.0236, 1580.016, 2717.46)]
[133169.25, [440.4, 68.58, 28.96, 11.43, 299.67, 21.25, 268.33, 22.79, 176.68, 21.18, 94.65, 21.84], (690.3156, 1301.542, 1355.425)]
[178662.66, [440.4, 68.58, 28.96, 33.15, 301.7, 17.96, 272.72, 14.64, 148.62, 15.36, 84.27, 20.18], (806.0449, 1774.014, 3259.503)]
[287212.93, [440.4, 68.58, 28.96, 11.43, 299.67, 21.25, 263.58, 23.49, 188.14, 21.41, 94.71, 21.84], (1062.966, 2140.727, 2306.265)]

Population size: 30
Number of couples: 13
Number of kept parents: 0
Best parent kept: True
Mutation Probability: 0.04
Mutation range (x, y): 15, 1