[72.49, [440.4, 68.58, 28.96, 29.48, 298.01, 21.25, 239.26, 23.49, 181.75, 21.41, 98.89, 22.1], (131.5034, 537.11, 1361.021)]
[72.59, [440.4, 68.58, 28.96, 29.48, 298.01, 21.25, 239.26, 23.49, 181.75, 21.41, 98.89, 22.1], (131.5034, 537.1102, 1361.13)]
[116.93, [440.4, 68.58, 28.96, 62.29, 298.01, 21.25, 258.62, 23.49, 161.73, 21.41, 98.89, 21.6], (128.931, 527.4038, 1395.094)]
[117.33, [440.4, 68.58, 28.96, 62.29, 298.01, 21.25, 258.62, 23.49, 176.68, 21.41, 98.89, 21.6], (130.5066, 536.7057, 1410.312)]
[123.8, [440.4, 68.58, 28.96, 62.29, 298.01, 21.25, 253.17, 23.49, 176.68, 21.41, 95.3, 21.72], (130.1659, 535.0602, 1414.918)]
[126.09, [440.4, 68.58, 28.96, 62.29, 298.01, 21.25, 259.75, 23.49, 181.75, 21.41, 98.89, 22.1], (129.6463, 530.1873, 1414.686)]
[128.04, [440.4, 68.58, 28.96, 62.29, 298.01, 21.25, 258.62, 23.49, 181.75, 21.41, 98.89, 22.1], (129.714, 531.0729, 1416.829)]
[130.95, [440.4, 68.58, 28.96, 62.29, 304.48, 21.25, 239.26, 23.49, 181.75, 21.41, 98.89, 22.1], (130.1021, 537.6215, 1418.72)]
[141.71, [440.4, 68.58, 28.96, 29.48, 298.01, 21.25, 239.26, 23.49, 176.68, 21.41, 108.52, 21.72], (132.5758, 549.665, 1400.025)]
[164.43, [440.4, 68.58, 28.96, 29.48, 298.01, 21.25, 239.26, 23.97, 176.68, 20.73, 108.52, 21.72], (133.0755, 554.8999, 1406.885)]
[168.65, [440.4, 68.58, 28.96, 1.37, 298.01, 19.73, 258.62, 23.49, 161.73, 21.41, 98.89, 21.6], (136.5227, 540.6778, 1322.917)]
[190.29, [440.4, 68.58, 28.96, 29.48, 298.01, 21.25, 239.26, 23.05, 181.75, 21.41, 98.89, 22.1], (135.4941, 545.5544, 1374.838)]
[208.75, [440.4, 68.58, 28.96, 11.43, 299.99, 22.65, 238.44, 22.51, 195.47, 21.23, 98.89, 22.44], (137.9746, 531.9879, 1316.492)]
[285.89, [440.4, 68.58, 28.96, 11.43, 290.01, 23.73, 238.44, 22.51, 195.47, 21.41, 98.89, 20.53], (137.9537, 553.7231, 1372.733)]
[344.16, [440.4, 68.58, 28.96, 14.86, 298.01, 23.1, 253.17, 22.18, 189.44, 22.77, 104.96, 23.35], (122.7762, 482.2808, 1232.783)]
[452.2, [440.4, 68.58, 28.96, 14.86, 353.92, 21.25, 258.62, 22.18, 189.44, 22.77, 108.52, 23.35], (123.0544, 465.004, 1130.288)]
[469.82, [440.4, 68.58, 28.96, 27.81, 326.0, 22.19, 258.4, 22.82, 171.93, 19.48, 117.42, 22.89], (143.612, 533.5457, 1309.762)]
[529.5, [440.4, 68.58, 28.96, 62.29, 291.13, 21.92, 238.44, 22.51, 195.47, 21.41, 98.89, 22.1], (139.767, 573.0691, 1519.879)]
[548.34, [440.4, 68.58, 28.96, 62.29, 281.02, 23.73, 238.44, 22.51, 195.47, 21.41, 98.89, 20.43], (138.6551, 587.6543, 1572.458)]
[757.76, [440.4, 68.58, 28.96, 39.36, 304.49, 21.25, 258.62, 23.49, 176.68, 21.41, 98.89, 23.37], (125.6056, 543.7298, 689.6756)]
[1363.56, [440.4, 68.58, 28.96, 62.29, 353.92, 21.25, 258.62, 25.26, 176.68, 21.41, 108.52, 21.72], (107.5558, 445.678, 1143.738)]
[1415.46, [440.4, 68.58, 28.96, 14.86, 353.92, 21.25, 239.26, 23.97, 181.75, 21.41, 98.89, 20.41], (123.3533, 124.9597, 494.7037)]
[1965.99, [440.4, 68.58, 28.96, 65.19, 332.83, 20.41, 267.38, 21.08, 171.85, 20.68, 97.95, 19.31], (161.7018, 603.9223, 1476.72)]
[3314.95, [440.4, 68.58, 28.96, 48.17, 323.49, 19.16, 244.33, 18.8, 160.35, 21.71, 89.69, 22.21], (176.1383, 627.725, 1467.12)]
[10071.81, [440.4, 68.58, 28.96, 54.08, 349.72, 16.44, 230.79, 22.39, 184.35, 15.23, 101.17, 20.46], (32.60371, 575.8847, 1021.556)]
[10420.17, [440.4, 68.58, 28.96, 62.29, 298.01, 19.73, 259.06, 23.49, 175.52, 21.41, 98.89, 21.6], (33.32632, 134.5107, 902.0795)]
[11694.49, [440.4, 68.58, 28.96, 42.24, 353.11, 18.73, 239.99, 19.03, 214.54, 15.07, 127.15, 19.05], (236.6363, 806.7688, 1833.014)]
[12370.09, [440.4, 68.58, 28.96, 62.29, 298.01, 21.25, 258.62, 23.49, 176.68, 21.41, 108.52, 21.72], (244.6748, 556.2074, 1495.518)]
[86441.85, [440.4, 68.58, 28.96, 29.48, 298.01, 22.36, 225.93, 23.97, 181.75, 21.41, 98.89, 22.1], (545.568, 1376.948, 2429.214)]
[142936.51, [440.4, 68.58, 28.96, 29.48, 298.01, 21.25, 259.59, 23.49, 176.68, 21.41, 108.52, 21.72], (710.836, 1984.674, 3092.412)]

Population size: 30
Number of couples: 13
Number of kept parents: 0
Best parent kept: False
Mutation Probability: 0.08
Mutation range (x, y): 15, 2