[32.25, [440.4, 68.58, 28.96, 11.43, 299.67, 21.25, 263.58, 23.49, 188.14, 21.41, 94.65, 21.84], (132.1557, 520.0255, 1294.666)]
[35.21, [440.4, 68.58, 28.96, 11.43, 299.67, 21.25, 253.17, 23.49, 176.68, 21.59, 94.65, 21.84], (130.1255, 517.254, 1284.623)]
[86.42, [440.4, 68.58, 28.96, 11.43, 299.67, 21.25, 263.58, 23.49, 176.68, 21.18, 82.91, 21.84], (132.445, 511.1947, 1254.613)]
[99.84, [440.4, 68.58, 28.96, 11.43, 275.55, 23.19, 254.74, 23.49, 176.68, 21.59, 92.94, 21.84], (126.6584, 513.0911, 1303.137)]
[110.74, [440.4, 68.58, 28.96, 18.46, 299.85, 22.26, 243.78, 23.49, 176.68, 20.31, 82.91, 22.82], (133.5304, 511.5069, 1253.929)]
[162.88, [440.4, 68.58, 28.96, 58.03, 356.13, 21.6, 257.22, 22.45, 154.42, 22.49, 133.42, 15.74], (133.094, 545.5577, 1414.252)]
[213.87, [440.4, 68.58, 28.96, 11.43, 289.57, 23.19, 254.74, 23.95, 175.17, 21.41, 118.32, 20.24], (125.0634, 535.7314, 1371.656)]
[235.49, [440.4, 68.58, 28.96, 18.46, 299.85, 22.62, 253.17, 23.49, 189.07, 20.63, 133.25, 22.23], (135.3351, 553.5884, 1417.119)]
[320.2, [440.4, 68.58, 28.96, 18.46, 314.12, 22.12, 253.17, 22.84, 161.84, 21.43, 93.89, 16.65], (138.5189, 561.2035, 1376.462)]
[382.68, [440.4, 68.58, 28.96, 23.3, 356.13, 21.6, 257.22, 22.45, 178.31, 20.63, 119.68, 22.23], (140.6778, 516.9259, 1241.61)]
[447.19, [440.4, 68.58, 28.96, 58.03, 299.85, 22.26, 253.17, 23.49, 176.68, 22.68, 108.04, 19.97], (120.6107, 525.0834, 1427.614)]
[499.38, [440.4, 68.58, 28.96, 18.46, 299.67, 21.25, 263.58, 23.49, 164.74, 22.98, 91.68, 20.24], (118.8325, 492.9362, 1253.75)]
[543.25, [440.4, 68.58, 28.96, 48.3, 299.85, 22.26, 244.12, 23.49, 174.6, 22.5, 108.42, 22.64], (117.3135, 492.2011, 1324.334)]
[594.3, [440.4, 68.58, 28.96, 11.43, 285.43, 22.26, 253.17, 23.41, 176.68, 20.63, 133.25, 20.91], (141.2681, 592.3541, 1495.268)]
[1327.98, [440.4, 68.58, 28.96, 58.03, 360.05, 24.62, 254.74, 23.95, 189.36, 21.41, 118.32, 21.84], (108.8116, 432.9891, 1102.403)]
[1496.26, [440.4, 68.58, 28.96, 11.43, 289.57, 23.19, 254.74, 23.49, 176.68, 21.59, 95.34, 21.84], (126.9428, 1073.989, 2177.52)]
[1834.07, [440.4, 68.58, 28.96, 17.77, 296.57, 22.72, 263.63, 17.48, 151.34, 18.06, 113.13, 18.25], (109.7348, 216.1123, 748.921)]
[1847.97, [440.4, 68.58, 28.96, 18.46, 299.85, 21.25, 253.17, 23.49, 176.68, 21.59, 94.65, 21.84], (114.3466, 130.5627, 521.0383)]
[2716.84, [440.4, 68.58, 28.96, 18.46, 299.85, 22.26, 253.17, 23.49, 189.07, 20.63, 133.25, 22.23], (90.42947, 547.3917, 1434.538)]
[3533.97, [440.4, 68.58, 28.96, 10.35, 299.85, 22.26, 253.17, 26.7, 176.68, 21.41, 108.52, 22.64], (95.02174, 1136.365, 2087.745)]
[3857.26, [440.4, 68.58, 28.96, 51.71, 301.44, 15.31, 244.34, 24.58, 178.31, 20.63, 119.68, 22.23], (150.1494, 1756.95, 3081.411)]
[5339.15, [440.4, 68.58, 28.96, 72.88, 312.6, 19.32, 258.04, 22.66, 186.66, 17.06, 118.1, 17.28], (189.6814, 763.8215, 1889.989)]
[6624.47, [440.4, 68.58, 28.96, 48.32, 317.95, 21.95, 263.84, 17.7, 149.22, 19.82, 135.85, 17.9], (201.8417, 720.5902, 1749.069)]
[9869.0, [440.4, 68.58, 28.96, 11.43, 299.67, 21.25, 263.58, 23.49, 162.56, 22.98, 85.95, 21.84], (39.46569, 115.7541, 577.2225)]
[48972.64, [440.4, 68.58, 28.96, 11.43, 299.67, 21.25, 245.3, 23.49, 176.68, 21.59, 94.65, 21.84], (412.3521, 1289.038, 2275.183)]
[57624.5, [440.4, 68.58, 28.96, 58.03, 356.13, 21.6, 257.22, 22.45, 178.31, 20.63, 119.68, 22.23], (445.6631, 1136.936, 2451.897)]
[62636.17, [440.4, 68.58, 28.96, 18.46, 299.85, 22.26, 253.17, 23.49, 168.41, 22.98, 91.68, 20.24], (464.6336, 1237.189, 2238.809)]
[82987.54, [440.4, 68.58, 28.96, 11.43, 296.02, 21.6, 254.05, 22.45, 193.18, 21.31, 81.11, 21.84], (534.68, 1314.054, 2341.969)]
[87248.47, [440.4, 68.58, 28.96, 11.43, 292.25, 22.26, 253.17, 24.1, 202.65, 20.63, 133.25, 22.23], (551.9205, 1213.323, 1451.468)]
[93874.86, [440.4, 68.58, 28.96, 11.43, 299.85, 22.26, 253.17, 23.49, 162.23, 20.31, 82.91, 21.84], (573.3553, 1237.783, 1372.207)]

Population size: 30
Number of couples: 13
Number of kept parents: 0
Best parent kept: True
Mutation Probability: 0.08
Mutation range (x, y): 15, 2