[72.59, [440.4, 68.58, 28.96, 29.48, 298.01, 21.25, 239.26, 23.49, 181.75, 21.41, 98.89, 22.1], (131.5034, 537.1102, 1361.13)]
[115.78, [440.4, 68.58, 28.96, 29.48, 298.01, 21.25, 239.26, 23.97, 181.75, 21.41, 98.89, 22.1], (127.0209, 527.6923, 1345.623)]
[130.95, [440.4, 68.58, 28.96, 62.29, 304.48, 21.25, 239.26, 23.49, 181.75, 21.41, 98.89, 22.1], (130.1021, 537.6215, 1418.72)]
[133.26, [440.4, 68.58, 28.96, 62.29, 298.01, 21.25, 258.62, 23.49, 176.68, 21.41, 98.89, 21.6], (130.3872, 536.4188, 1425.441)]
[139.56, [440.4, 68.58, 28.96, 12.82, 342.78, 18.93, 225.9, 23.49, 161.84, 21.58, 86.76, 21.46], (134.0694, 520.0366, 1230.549)]
[177.3, [440.4, 68.58, 28.96, 62.29, 298.01, 21.25, 258.62, 23.49, 176.68, 21.41, 108.52, 21.72], (130.8551, 544.3285, 1464.264)]
[196.78, [440.4, 68.58, 28.96, 62.29, 298.01, 19.73, 258.62, 23.49, 161.73, 21.41, 98.89, 21.6], (133.0909, 548.6412, 1445.139)]
[219.44, [440.4, 68.58, 28.96, 62.29, 298.01, 21.25, 243.82, 23.49, 172.82, 21.41, 108.94, 21.6], (131.6268, 555.7069, 1487.777)]
[235.93, [440.4, 68.58, 28.96, 62.29, 298.01, 21.25, 253.17, 22.18, 189.44, 22.77, 108.52, 23.35], (125.6412, 524.137, 1425.557)]
[252.98, [440.4, 68.58, 28.96, 14.86, 353.92, 21.25, 258.62, 23.49, 176.68, 21.41, 108.52, 21.72], (127.1995, 483.5603, 1163.532)]
[252.98, [440.4, 68.58, 28.96, 14.86, 353.92, 21.25, 258.62, 23.49, 176.68, 21.41, 108.52, 21.72], (127.1995, 483.5603, 1163.532)]
[298.73, [440.4, 68.58, 28.96, 11.43, 290.01, 23.73, 238.44, 22.51, 195.47, 21.41, 98.89, 20.43], (138.1512, 555.3459, 1375.981)]
[322.28, [440.4, 68.58, 28.96, 29.48, 298.01, 21.25, 239.26, 23.49, 161.84, 22.35, 104.36, 22.65], (121.4326, 501.6871, 1294.709)]
[364.87, [440.4, 68.58, 28.96, 14.86, 364.93, 21.25, 269.96, 23.49, 176.68, 21.41, 98.89, 21.6], (126.0577, 467.0629, 1103.146)]
[469.81, [440.4, 68.58, 28.96, 27.81, 326.0, 22.19, 258.4, 22.82, 171.93, 19.48, 117.42, 22.89], (143.612, 533.5457, 1309.758)]
[941.13, [440.4, 68.58, 28.96, 11.43, 299.99, 22.65, 238.44, 22.51, 195.47, 21.23, 98.89, 21.6], (140.2062, 546.2099, 677.8432)]
[1407.22, [440.4, 68.58, 28.96, 12.82, 333.32, 20.86, 239.26, 23.49, 161.84, 22.35, 86.76, 21.46], (126.9145, 1066.481, 2095.142)]
[1677.92, [440.4, 68.58, 28.96, 62.29, 291.13, 21.25, 239.26, 20.52, 164.39, 21.41, 102.94, 22.64], (157.1403, 604.5502, 1553.89)]
[1871.3, [440.4, 68.58, 28.96, 29.48, 298.01, 21.25, 258.62, 23.49, 176.68, 21.41, 98.89, 23.37], (126.8258, 1287.338, 2335.728)]
[2300.47, [440.4, 68.58, 28.96, 11.43, 298.01, 21.25, 251.57, 20.95, 142.78, 19.92, 100.59, 21.46], (166.3367, 598.9532, 1415.625)]
[2336.02, [440.4, 68.58, 28.96, 64.8, 319.73, 19.58, 269.21, 22.09, 192.73, 21.55, 143.46, 16.83], (161.0109, 697.5909, 1810.362)]
[2510.55, [440.4, 68.58, 28.96, 41.41, 357.42, 22.61, 225.18, 20.08, 170.82, 19.79, 74.02, 17.1], (168.9179, 604.0971, 1385.654)]
[2572.87, [440.4, 68.58, 28.96, 62.29, 298.01, 21.25, 258.62, 23.49, 176.68, 20.73, 108.52, 21.72], (143.1899, 1260.624, 2708.199)]
[3308.92, [440.4, 68.58, 28.96, 11.43, 299.85, 22.53, 247.78, 22.42, 216.68, 16.77, 106.26, 21.66], (175.3749, 640.0256, 1525.564)]
[5304.39, [440.4, 68.58, 28.96, 59.14, 348.87, 15.99, 280.48, 16.35, 178.96, 19.59, 90.16, 19.27], (76.91538, 1123.004, 2055.874)]
[6457.47, [440.4, 68.58, 28.96, 11.43, 298.01, 20.54, 262.79, 24.3, 174.6, 21.41, 107.32, 22.64], (60.34106, 172.9282, 1499.329)]
[17938.96, [440.4, 68.58, 28.96, 31.87, 302.63, 21.25, 239.26, 23.49, 181.75, 21.41, 98.89, 22.1], (267.7183, 1348.476, 2403.051)]
[45876.95, [440.4, 68.58, 28.96, 62.29, 298.01, 21.25, 258.62, 23.49, 176.68, 20.6, 84.83, 23.01], (398.726, 1348.295, 2507.913)]
[76092.34, [440.4, 68.58, 28.96, 11.43, 287.94, 22.02, 253.17, 22.66, 181.75, 21.41, 98.89, 22.1], (511.3111, 1300.826, 2401.569)]
[86876.97, [440.4, 68.58, 28.96, 62.29, 291.13, 21.25, 238.44, 22.51, 195.47, 21.41, 98.89, 22.1], (544.1822, 1664.995, 2999.266)]

Population size: 30
Number of couples: 13
Number of kept parents: 0
Best parent kept: False
Mutation Probability: 0.08
Mutation range (x, y): 15, 2