[32.25, [440.4, 68.58, 28.96, 11.43, 299.67, 21.25, 263.58, 23.49, 188.14, 21.41, 94.65, 21.84], (132.1557, 520.0255, 1294.666)]
[35.48, [440.4, 68.58, 28.96, 10.65, 299.67, 21.25, 253.17, 23.49, 176.68, 21.59, 94.65, 21.84], (130.2089, 517.2012, 1283.397)]
[41.1, [440.4, 68.58, 28.96, 11.43, 299.67, 21.25, 263.58, 23.49, 188.14, 21.41, 94.71, 21.76], (132.9251, 521.6875, 1299.286)]
[86.42, [440.4, 68.58, 28.96, 11.43, 299.67, 21.25, 263.58, 23.49, 176.68, 21.18, 82.91, 21.84], (132.445, 511.1947, 1254.613)]
[86.42, [440.4, 68.58, 28.96, 11.43, 299.67, 21.25, 263.58, 23.49, 176.68, 21.18, 82.91, 21.84], (132.445, 511.1947, 1254.613)]
[91.48, [440.4, 68.58, 28.96, 11.43, 299.67, 21.25, 263.58, 24.57, 189.07, 20.63, 126.51, 22.23], (129.9422, 538.3829, 1376.355)]
[99.82, [440.4, 68.58, 28.96, 11.43, 275.55, 23.19, 254.74, 23.49, 176.68, 21.59, 92.94, 21.84], (126.6584, 513.0911, 1303.149)]
[153.93, [440.4, 68.58, 28.96, 58.03, 356.13, 21.6, 257.22, 22.45, 154.42, 22.49, 133.42, 15.74], (133.094, 546.8704, 1403.995)]
[305.02, [440.4, 68.58, 28.96, 18.46, 299.85, 22.26, 253.17, 23.49, 189.07, 20.63, 133.25, 22.23], (136.8184, 559.5662, 1429.666)]
[384.41, [440.4, 68.58, 28.96, 11.43, 299.67, 21.25, 253.17, 22.21, 176.68, 21.59, 94.65, 21.84], (141.4852, 542.1239, 1325.021)]
[397.58, [440.4, 68.58, 28.96, 44.07, 299.85, 22.26, 253.17, 23.49, 176.68, 22.68, 108.04, 19.97], (120.8295, 522.1017, 1389.115)]
[442.3, [440.4, 68.58, 28.96, 58.03, 299.85, 22.26, 253.17, 23.49, 176.68, 22.68, 96.18, 19.97], (119.8172, 513.6087, 1376.171)]
[449.95, [440.4, 68.58, 28.96, 18.46, 299.67, 21.25, 263.58, 23.49, 176.68, 21.18, 82.91, 21.84], (131.7295, 490.3151, 899.8907)]
[552.79, [440.4, 68.58, 28.96, 18.46, 299.85, 22.62, 267.34, 24.45, 188.14, 21.41, 94.65, 21.84], (118.5836, 480.2177, 1226.048)]
[824.48, [440.4, 68.58, 28.96, 11.43, 299.67, 21.25, 263.58, 21.7, 162.56, 21.41, 127.62, 22.22], (147.4534, 566.6208, 1410.432)]
[870.14, [440.4, 68.58, 28.96, 18.46, 314.12, 22.12, 253.17, 21.95, 161.84, 21.43, 93.89, 16.65], (147.9949, 581.027, 1408.288)]
[1108.84, [440.4, 68.58, 28.96, 11.43, 299.67, 21.25, 254.74, 21.53, 187.62, 21.59, 92.94, 21.84], (150.3284, 618.4017, 1459.704)]
[1306.89, [440.4, 68.58, 28.96, 18.46, 299.85, 22.26, 243.78, 23.49, 173.97, 20.31, 82.91, 22.82], (134.7517, 854.1109, 2205.99)]
[4013.29, [440.4, 68.58, 28.96, 11.43, 299.85, 22.26, 243.78, 23.49, 176.68, 20.31, 82.91, 22.82], (181.6269, 678.6601, 1543.798)]
[5985.76, [440.4, 68.58, 28.96, 11.43, 289.57, 23.19, 254.74, 23.95, 175.17, 22.98, 85.95, 21.84], (70.24366, 108.9797, 450.529)]
[7815.37, [440.4, 68.58, 28.96, 62.6, 295.73, 19.52, 239.29, 16.39, 183.88, 22.57, 130.26, 16.9], (208.1042, 825.5144, 2026.146)]
[8200.35, [440.4, 68.58, 28.96, 17.77, 296.57, 22.72, 263.63, 17.48, 161.45, 18.06, 113.13, 18.25], (214.1303, 730.0981, 1696.57)]
[9024.24, [440.4, 68.58, 28.96, 61.92, 333.97, 16.74, 276.77, 20.47, 159.93, 14.9, 79.72, 21.28], (220.2788, 731.6496, 1661.729)]
[10169.15, [440.4, 68.58, 28.96, 11.43, 299.67, 22.26, 253.17, 23.49, 189.07, 20.63, 133.25, 22.23], (37.31757, 139.0315, 563.5536)]
[15902.68, [440.4, 68.58, 28.96, 48.48, 326.59, 16.13, 221.76, 15.64, 211.68, 14.9, 87.55, 21.6], (261.5961, 855.0535, 1922.596)]
[32597.14, [440.4, 68.58, 28.96, 48.3, 299.85, 22.26, 244.12, 23.49, 174.6, 23.6, 108.42, 22.64], (342.9202, 1203.321, 2334.124)]
[65677.32, [440.4, 68.58, 28.96, 11.43, 289.02, 23.19, 255.16, 23.49, 188.14, 21.41, 94.65, 21.84], (475.2662, 1284.744, 2295.333)]
[76358.63, [440.4, 68.58, 28.96, 72.88, 312.6, 19.32, 258.04, 22.66, 186.66, 17.06, 118.1, 17.28], (511.9384, 1693.096, 2091.96)]
[77689.47, [440.4, 68.58, 28.96, 18.46, 299.85, 21.25, 253.17, 23.49, 176.68, 21.59, 94.65, 21.84], (517.0214, 1295.803, 2326.657)]
[90951.24, [440.4, 68.58, 28.96, 11.43, 275.55, 23.19, 254.74, 23.49, 176.68, 21.59, 101.56, 21.84], (559.8268, 1402.848, 2519.652)]

Population size: 30
Number of couples: 13
Number of kept parents: 0
Best parent kept: True
Mutation Probability: 0.08
Mutation range (x, y): 15, 2