[72.24, [440.4, 68.58, 28.96, 18.03, 342.78, 19.35, 253.17, 22.45, 176.68, 22.66, 102.94, 21.46], (131.6589, 515.666, 1251.255)]
[72.59, [440.4, 68.58, 28.96, 29.48, 298.01, 21.25, 239.26, 23.49, 181.75, 21.41, 98.89, 22.1], (131.5034, 537.1102, 1361.13)]
[91.79, [440.4, 68.58, 28.96, 11.43, 294.58, 21.25, 253.17, 22.66, 142.78, 22.35, 86.76, 21.46], (130.0791, 505.9816, 1239.895)]
[108.24, [440.4, 68.58, 28.96, 62.29, 298.01, 21.25, 258.62, 23.49, 176.68, 20.6, 84.83, 22.64], (133.809, 525.3846, 1362.377)]
[110.97, [440.4, 68.58, 28.96, 11.43, 299.85, 22.53, 258.62, 23.49, 176.68, 21.41, 98.89, 21.6], (127.927, 505.8613, 1263.574)]
[133.26, [440.4, 68.58, 28.96, 62.29, 298.01, 21.25, 258.62, 23.49, 176.68, 21.41, 98.89, 21.6], (130.3872, 536.4188, 1425.441)]
[169.72, [440.4, 68.58, 28.96, 62.29, 298.01, 21.25, 243.82, 23.49, 176.68, 21.41, 98.89, 21.6], (131.2564, 547.6674, 1450.478)]
[174.62, [440.4, 68.58, 28.96, 12.82, 333.32, 22.65, 238.44, 22.51, 195.47, 21.41, 98.89, 21.6], (135.0352, 510.016, 1233.502)]
[177.33, [440.4, 68.58, 28.96, 62.29, 298.01, 21.25, 258.62, 23.49, 176.68, 21.41, 108.52, 21.72], (130.8551, 544.3285, 1464.298)]
[205.12, [440.4, 68.58, 28.96, 11.43, 298.01, 20.54, 260.58, 24.3, 174.6, 21.41, 104.36, 22.64], (124.4169, 505.353, 1282.674)]
[205.93, [440.4, 68.58, 28.96, 11.43, 312.44, 22.53, 258.62, 23.49, 176.68, 21.41, 98.89, 21.6], (126.5313, 493.4628, 1220.588)]
[207.18, [440.4, 68.58, 28.96, 62.29, 295.38, 21.25, 258.62, 23.49, 176.68, 21.91, 98.89, 21.6], (126.3699, 527.5366, 1417.367)]
[208.93, [440.4, 68.58, 28.96, 11.43, 299.99, 21.25, 253.17, 22.66, 161.84, 21.05, 108.52, 23.35], (138.1828, 525.405, 1301.421)]
[222.79, [440.4, 68.58, 28.96, 62.29, 348.84, 21.22, 258.62, 23.49, 174.6, 21.41, 104.36, 21.46], (125.7535, 490.5958, 1231.8)]
[251.31, [440.4, 68.58, 28.96, 12.16, 342.78, 21.25, 253.17, 22.18, 189.44, 21.41, 108.52, 23.35], (136.4036, 501.1264, 1211.133)]
[274.27, [440.4, 68.58, 28.96, 11.43, 298.01, 21.22, 251.57, 24.3, 174.6, 21.41, 104.36, 22.64], (123.0055, 502.3646, 1272.906)]
[365.66, [440.4, 68.58, 28.96, 11.43, 298.01, 21.25, 253.17, 22.66, 161.84, 22.35, 86.76, 21.46], (122.6655, 443.7785, 1254.502)]
[390.22, [440.4, 68.58, 28.96, 62.29, 291.13, 21.25, 239.26, 23.49, 161.84, 22.35, 104.36, 22.64], (121.5226, 516.3592, 1408.289)]
[443.09, [440.4, 68.58, 28.96, 62.29, 291.13, 21.25, 239.26, 23.49, 181.75, 20.6, 84.83, 21.46], (138.8303, 570.7365, 1476.726)]
[814.94, [440.4, 68.58, 28.96, 29.48, 348.84, 21.22, 251.57, 20.95, 142.78, 21.41, 100.59, 21.46], (148.5364, 527.9099, 1243.988)]
[3076.54, [440.4, 68.58, 28.96, 12.82, 342.78, 18.93, 225.9, 20.52, 176.68, 21.41, 102.94, 22.64], (161.3961, 1009.444, 2207.176)]
[3314.84, [440.4, 68.58, 28.96, 62.29, 291.13, 21.25, 253.17, 23.49, 181.75, 20.04, 108.52, 23.35], (94.45207, 145.6573, 563.4468)]
[6259.45, [440.4, 68.58, 28.96, 55.29, 294.68, 17.46, 247.78, 22.42, 216.68, 16.77, 106.26, 21.66], (197.8907, 748.6137, 1848.489)]
[8009.78, [440.4, 68.58, 28.96, 42.45, 332.84, 17.54, 245.0, 20.76, 154.95, 16.32, 132.82, 19.4], (211.7182, 772.3011, 1791.654)]
[9211.21, [440.4, 68.58, 28.96, 11.43, 298.01, 21.25, 244.46, 23.08, 161.84, 22.35, 104.36, 22.64], (44.17116, 140.2869, 544.6462)]
[10007.88, [440.4, 68.58, 28.96, 11.43, 298.01, 21.25, 244.46, 22.66, 181.75, 20.6, 84.83, 22.64], (38.54418, 144.2365, 542.3051)]
[10407.27, [440.4, 68.58, 28.96, 62.29, 348.84, 21.22, 258.62, 23.49, 174.6, 21.41, 104.36, 22.64], (29.53926, 462.0389, 1153.743)]
[11407.46, [440.4, 68.58, 28.96, 11.43, 298.01, 21.25, 253.17, 22.66, 142.78, 21.05, 84.83, 22.64], (22.39877, 478.2422, 1234.005)]
[26190.59, [440.4, 68.58, 28.96, 11.43, 298.01, 21.25, 253.17, 22.66, 161.58, 24.09, 86.76, 21.46], (313.8656, 1071.996, 2183.522)]
[59896.56, [440.4, 68.58, 28.96, 29.48, 348.84, 20.54, 271.49, 22.66, 142.78, 21.93, 100.59, 21.46], (455.2139, 1153.847, 2145.823)]

Population size: 30
Number of couples: 14
Number of kept parents: 0
Best parent kept: False
Mutation Probability: 0.08
Mutation range (x, y): 15, 2