[22.8, [440.4, 68.58, 28.96, 19.35, 299.85, 21.25, 257.42, 23.49, 176.68, 21.41, 108.52, 22.64], (129.6528, 518.0069, 1313.193)]
[25.44, [440.4, 68.58, 28.96, 11.43, 299.67, 21.25, 263.58, 23.49, 177.67, 21.41, 94.65, 21.84], (131.1725, 515.09, 1293.007)]
[36.11, [440.4, 68.58, 28.96, 11.43, 299.85, 21.25, 253.17, 23.49, 176.68, 21.59, 94.65, 21.84], (130.1052, 517.0789, 1284.146)]
[55.96, [440.4, 68.58, 28.96, 11.43, 299.85, 21.25, 253.17, 23.49, 164.74, 21.41, 91.68, 21.84], (130.5222, 515.8508, 1261.135)]
[96.85, [440.4, 68.58, 28.96, 11.43, 289.57, 23.19, 253.17, 23.49, 175.17, 21.41, 118.32, 21.84], (127.2635, 522.2539, 1337.111)]
[101.72, [440.4, 68.58, 28.96, 11.43, 299.85, 22.26, 244.12, 23.49, 174.6, 21.41, 108.52, 22.64], (127.5238, 508.9025, 1280.411)]
[110.15, [440.4, 68.58, 28.96, 18.46, 299.85, 22.26, 253.17, 23.49, 176.68, 21.18, 82.91, 21.84], (128.8779, 503.2022, 1244.946)]
[116.93, [440.4, 68.58, 28.96, 11.43, 314.12, 21.25, 253.17, 22.98, 176.68, 21.41, 108.04, 21.84], (135.5922, 527.6337, 1300.057)]
[121.32, [440.4, 68.58, 28.96, 27.68, 298.01, 23.19, 253.17, 22.13, 161.84, 21.43, 94.65, 21.84], (135.1608, 514.8779, 1285.845)]
[302.98, [440.4, 68.58, 28.96, 27.68, 298.01, 22.26, 253.17, 23.49, 176.68, 21.41, 73.63, 22.64], (124.5103, 482.5405, 1204.091)]
[327.87, [440.4, 68.58, 28.96, 11.43, 299.85, 21.25, 257.42, 22.36, 176.68, 21.41, 108.52, 22.64], (140.1015, 539.0144, 1337.15)]
[373.51, [440.4, 68.58, 28.96, 58.03, 356.13, 21.6, 254.05, 22.45, 178.31, 20.63, 133.25, 22.23], (140.8251, 537.1758, 1350.911)]
[503.08, [440.4, 68.58, 28.96, 20.83, 294.33, 22.72, 253.17, 23.49, 165.94, 22.35, 104.36, 21.84], (118.7859, 487.0704, 1258.336)]
[539.93, [440.4, 68.58, 28.96, 5.77, 299.85, 21.25, 253.17, 23.49, 165.94, 22.35, 104.36, 23.69], (119.4674, 473.9262, 1199.684)]
[578.47, [440.4, 68.58, 28.96, 10.35, 302.11, 22.34, 253.17, 23.49, 175.17, 22.48, 108.52, 22.64], (118.2455, 477.3669, 1221.075)]
[705.07, [440.4, 68.58, 28.96, 11.43, 294.33, 22.72, 253.17, 23.49, 165.94, 22.35, 111.93, 22.56], (118.5743, 670.8773, 1178.841)]
[779.53, [440.4, 68.58, 28.96, 10.35, 314.12, 22.12, 253.17, 22.13, 161.84, 21.43, 93.89, 16.65], (146.8893, 576.4498, 1389.882)]
[1126.37, [440.4, 68.58, 28.96, 11.43, 287.48, 21.25, 253.17, 23.49, 176.68, 21.41, 107.77, 22.64], (131.9825, 184.9253, 532.7325)]
[1309.67, [440.4, 68.58, 28.96, 11.43, 299.85, 22.26, 253.17, 24.31, 176.68, 22.55, 73.63, 22.64], (108.9833, 437.9987, 1103.645)]
[1606.08, [440.4, 68.58, 28.96, 11.43, 341.24, 15.43, 247.77, 21.28, 176.68, 21.59, 94.65, 21.84], (158.0613, 603.7517, 1411.353)]
[1774.1, [440.4, 68.58, 28.96, 11.43, 285.43, 22.26, 253.17, 23.41, 176.68, 21.31, 81.11, 21.84], (132.7431, 1262.372, 2316.293)]
[5060.13, [440.4, 68.58, 28.96, 11.43, 299.85, 21.25, 253.17, 23.49, 184.93, 21.41, 94.65, 22.56], (80.95397, 140.449, 151.3924)]
[6121.47, [440.4, 68.58, 28.96, 51.69, 354.63, 20.33, 250.61, 16.11, 174.41, 20.25, 76.68, 20.62], (200.3498, 661.4552, 1492.816)]
[6752.97, [440.4, 68.58, 28.96, 58.03, 356.13, 21.6, 254.05, 22.45, 178.31, 20.63, 133.25, 22.23], (62.87637, 140.8251, 537.1758)]
[6851.05, [440.4, 68.58, 28.96, 11.43, 299.85, 21.25, 257.42, 23.49, 176.68, 21.41, 108.52, 22.64], (55.08522, 646.6302, 1170.416)]
[13238.87, [440.4, 68.58, 28.96, 30.51, 293.82, 21.26, 233.42, 17.42, 213.92, 18.49, 138.49, 20.84], (240.3149, 1467.827, 2143.805)]
[49425.16, [440.4, 68.58, 28.96, 11.43, 299.85, 21.25, 257.42, 23.49, 176.68, 21.41, 108.52, 22.64], (413.98, 1279.555, 2326.871)]
[71564.86, [440.4, 68.58, 28.96, 25.08, 299.85, 19.72, 253.17, 23.49, 184.93, 21.41, 83.38, 21.84], (495.7156, 1312.441, 2378.555)]
[104856.85, [440.4, 68.58, 28.96, 37.16, 299.85, 22.26, 253.17, 24.36, 173.02, 21.41, 94.65, 21.84], (603.6226, 1477.589, 2402.051)]
[180873.38, [440.4, 68.58, 28.96, 17.01, 353.21, 17.8, 245.1, 15.04, 157.26, 16.7, 85.17, 16.51], (811.4492, 1871.146, 3262.399)]

Population size: 30
Number of couples: 13
Number of kept parents: 0
Best parent kept: True
Mutation Probability: 0.08
Mutation range (x, y): 15, 2