[31.52, [440.4, 68.58, 28.96, 11.43, 299.67, 21.25, 263.58, 23.49, 188.14, 21.41, 94.71, 21.76], (132.3622, 521.406, 1297.741)]
[31.92, [440.4, 68.58, 28.96, 11.43, 299.67, 21.25, 263.58, 23.49, 188.14, 21.41, 94.71, 21.84], (132.1575, 520.0865, 1294.964)]
[38.05, [440.4, 68.58, 28.96, 18.46, 299.67, 21.25, 268.33, 23.49, 176.68, 21.18, 94.65, 21.84], (132.1708, 517.298, 1291.858)]
[77.8, [440.4, 68.58, 28.96, 11.43, 299.67, 21.25, 253.17, 23.49, 176.68, 21.18, 82.91, 21.84], (132.9285, 517.4819, 1266.87)]
[86.42, [440.4, 68.58, 28.96, 11.43, 299.67, 21.25, 263.58, 23.49, 176.68, 21.18, 82.91, 21.84], (132.445, 511.1949, 1254.617)]
[90.81, [440.4, 68.58, 28.96, 11.43, 275.55, 23.19, 254.74, 23.49, 176.68, 21.59, 92.94, 21.76], (126.8226, 514.3854, 1305.901)]
[91.57, [440.4, 68.58, 28.96, 11.43, 299.67, 21.25, 268.33, 23.49, 176.68, 21.18, 82.91, 21.84], (132.2392, 508.3375, 1248.511)]
[91.57, [440.4, 68.58, 28.96, 11.43, 299.67, 21.25, 268.33, 23.49, 176.68, 21.18, 82.91, 21.84], (132.2392, 508.3375, 1248.511)]
[139.3, [440.4, 68.58, 28.96, 4.61, 299.67, 21.25, 263.58, 23.49, 176.68, 22.68, 108.04, 19.97], (125.5727, 525.0501, 1325.668)]
[219.82, [440.4, 68.58, 28.96, 11.43, 299.85, 22.26, 262.8, 22.21, 176.68, 21.59, 94.65, 21.84], (138.0101, 521.9087, 1282.732)]
[291.47, [440.4, 68.58, 28.96, 18.46, 314.12, 21.25, 263.58, 23.49, 176.68, 21.61, 69.1, 21.84], (126.0223, 479.9188, 1164.854)]
[394.99, [440.4, 68.58, 28.96, 18.46, 299.67, 21.25, 263.58, 24.57, 176.68, 21.18, 82.91, 21.84], (121.5794, 489.4181, 1227.55)]
[404.87, [440.4, 68.58, 28.96, 18.46, 299.67, 20.46, 268.33, 23.49, 176.68, 21.18, 108.04, 19.97], (139.2805, 568.4262, 1421.433)]
[550.53, [440.4, 68.58, 28.96, 58.03, 356.13, 21.6, 257.22, 22.45, 154.42, 22.49, 82.91, 21.84], (122.0587, 451.6944, 1088.174)]
[893.74, [440.4, 68.58, 28.96, 11.43, 299.67, 21.25, 263.58, 23.49, 176.68, 21.18, 125.78, 15.74], (144.6059, 632.879, 1579.989)]
[923.35, [440.4, 68.58, 28.96, 10.65, 299.67, 21.25, 263.58, 23.49, 188.14, 21.59, 92.94, 21.84], (130.5608, 394.5797, 514.7198)]
[954.47, [440.4, 68.58, 28.96, 11.43, 299.67, 21.25, 263.58, 23.49, 176.68, 21.18, 133.42, 15.74], (145.0788, 641.0856, 1605.941)]
[1057.77, [440.4, 68.58, 28.96, 44.07, 299.67, 22.12, 253.17, 21.95, 161.84, 21.43, 93.89, 16.65], (148.8695, 604.6926, 1517.185)]
[2446.31, [440.4, 68.58, 28.96, 21.71, 275.55, 23.19, 254.74, 23.49, 176.68, 21.59, 141.44, 21.84], (105.0174, 129.3584, 565.8541)]
[3468.75, [440.4, 68.58, 28.96, 45.92, 357.8, 21.42, 268.73, 22.09, 215.56, 18.92, 119.36, 14.91], (175.8415, 684.4608, 1594.109)]
[7807.61, [440.4, 68.58, 28.96, 11.43, 275.55, 22.87, 254.74, 23.49, 176.68, 21.59, 92.94, 21.84], (48.93925, 130.3886, 1301.662)]
[9217.17, [440.4, 68.58, 28.96, 44.07, 299.85, 22.26, 253.17, 23.49, 176.68, 22.68, 82.91, 21.84], (44.82003, 115.5524, 472.9934)]
[11094.64, [440.4, 68.58, 28.96, 18.46, 299.67, 21.25, 263.58, 23.49, 176.68, 21.18, 82.91, 21.84], (31.43639, 131.7315, 511.647)]
[11616.48, [440.4, 68.58, 28.96, 11.43, 299.67, 21.25, 263.58, 23.49, 188.14, 21.41, 94.71, 21.76], (22.99466, 134.9985, 1275.282)]
[11654.88, [440.4, 68.58, 28.96, 10.65, 299.67, 21.25, 263.58, 23.49, 188.14, 21.41, 82.91, 21.84], (21.79389, 353.5945, 1205.833)]
[13840.33, [440.4, 68.58, 28.96, 58.76, 319.86, 17.88, 251.71, 18.62, 200.54, 14.81, 132.63, 19.73], (248.4931, 866.2959, 2039.426)]
[47976.39, [440.4, 68.58, 28.96, 11.43, 299.67, 21.25, 263.58, 23.49, 176.68, 21.18, 82.91, 21.99], (412.9036, 615.9309, 1813.162)]
[73194.21, [440.4, 68.58, 28.96, 11.43, 275.55, 23.19, 254.74, 24.32, 176.68, 21.41, 94.65, 21.84], (501.2641, 1304.9, 2419.578)]
[81223.27, [440.4, 68.58, 28.96, 14.77, 299.67, 22.58, 263.58, 23.49, 188.14, 20.08, 94.65, 21.84], (528.781, 1307.763, 2355.717)]
[156298.66, [440.4, 68.58, 28.96, 47.02, 356.38, 20.35, 271.95, 16.15, 165.55, 16.89, 75.41, 17.81], (748.5643, 1647.803, 2942.605)]

Population size: 30
Number of couples: 13
Number of kept parents: 0
Best parent kept: True
Mutation Probability: 0.04
Mutation range (x, y): 15, 1