[72.59, [440.4, 68.58, 28.96, 29.48, 298.01, 21.25, 239.26, 23.49, 181.75, 21.41, 98.89, 22.1], (131.5034, 537.1102, 1361.13)]
[87.53, [440.4, 68.58, 28.96, 49.28, 298.01, 21.25, 259.75, 23.49, 181.75, 21.41, 98.89, 22.1], (129.7639, 527.5889, 1380.579)]
[88.67, [440.4, 68.58, 28.96, 29.48, 298.01, 21.25, 250.5, 23.49, 195.47, 21.41, 98.89, 22.1], (132.1105, 536.4873, 1368.784)]
[106.02, [440.4, 68.58, 28.96, 29.48, 298.01, 21.25, 258.62, 22.18, 189.44, 22.77, 108.52, 22.94], (127.1863, 519.3907, 1341.223)]
[116.93, [440.4, 68.58, 28.96, 62.29, 298.01, 21.25, 258.62, 23.49, 161.73, 21.41, 98.89, 21.6], (128.931, 527.4038, 1395.094)]
[117.36, [440.4, 68.58, 28.96, 29.48, 298.01, 21.25, 247.57, 23.49, 181.75, 21.41, 111.03, 22.1], (131.9036, 543.0639, 1394.289)]
[151.12, [440.4, 68.58, 28.96, 62.29, 304.48, 21.25, 239.26, 23.49, 181.75, 21.63, 98.89, 22.1], (128.3148, 532.5874, 1410.427)]
[164.6, [440.4, 68.58, 28.96, 75.74, 298.01, 21.25, 253.17, 23.49, 176.68, 21.41, 95.3, 21.72], (130.0531, 536.8408, 1452.515)]
[168.55, [440.4, 68.58, 28.96, 62.29, 285.2, 21.25, 258.62, 23.49, 161.73, 21.41, 98.89, 21.6], (130.5263, 543.568, 1454.831)]
[168.65, [440.4, 68.58, 28.96, 1.37, 298.01, 19.73, 258.62, 23.49, 161.73, 21.41, 98.89, 21.6], (136.5227, 540.6778, 1322.917)]
[186.89, [440.4, 68.58, 28.96, 11.43, 299.99, 22.76, 238.44, 22.51, 195.47, 21.23, 98.89, 22.44], (137.5576, 530.1946, 1312.919)]
[194.37, [440.4, 68.58, 28.96, 29.48, 298.01, 21.25, 239.26, 23.05, 182.61, 21.41, 98.89, 22.1], (135.5641, 546.001, 1376.195)]
[194.94, [440.4, 68.58, 28.96, 54.08, 349.72, 21.25, 239.26, 23.49, 192.98, 21.41, 98.89, 22.1], (126.3203, 495.3787, 1236.288)]
[207.38, [440.4, 68.58, 28.96, 14.86, 353.92, 21.25, 239.26, 23.49, 176.68, 21.41, 108.52, 21.72], (127.7391, 492.2976, 1185.602)]
[229.38, [440.4, 68.58, 28.96, 62.29, 298.01, 22.34, 258.62, 23.49, 176.68, 20.38, 98.89, 21.6], (135.0135, 544.3554, 1430.314)]
[253.3, [440.4, 68.58, 28.96, 29.48, 298.01, 21.25, 239.26, 23.97, 187.54, 20.73, 112.77, 21.72], (134.7698, 565.9095, 1440.062)]
[303.05, [440.4, 68.58, 28.96, 29.48, 295.77, 21.25, 239.26, 24.61, 181.75, 21.41, 98.89, 21.54], (122.151, 526.6047, 1352.891)]
[353.07, [440.4, 68.58, 28.96, 19.54, 353.92, 21.25, 258.62, 22.18, 189.44, 21.41, 98.89, 21.6], (139.2334, 510.7093, 1211.947)]
[362.83, [440.4, 68.58, 28.96, 29.48, 298.01, 21.25, 235.22, 24.66, 176.68, 21.41, 108.52, 21.72], (121.1725, 528.6477, 1366.234)]
[425.79, [440.4, 68.58, 28.96, 14.86, 353.92, 21.25, 258.62, 22.18, 203.73, 22.77, 108.52, 23.35], (123.2147, 470.5889, 1144.455)]
[429.32, [440.4, 68.58, 28.96, 11.43, 299.99, 22.65, 238.44, 22.51, 195.47, 21.23, 98.89, 22.44], (137.9553, 290.6118, 1302.333)]
[570.59, [440.4, 68.58, 28.96, 62.29, 291.13, 21.92, 238.44, 22.51, 176.68, 21.41, 108.52, 21.72], (140.0479, 579.0109, 1542.322)]
[652.21, [440.4, 68.58, 28.96, 29.48, 298.01, 20.29, 239.26, 23.49, 176.68, 21.41, 108.52, 19.73], (140.5953, 665.889, 1511.741)]
[754.45, [440.4, 68.58, 28.96, 62.29, 298.01, 21.25, 258.62, 23.49, 161.73, 22.77, 108.52, 23.35], (113.8246, 474.8839, 1314.0)]
[3078.57, [440.4, 68.58, 28.96, 29.48, 298.01, 16.44, 230.79, 22.39, 186.2, 15.23, 87.3, 20.46], (88.13364, 563.7236, 1558.006)]
[5535.77, [440.4, 68.58, 28.96, 62.29, 298.01, 21.25, 252.03, 23.49, 161.73, 21.41, 98.89, 22.98], (181.4224, 1227.502, 2539.283)]
[6619.77, [440.4, 68.58, 28.96, 11.48, 331.59, 14.94, 244.79, 15.27, 196.35, 20.88, 130.53, 22.79], (201.4717, 779.4341, 1732.239)]
[12144.72, [440.4, 68.58, 28.96, 27.19, 346.36, 18.01, 222.55, 15.49, 197.5, 18.92, 94.56, 18.05], (239.9297, 800.3117, 1777.58)]
[12753.42, [440.4, 68.58, 28.96, 69.7, 337.76, 17.6, 286.53, 17.61, 191.14, 14.79, 78.06, 21.13], (244.0197, 777.4841, 1762.282)]
[15580.12, [440.4, 68.58, 28.96, 62.29, 298.01, 21.25, 258.62, 23.49, 176.68, 21.41, 108.52, 23.44], (255.269, 1343.354, 2183.86)]

Population size: 30
Number of couples: 13
Number of kept parents: 0
Best parent kept: True
Mutation Probability: 0.08
Mutation range (x, y): 15, 2