[30.14, [440.4, 68.58, 28.96, 18.46, 299.67, 21.25, 263.58, 23.49, 196.29, 21.41, 94.71, 21.84], (132.3182, 524.632, 1318.422)]
[31.52, [440.4, 68.58, 28.96, 11.43, 299.67, 21.25, 263.58, 23.49, 188.14, 21.41, 94.71, 21.76], (132.3622, 521.406, 1297.741)]
[31.92, [440.4, 68.58, 28.96, 11.43, 299.67, 21.25, 263.58, 23.49, 188.14, 21.41, 94.71, 21.84], (132.1575, 520.0865, 1294.964)]
[31.92, [440.4, 68.58, 28.96, 11.43, 299.67, 21.25, 263.58, 23.49, 188.14, 21.41, 94.71, 21.84], (132.1575, 520.0865, 1294.964)]
[33.45, [440.4, 68.58, 28.96, 11.43, 299.67, 21.25, 262.34, 23.49, 188.14, 21.41, 94.71, 21.84], (129.2906, 520.6612, 1296.056)]
[34.63, [440.4, 68.58, 28.96, 11.43, 299.67, 21.25, 251.42, 23.49, 188.14, 21.41, 94.71, 21.84], (132.803, 527.9082, 1310.034)]
[53.14, [440.4, 68.58, 28.96, 11.43, 299.67, 21.63, 263.58, 23.49, 176.68, 21.18, 94.65, 21.84], (131.9069, 514.4239, 1275.255)]
[57.62, [440.4, 68.58, 28.96, 11.43, 299.67, 21.25, 263.58, 23.49, 176.68, 21.18, 94.71, 21.84], (133.0369, 519.7497, 1287.181)]
[86.37, [440.4, 68.58, 28.96, 11.43, 299.67, 21.25, 263.58, 23.49, 176.68, 21.18, 82.91, 21.84], (132.445, 511.1954, 1254.667)]
[91.57, [440.4, 68.58, 28.96, 11.43, 299.67, 21.25, 268.33, 23.49, 176.68, 21.18, 82.91, 21.84], (132.2392, 508.3375, 1248.511)]
[125.33, [440.4, 68.58, 28.96, 18.46, 299.67, 21.25, 263.58, 23.49, 176.68, 21.59, 80.59, 21.76], (128.2899, 501.8877, 1244.239)]
[130.09, [440.4, 68.58, 28.96, 11.43, 299.67, 21.25, 263.58, 23.49, 176.68, 21.18, 94.65, 21.84], (135.7873, 524.0101, 1289.743)]
[567.54, [440.4, 68.58, 28.96, 58.03, 356.13, 21.6, 257.22, 22.45, 154.42, 22.65, 82.91, 21.84], (120.751, 546.8273, 1083.336)]
[942.18, [440.4, 68.58, 28.96, 16.93, 299.67, 21.25, 263.58, 23.49, 188.14, 21.41, 94.71, 21.84], (131.6341, 376.1356, 520.5038)]
[1059.86, [440.4, 68.58, 28.96, 11.43, 299.67, 21.25, 268.33, 23.49, 176.68, 21.43, 82.91, 21.76], (130.263, 271.6175, 503.9837)]
[2107.82, [440.4, 68.58, 28.96, 11.43, 299.67, 21.25, 263.58, 23.49, 188.14, 21.41, 94.71, 21.84], (102.6164, 512.9896, 1908.437)]
[2664.84, [440.4, 68.58, 28.96, 11.43, 296.45, 21.25, 263.58, 23.49, 188.14, 21.41, 94.65, 21.84], (89.46061, 518.4132, 1307.327)]
[5627.03, [440.4, 68.58, 28.96, 11.43, 299.67, 21.25, 263.58, 23.49, 188.14, 21.41, 94.71, 21.84], (65.95437, 132.4265, 1295.307)]
[5771.62, [440.4, 68.58, 28.96, 17.73, 349.69, 19.8, 252.34, 21.01, 208.0, 18.74, 129.87, 15.89], (195.442, 735.4877, 1671.854)]
[6216.98, [440.4, 68.58, 28.96, 17.87, 357.19, 21.37, 234.32, 16.45, 152.48, 19.91, 90.45, 21.1], (201.7764, 637.0042, 1433.417)]
[7934.93, [440.4, 68.58, 28.96, 11.43, 299.67, 22.58, 263.58, 16.15, 165.55, 16.89, 75.41, 17.81], (213.7698, 241.1154, 1211.092)]
[9575.59, [440.4, 68.58, 28.96, 11.43, 307.09, 21.25, 263.58, 23.49, 188.14, 21.41, 94.71, 21.84], (33.8174, 525.718, 1287.747)]
[10247.53, [440.4, 68.58, 28.96, 11.43, 299.67, 21.25, 263.58, 23.49, 176.68, 21.18, 125.78, 15.74], (40.16177, 68.49705, 146.3393)]
[10568.33, [440.4, 68.58, 28.96, 11.43, 299.67, 20.52, 263.58, 23.49, 188.14, 21.41, 94.71, 21.84], (30.22835, 134.1842, 1216.695)]
[11892.82, [440.4, 68.58, 28.96, 49.93, 332.32, 15.68, 246.1, 19.06, 213.12, 14.96, 130.41, 22.25], (237.137, 825.3995, 1935.359)]
[11974.58, [440.4, 68.58, 28.96, 14.77, 299.67, 20.29, 263.58, 23.49, 188.14, 21.41, 94.71, 21.76], (25.1654, 148.1524, 567.6408)]
[42183.1, [440.4, 68.58, 28.96, 18.46, 314.12, 21.25, 263.58, 23.49, 176.68, 21.61, 69.1, 21.84], (385.8705, 1156.21, 2124.266)]
[73804.38, [440.4, 68.58, 28.96, 11.43, 299.67, 21.25, 263.58, 23.49, 188.14, 21.41, 94.71, 21.84], (503.8273, 1294.892, 2298.463)]
[77486.31, [440.4, 68.58, 28.96, 11.43, 299.67, 21.25, 263.58, 23.49, 188.14, 21.41, 94.71, 21.84], (516.3881, 1306.435, 2299.475)]
[78364.04, [440.4, 68.58, 28.96, 11.43, 275.55, 23.19, 254.74, 23.49, 188.14, 21.41, 94.71, 21.84], (523.0762, 1191.995, 1313.204)]

Population size: 30
Number of couples: 13
Number of kept parents: 0
Best parent kept: True
Mutation Probability: 0.04
Mutation range (x, y): 15, 1