[49.15, [440.0, 69.0, 29.0, 37.32, 337.23, 19.83, 238.51, 22.8, 191.79, 22.26, 89.99, 22.16], (130.7696, 515.3717, 1266.948)]
[80.67, [440.0, 69.0, 29.0, 40.28, 338.93, 19.83, 252.76, 23.2, 184.49, 21.47, 94.85, 22.16], (132.8625, 514.6478, 1265.407)]
[88.7, [440.0, 69.0, 29.0, 37.32, 335.19, 19.75, 249.34, 23.66, 186.04, 21.47, 89.99, 22.16], (129.4452, 507.8481, 1250.831)]
[105.16, [440.0, 69.0, 29.0, 42.64, 337.23, 19.91, 249.34, 23.2, 191.79, 21.47, 77.95, 22.16], (132.2528, 507.5291, 1235.971)]
[112.27, [440.0, 69.0, 29.0, 46.3, 350.56, 19.91, 249.34, 23.2, 181.04, 21.47, 89.99, 22.16], (131.2515, 501.9199, 1220.092)]
[114.38, [440.0, 69.0, 29.0, 30.9, 337.23, 19.91, 249.34, 23.2, 191.79, 21.5, 89.99, 21.64], (134.685, 522.543, 1270.65)]
[116.18, [440.0, 69.0, 29.0, 40.28, 350.56, 19.39, 249.34, 23.2, 189.7, 21.47, 89.99, 22.16], (133.1957, 511.6464, 1240.337)]
[117.75, [440.0, 69.0, 29.0, 40.28, 350.56, 19.91, 249.34, 23.2, 189.7, 21.47, 88.67, 22.16], (131.8528, 503.844, 1220.394)]
[118.93, [440.0, 69.0, 29.0, 37.32, 337.23, 19.91, 249.34, 23.2, 200.45, 21.47, 77.62, 21.88], (133.7468, 514.3471, 1248.357)]
[119.73, [440.0, 69.0, 29.0, 36.89, 337.63, 19.91, 249.34, 23.2, 191.79, 21.47, 77.95, 21.95], (132.9837, 509.6711, 1233.963)]
[132.92, [440.0, 69.0, 29.0, 37.32, 337.23, 19.91, 244.83, 22.89, 191.14, 21.47, 89.99, 22.54], (135.0693, 518.5664, 1267.708)]
[133.12, [440.0, 69.0, 29.0, 37.32, 350.56, 19.83, 249.34, 22.41, 191.79, 22.26, 89.99, 21.2], (134.7632, 520.6115, 1256.163)]
[135.37, [440.0, 69.0, 29.0, 44.78, 361.93, 19.83, 238.51, 22.19, 201.63, 22.26, 89.99, 22.16], (133.9495, 513.5286, 1238.027)]
[139.55, [440.0, 69.0, 29.0, 37.32, 337.23, 19.91, 249.34, 23.2, 185.25, 21.19, 89.99, 22.16], (135.2367, 519.1573, 1265.716)]
[141.01, [440.0, 69.0, 29.0, 40.28, 359.21, 19.91, 249.95, 23.2, 189.7, 21.47, 89.99, 22.29], (130.9236, 496.2579, 1194.479)]
[181.13, [440.0, 69.0, 29.0, 36.07, 350.56, 19.91, 244.05, 23.53, 182.64, 21.47, 84.0, 22.16], (128.698, 493.3066, 1187.701)]
[184.01, [440.0, 69.0, 29.0, 44.72, 337.23, 19.91, 255.4, 23.2, 201.41, 22.26, 89.99, 22.16], (126.0998, 500.3925, 1249.307)]
[188.74, [440.0, 69.0, 29.0, 29.34, 371.1, 19.91, 249.34, 23.2, 191.79, 21.56, 89.99, 22.16], (130.4111, 488.5229, 1156.668)]
[213.16, [440.0, 69.0, 29.0, 40.28, 345.37, 19.83, 249.34, 23.2, 187.18, 21.79, 77.62, 22.49], (127.892, 487.9184, 1180.229)]
[216.89, [440.0, 69.0, 29.0, 37.32, 337.23, 19.91, 249.34, 23.2, 194.4, 22.21, 89.99, 22.49], (125.884, 495.9086, 1228.009)]
[245.76, [440.0, 69.0, 29.0, 37.32, 346.08, 20.25, 249.34, 23.2, 200.45, 22.21, 89.99, 22.19], (125.7285, 491.8771, 1208.395)]
[273.15, [440.0, 69.0, 29.0, 38.63, 337.23, 19.91, 249.34, 23.2, 200.45, 22.55, 89.99, 22.16], (124.0603, 496.8172, 1236.888)]
[530.76, [440.0, 69.0, 29.0, 38.63, 337.23, 19.72, 248.81, 23.2, 191.79, 21.47, 77.95, 17.66], (142.6441, 574.3586, 1380.838)]
[591.94, [440.0, 69.0, 29.0, 38.63, 337.23, 19.91, 249.34, 23.2, 198.12, 21.47, 77.95, 17.36], (143.4587, 579.8725, 1393.754)]
[1010.2, [440.0, 69.0, 29.0, 40.28, 337.31, 19.91, 249.34, 23.2, 191.2, 21.42, 89.99, 22.16], (133.4559, 143.1481, 720.9975)]
[1184.01, [440, 69, 29, 50.18, 341.99, 20.53, 287.62, 20.37, 181.57, 21.9, 141.52, 22.08], (151.9909, 583.0466, 1457.752)]
[1383.71, [440.0, 69.0, 29.0, 26.74, 350.56, 20.82, 268.69, 23.2, 191.96, 21.12, 89.99, 22.71], (131.0307, 1073.395, 2140.677)]
[2378.38, [440.0, 69.0, 29.0, 37.32, 342.29, 19.91, 249.34, 23.2, 193.28, 21.47, 89.99, 21.58], (135.4261, 1539.752, 2570.934)]
[5524.73, [440, 69, 29, 48.79, 327.93, 18.53, 258.88, 18.74, 168.12, 21.91, 133.12, 15.94], (192.0298, 749.1355, 1817.304)]
[122175.48, [440, 69, 29, 67.48, 319.3, 19.67, 264.14, 22.35, 218.96, 21.49, 123.4, 20.77], (652.732, 1687.173, 3084.445)]

Population size: 30
Number of couples: 13
Number of kept parents: 0
Best parent kept: True
Mutation Probability: 0.15
Mutation range (x, y): 10, 0.6
Number of Parameters: 4
Length, Width, Height: [440, 69, 29]

Written time: 27/03/2023 12:25:40