[295.11, [440.0, 69.0, 29.0, 37.32, 337.23, 20.82, 255.04, 19.88, 165.36, 21.07, 80.96, 19.65], (135.0746, 381.8397, 1373.855)]
[344.33, [440.0, 69.0, 29.0, 37.32, 337.23, 20.82, 273.93, 22.97, 161.24, 20.41, 110.5, 21.64], (140.8395, 527.9103, 1285.939)]
[1048.9, [440.0, 69.0, 29.0, 37.32, 337.23, 20.82, 273.93, 22.97, 189.7, 18.9, 77.62, 22.16], (152.3239, 538.8575, 1272.504)]
[1048.9, [440.0, 69.0, 29.0, 37.32, 337.23, 20.82, 273.93, 22.97, 189.7, 18.9, 77.62, 22.16], (152.3239, 538.8575, 1272.504)]
[1110.73, [440.0, 69.0, 29.0, 31.89, 337.23, 20.67, 278.13, 22.97, 189.7, 18.9, 77.62, 22.16], (153.125, 538.4158, 1266.486)]
[1120.53, [440.0, 69.0, 29.0, 37.32, 324.76, 20.82, 273.93, 22.97, 189.7, 18.9, 77.62, 22.16], (153.6345, 549.1821, 1312.509)]
[1341.89, [440, 69, 29, 13.66, 353.1, 15.3, 242.24, 17.71, 201.15, 19.45, 93.3, 22.32], (145.7239, 333.3475, 731.9211)]
[1345.4, [440.0, 69.0, 29.0, 37.32, 346.73, 21.71, 256.75, 22.25, 189.93, 18.9, 77.62, 21.34], (156.4125, 552.7593, 1287.466)]
[1633.8, [440.0, 69.0, 29.0, 69.39, 295.64, 21.59, 230.16, 22.97, 189.93, 18.9, 77.62, 21.34], (156.3759, 618.3252, 1554.407)]
[1829.92, [440.0, 69.0, 29.0, 37.32, 350.56, 20.82, 249.34, 22.47, 189.7, 21.07, 89.99, 20.29], (143.8059, 941.2926, 2251.67)]
[1896.75, [440.0, 69.0, 29.0, 37.32, 337.23, 21.71, 256.75, 22.25, 206.25, 19.95, 135.88, 19.61], (159.9132, 626.9397, 1531.39)]
[1947.37, [440.0, 69.0, 29.0, 42.98, 301.13, 15.53, 230.16, 22.89, 165.36, 21.07, 80.96, 19.99], (159.3637, 659.4074, 1593.801)]
[2016.44, [440.0, 69.0, 29.0, 7.45, 304.17, 15.52, 230.16, 22.97, 189.93, 21.07, 72.88, 20.29], (161.3235, 648.2511, 1514.28)]
[2425.06, [440.0, 69.0, 29.0, 37.32, 337.23, 20.82, 255.04, 19.66, 165.36, 21.07, 80.96, 19.99], (168.2105, 592.3422, 1377.107)]
[2434.99, [440.0, 69.0, 29.0, 42.98, 301.13, 15.53, 255.07, 22.08, 209.44, 21.07, 85.93, 20.29], (164.3371, 670.7854, 1654.539)]
[2460.66, [440.0, 69.0, 29.0, 26.26, 339.87, 20.93, 255.04, 19.71, 165.36, 21.07, 80.96, 19.65], (168.8006, 590.2461, 1360.469)]
[2565.65, [440.0, 69.0, 29.0, 69.39, 295.64, 21.59, 230.16, 22.97, 206.25, 19.95, 146.49, 19.61], (161.8805, 735.3248, 1930.061)]
[2598.54, [440.0, 69.0, 29.0, 42.98, 286.63, 15.53, 255.07, 22.08, 201.95, 21.07, 85.93, 20.29], (165.4962, 685.4148, 1701.924)]
[3205.4, [440.0, 69.0, 29.0, 26.26, 339.87, 20.93, 255.04, 19.71, 165.36, 21.07, 80.96, 19.93], (88.109, 168.499, 1248.115)]
[3235.57, [440, 69, 29, 41.14, 315.84, 17.91, 292.98, 21.13, 212.66, 21.44, 116.46, 17.55], (172.4805, 690.0968, 1687.199)]
[3301.81, [440.0, 69.0, 29.0, 42.98, 301.13, 15.53, 230.16, 22.97, 189.7, 18.9, 77.62, 22.16], (174.0151, 675.4837, 1618.109)]
[3369.01, [440.0, 69.0, 29.0, 47.39, 301.13, 15.53, 230.16, 22.9, 189.7, 18.9, 77.62, 22.16], (174.531, 678.3515, 1631.42)]
[3537.9, [440.0, 69.0, 29.0, 69.39, 295.64, 21.59, 230.16, 22.25, 206.25, 19.57, 146.49, 19.61], (172.0904, 755.8784, 1961.436)]
[3745.8, [440.0, 69.0, 29.0, 37.32, 329.02, 20.82, 255.04, 19.66, 189.7, 18.9, 77.62, 22.16], (180.81, 613.4695, 1428.492)]
[3786.82, [440.0, 69.0, 29.0, 70.42, 339.87, 20.15, 257.21, 19.88, 157.81, 18.9, 77.62, 21.7], (181.1002, 615.9678, 1436.197)]
[7980.69, [440.0, 69.0, 29.0, 37.32, 346.73, 21.71, 256.75, 22.25, 206.25, 19.95, 77.62, 22.16], (53.31535, 147.8204, 525.2075)]
[9135.59, [440.0, 69.0, 29.0, 42.98, 300.59, 20.31, 279.62, 19.72, 182.46, 20.2, 116.0, 15.63], (40.81096, 196.7379, 1037.492)]
[68553.39, [440.0, 69.0, 29.0, 37.32, 337.23, 21.71, 256.75, 22.97, 189.93, 18.9, 77.62, 21.34], (485.3356, 1300.987, 2331.536)]
[84650.91, [440.0, 69.0, 29.0, 37.32, 337.23, 20.82, 279.49, 22.97, 189.7, 18.9, 146.49, 19.61], (538.5528, 1515.365, 2633.79)]
[135776.38, [440, 69, 29, 41.11, 349.75, 22.42, 239.6, 18.38, 149.92, 17.3, 92.91, 16.24], (697.5896, 1081.238, 1593.616)]

Population size: 30
Number of couples: 13
Number of kept parents: 0
Best parent kept: True
Mutation Probability: 0.08
Mutation range (x, y): 15, 1
Number of Parameters: 4
Length, Width, Height: [440, 69, 29]

Written time: 27/03/2023 10:03:59