[5.69, [440.0, 69.0, 29.0, 40.73, 337.83, 19.49, 254.47, 23.05, 199.62, 22.26, 100.15, 21.61], (130.7394, 525.6648, 1311.207)]
[9.41, [440.0, 69.0, 29.0, 42.8, 330.11, 19.49, 255.61, 23.0, 199.62, 22.26, 91.49, 21.56], (131.0039, 525.9844, 1313.973)]
[13.34, [440.0, 69.0, 29.0, 44.55, 337.83, 19.49, 254.47, 23.05, 195.69, 22.15, 94.24, 21.6], (130.9108, 521.5484, 1296.803)]
[16.24, [440.0, 69.0, 29.0, 41.23, 339.89, 19.77, 229.52, 23.26, 196.52, 22.26, 96.89, 21.61], (130.0065, 528.2613, 1312.122)]
[19.54, [440.0, 69.0, 29.0, 49.28, 344.56, 19.88, 230.73, 23.26, 196.52, 22.22, 95.73, 21.53], (129.4454, 523.891, 1305.221)]
[24.83, [440.0, 69.0, 29.0, 49.28, 344.56, 19.88, 231.39, 23.11, 188.45, 22.26, 95.73, 21.53], (129.7872, 521.2269, 1295.711)]
[25.55, [440.0, 69.0, 29.0, 48.14, 344.56, 19.88, 229.52, 23.26, 196.52, 22.26, 96.89, 21.61], (129.1228, 523.3892, 1304.696)]
[28.87, [440.0, 69.0, 29.0, 49.28, 336.39, 19.5, 252.76, 23.26, 191.79, 22.02, 86.86, 21.34], (130.3091, 518.6434, 1287.444)]
[35.01, [440.0, 69.0, 29.0, 49.28, 343.86, 19.84, 226.96, 22.95, 195.69, 22.22, 94.24, 21.6], (132.314, 531.0624, 1316.938)]
[39.08, [440.0, 69.0, 29.0, 43.86, 337.83, 19.49, 258.96, 23.0, 191.79, 22.26, 89.3, 21.18], (130.443, 517.1884, 1277.369)]
[41.49, [440.0, 69.0, 29.0, 53.5, 345.69, 19.84, 227.32, 23.3, 194.62, 22.26, 92.99, 21.52], (128.6579, 521.2625, 1300.269)]
[41.86, [440.0, 69.0, 29.0, 44.99, 350.64, 19.84, 226.76, 23.04, 191.79, 22.26, 87.85, 21.18], (130.9415, 520.2935, 1269.692)]
[42.86, [440.0, 69.0, 29.0, 49.28, 345.12, 19.34, 231.61, 22.79, 195.3, 22.26, 88.37, 21.81], (132.818, 527.773, 1298.181)]
[48.95, [440.0, 69.0, 29.0, 49.99, 336.39, 19.5, 248.72, 23.26, 191.79, 22.26, 86.86, 21.18], (128.8865, 518.484, 1290.691)]
[57.39, [440.0, 69.0, 29.0, 53.5, 345.69, 19.84, 227.32, 23.3, 191.79, 22.26, 91.57, 21.29], (128.8832, 523.3108, 1338.657)]
[58.59, [440.0, 69.0, 29.0, 47.25, 336.39, 19.5, 252.76, 23.26, 191.79, 22.26, 86.86, 21.1], (128.7979, 516.6428, 1284.752)]
[62.44, [440.0, 69.0, 29.0, 49.99, 336.39, 19.64, 226.34, 23.3, 191.79, 22.23, 95.42, 21.18], (131.3307, 538.3299, 1351.764)]
[77.72, [440.0, 69.0, 29.0, 49.28, 345.12, 19.34, 227.62, 22.79, 191.79, 22.26, 92.85, 21.66], (133.9101, 535.0007, 1319.594)]
[82.75, [440.0, 69.0, 29.0, 53.5, 345.69, 19.46, 254.61, 22.8, 187.9, 22.32, 95.15, 22.04], (129.0375, 508.1293, 1264.165)]
[97.56, [440.0, 69.0, 29.0, 49.28, 345.12, 19.34, 227.62, 22.79, 191.07, 22.26, 95.99, 21.66], (134.1631, 537.5924, 1330.03)]
[442.13, [440.0, 69.0, 29.0, 48.14, 343.86, 19.84, 226.96, 22.95, 198.29, 22.26, 100.15, 21.61], (141.3724, 556.9438, 1373.441)]
[1224.26, [440.0, 69.0, 29.0, 53.78, 344.56, 19.79, 225.52, 23.04, 199.55, 22.32, 89.16, 21.89], (129.8666, 654.2998, 2392.14)]
[3265.43, [440.0, 69.0, 29.0, 49.28, 344.56, 19.88, 229.52, 23.47, 196.52, 22.44, 96.89, 21.61], (173.7653, 690.4211, 1591.378)]
[9911.84, [440.0, 69.0, 29.0, 46.15, 344.56, 19.85, 221.84, 23.04, 191.79, 22.26, 96.34, 21.38], (33.95106, 194.945, 1257.602)]
[10184.46, [440.0, 69.0, 29.0, 41.76, 344.56, 19.77, 228.98, 23.11, 188.45, 22.13, 96.89, 21.61], (36.40438, 245.7871, 574.2681)]
[16057.26, [440.0, 69.0, 29.0, 46.15, 325.99, 19.47, 228.39, 22.8, 187.62, 22.18, 92.01, 21.76], (267.1752, 580.005, 1385.048)]
[29687.32, [440.0, 69.0, 29.0, 49.28, 343.76, 19.88, 229.52, 23.26, 196.52, 22.26, 96.89, 21.61], (328.9262, 1230.388, 2403.352)]
[42760.66, [440, 69, 29, 72.85, 298.21, 22.48, 223.92, 16.04, 171.98, 15.05, 98.23, 16.91], (378.7891, 2044.236, 3498.371)]
[71083.72, [440.0, 69.0, 29.0, 43.86, 337.83, 19.49, 254.47, 23.0, 194.62, 22.26, 92.99, 21.66], (494.178, 1287.479, 2362.494)]
[84794.17, [440.0, 69.0, 29.0, 49.28, 345.12, 19.34, 227.62, 23.03, 191.79, 22.26, 92.85, 21.52], (540.3289, 1330.87, 2423.002)]

Population size: 30
Number of couples: 14
Number of kept parents: 0
Best parent kept: True
Mutation Probability: 0.1
Mutation range (x, y): 5, 0.3
Number of Parameters: 4
Length, Width, Height: [440, 69, 29]

Written time: 27/03/2023 17:05:45