[113.23, [440.0, 69.0, 29.0, 40.28, 350.56, 19.91, 249.34, 23.2, 189.7, 21.47, 89.99, 22.16], (131.9124, 505.2008, 1224.474)]
[121.97, [440.0, 69.0, 29.0, 36.07, 350.56, 19.91, 249.34, 23.2, 191.79, 21.47, 89.99, 22.16], (132.2166, 504.9913, 1221.051)]
[169.85, [440.0, 69.0, 29.0, 37.32, 337.23, 19.91, 249.34, 23.2, 189.7, 21.07, 89.99, 22.16], (136.5511, 523.4871, 1275.964)]
[181.8, [440.0, 69.0, 29.0, 37.32, 351.44, 22.52, 259.28, 22.89, 165.36, 21.07, 80.96, 19.99], (131.2755, 489.3952, 1163.336)]
[182.45, [440.0, 69.0, 29.0, 37.32, 337.12, 19.91, 249.34, 22.89, 165.36, 21.78, 77.62, 22.75], (129.6538, 487.8065, 1173.611)]
[206.2, [440.0, 69.0, 29.0, 37.32, 350.56, 19.91, 255.04, 22.89, 160.35, 21.23, 95.49, 22.16], (135.1638, 505.1746, 1210.758)]
[207.78, [440.0, 69.0, 29.0, 36.07, 350.56, 19.91, 234.5, 23.2, 189.7, 21.07, 75.09, 22.16], (135.397, 510.0486, 1211.695)]
[214.86, [440.0, 69.0, 29.0, 27.72, 350.56, 19.91, 249.34, 23.2, 189.7, 22.06, 89.99, 22.16], (127.4291, 491.0849, 1187.684)]
[237.42, [440.0, 69.0, 29.0, 37.51, 364.11, 21.88, 269.94, 22.89, 165.36, 21.07, 80.96, 19.99], (132.7618, 486.5387, 1134.626)]
[244.71, [440.0, 69.0, 29.0, 27.72, 364.11, 19.91, 234.5, 23.2, 189.7, 21.07, 75.09, 22.16], (134.8308, 499.3744, 1167.835)]
[254.33, [440.0, 69.0, 29.0, 37.32, 361.93, 20.59, 262.51, 22.89, 165.36, 21.07, 80.96, 22.16], (132.9629, 481.6022, 1126.975)]
[264.81, [440.0, 69.0, 29.0, 37.32, 337.23, 20.82, 255.04, 22.89, 165.36, 20.78, 80.96, 22.16], (136.7358, 504.9756, 1205.735)]
[265.57, [440.0, 69.0, 29.0, 18.06, 364.11, 19.91, 249.34, 22.89, 165.36, 21.44, 77.62, 22.75], (132.2278, 476.7217, 1105.922)]
[267.44, [440.0, 69.0, 29.0, 21.67, 350.56, 20.82, 255.04, 22.89, 165.36, 21.07, 80.96, 22.16], (134.4133, 488.1537, 1144.099)]
[284.07, [440.0, 69.0, 29.0, 21.67, 364.11, 21.88, 269.94, 22.89, 165.36, 21.07, 74.55, 19.99], (133.6615, 482.9658, 1112.417)]
[360.21, [440.0, 69.0, 29.0, 37.32, 361.93, 20.46, 262.51, 22.89, 161.51, 20.5, 77.62, 22.49], (136.8368, 487.899, 1131.121)]
[457.86, [440.0, 69.0, 29.0, 37.32, 337.23, 20.82, 255.04, 22.89, 165.36, 21.07, 106.22, 18.79], (141.7516, 559.4155, 1368.044)]
[478.01, [440.0, 69.0, 29.0, 18.06, 364.11, 22.52, 269.94, 23.2, 189.7, 21.47, 89.99, 22.16], (124.7912, 449.7938, 1051.346)]
[540.81, [440.0, 69.0, 29.0, 41.14, 337.11, 19.91, 249.87, 23.2, 189.7, 20.83, 89.99, 19.99], (143.4558, 562.0169, 1360.635)]
[590.12, [440.0, 69.0, 29.0, 36.07, 350.56, 19.91, 236.77, 22.89, 165.36, 21.07, 80.96, 19.99], (142.407, 538.0898, 1488.641)]
[1484.67, [440.0, 69.0, 29.0, 22.55, 337.23, 20.82, 255.04, 22.89, 165.36, 20.4, 80.96, 22.16], (140.6819, 815.5047, 2190.518)]
[3129.26, [440.0, 69.0, 29.0, 62.16, 338.35, 14.61, 222.47, 15.15, 177.17, 23.59, 80.96, 22.16], (94.5299, 177.1648, 710.4829)]
[3243.61, [440, 69, 29, 20.83, 321.56, 20.91, 232.69, 20.37, 210.55, 19.96, 142.1, 22.59], (173.9383, 655.0121, 1587.946)]
[5701.07, [440, 69, 29, 20.66, 346.95, 16.23, 266.9, 19.4, 186.13, 17.19, 73.59, 18.01], (65.27191, 225.4299, 1405.34)]
[8935.96, [440.0, 69.0, 29.0, 24.99, 329.48, 21.7, 275.74, 21.58, 208.6, 19.72, 102.77, 20.83], (41.05896, 164.6985, 1382.367)]
[11978.7, [440.0, 69.0, 29.0, 40.28, 350.56, 21.88, 269.94, 22.89, 165.36, 21.07, 79.54, 19.99], (23.35836, 133.7942, 857.6689)]
[54415.72, [440, 69, 29, 49.45, 350.43, 17.3, 239.63, 17.68, 147.92, 22.12, 87.49, 18.28], (430.2868, 1582.386, 2839.847)]
[69175.72, [440.0, 69.0, 29.0, 37.32, 351.44, 19.91, 245.41, 22.89, 165.36, 21.07, 80.96, 22.16], (488.5073, 1172.304, 2184.763)]
[76644.58, [440.0, 69.0, 29.0, 27.72, 337.23, 20.82, 255.04, 22.89, 165.36, 21.57, 80.96, 19.99], (514.0106, 1224.296, 2239.072)]
[85747.33, [440.0, 69.0, 29.0, 41.14, 350.56, 19.91, 249.87, 23.2, 189.7, 21.07, 80.96, 19.18], (543.3832, 1332.653, 2445.528)]

Population size: 30
Number of couples: 13
Number of kept parents: 0
Best parent kept: True
Mutation Probability: 0.08
Mutation range (x, y): 15, 1
Number of Parameters: 4
Length, Width, Height: [440, 69, 29]

Written time: 27/03/2023 11:14:40