[910.55, [440, 69, 29, 10.19, 295.72, 22.29, 247.07, 14.69, 151.38, 18.83, 132.58, 21.34], (128.0622, 228.2043, 738.2546)]
[1356.3, [440, 69, 29, 69.39, 295.64, 21.35, 255.07, 22.08, 201.95, 21.07, 85.93, 20.29], (152.4559, 608.3044, 1572.504)]
[3255.98, [440, 69, 29, 69.89, 347.13, 21.93, 266.74, 18.96, 148.48, 20.55, 80.64, 18.53], (176.3617, 604.836, 1408.455)]
[3309.76, [440, 69, 29, 31.89, 346.73, 21.71, 256.75, 22.25, 209.17, 20.13, 146.49, 19.61], (159.5124, 1534.216, 2069.445)]
[3323.4, [440, 69, 29, 42.98, 301.13, 15.46, 230.16, 22.97, 189.93, 18.9, 77.62, 22.16], (174.1982, 676.5178, 1620.596)]
[4746.19, [440, 69, 29, 26.26, 339.87, 20.1, 255.04, 19.66, 165.36, 18.65, 110.66, 21.51], (188.9808, 645.3703, 1495.867)]
[5621.68, [440, 69, 29, 73.15, 344.97, 21.85, 250.5, 20.33, 178.81, 17.04, 106.24, 17.58], (194.4078, 705.8254, 1675.784)]
[5788.28, [440, 69, 29, 34.12, 309.52, 17.82, 256.99, 16.95, 157.87, 21.94, 106.32, 19.52], (195.5903, 721.3215, 1684.784)]
[7489.0, [440, 69, 29, 61.8, 304.63, 22.4, 262.94, 16.85, 167.85, 20.28, 140.22, 18.8], (207.1805, 754.8776, 1891.863)]
[7515.14, [440, 69, 29, 60.97, 335.84, 15.43, 255.53, 21.8, 208.54, 18.16, 117.62, 16.86], (206.8794, 807.3772, 1904.938)]
[7626.37, [440, 69, 29, 41.03, 337.23, 20.82, 273.93, 18.67, 202.33, 19.3, 134.98, 16.8], (209.1494, 757.0093, 1767.353)]
[7715.06, [440, 69, 29, 70.51, 343.53, 16.98, 234.2, 15.83, 148.81, 21.68, 132.87, 21.5], (209.229, 758.1159, 1844.366)]
[8372.93, [440, 69, 29, 54.88, 296.13, 18.43, 250.45, 16.86, 207.34, 19.49, 99.87, 20.55], (213.789, 788.2319, 1857.7)]
[9624.71, [440, 69, 29, 50.63, 341.1, 15.14, 272.92, 19.86, 194.34, 19.94, 98.51, 19.52], (223.1702, 788.5924, 1791.728)]
[9750.16, [440, 69, 29, 69.46, 350.74, 15.76, 227.65, 19.79, 161.97, 17.36, 128.19, 18.96], (222.9782, 815.0943, 1918.338)]
[11544.13, [440, 69, 29, 42.56, 335.06, 19.25, 231.83, 18.18, 214.87, 16.79, 74.24, 16.36], (235.8506, 806.5424, 1803.892)]
[12622.71, [440, 69, 29, 22.46, 330.87, 19.71, 275.28, 18.82, 182.99, 20.41, 110.5, 21.64], (21.46683, 1409.297, 1610.604)]
[13049.74, [440, 69, 29, 19.77, 312.45, 15.46, 285.77, 15.15, 180.53, 18.88, 76.5, 17.78], (245.2133, 829.6624, 1815.427)]
[14346.57, [440, 69, 29, 36.65, 301.52, 22.86, 280.49, 16.4, 165.93, 15.02, 107.59, 15.63], (252.4906, 839.1741, 1916.816)]
[14492.59, [440, 69, 29, 55.94, 363.84, 15.24, 235.49, 14.84, 161.92, 17.27, 134.81, 22.54], (253.2173, 842.9707, 1938.621)]
[14885.49, [440, 69, 29, 61.71, 350.54, 21.24, 243.66, 14.73, 218.05, 19.0, 144.24, 14.61], (254.6164, 890.7579, 2050.882)]
[15033.64, [440, 69, 29, 24.5, 294.66, 22.03, 257.96, 14.86, 172.78, 14.91, 134.88, 20.76], (256.7554, 820.62, 1910.635)]
[15083.8, [440, 69, 29, 32.95, 350.26, 15.08, 262.95, 16.7, 163.6, 16.01, 88.81, 19.21], (257.6121, 828.0548, 1808.905)]
[15586.98, [440, 69, 29, 26.5, 364.4, 17.52, 252.21, 14.67, 203.51, 17.99, 82.09, 16.03], (261.031, 857.4468, 1701.332)]
[16748.83, [440, 69, 29, 40.21, 304.38, 16.96, 241.94, 15.73, 157.51, 16.38, 106.23, 19.01], (265.9651, 881.9006, 1986.208)]
[16831.22, [440, 69, 29, 23.49, 325.86, 17.82, 224.47, 16.65, 196.03, 15.25, 110.26, 17.81], (266.6706, 880.86, 1946.454)]
[17320.25, [440, 69, 29, 37.68, 311.99, 20.7, 238.38, 15.3, 149.87, 14.86, 106.6, 14.92], (269.0773, 898.0261, 1995.683)]
[18456.63, [440, 69, 29, 18.82, 310.53, 16.28, 229.6, 17.71, 170.25, 15.13, 76.94, 19.79], (276.1254, 880.4034, 1890.839)]
[26487.42, [440, 69, 29, 23.61, 335.73, 18.51, 239.81, 17.36, 175.02, 22.69, 94.18, 18.29], (310.592, 1566.288, 2647.442)]
[189299.44, [440, 69, 29, 59.88, 315.97, 16.88, 284.27, 15.91, 149.04, 14.84, 120.76, 21.4], (831.6583, 1994.66, 3598.001)]

Population size: 30
Number of couples: 13
Number of kept parents: 0
Best parent kept: True
Mutation Probability: 0.1
Mutation range (x, y): 5, 0.3
Number of Parameters: 4
Length, Width, Height: [440, 69, 29]

Written time: 26/03/2023 13:47:11