[89.43, [440.0, 69.0, 29.0, 37.32, 337.23, 19.91, 249.34, 23.2, 191.79, 21.47, 89.99, 22.16], (133.2695, 516.0196, 1264.432)]
[89.48, [440.0, 69.0, 29.0, 37.32, 337.23, 19.91, 249.34, 23.2, 191.79, 21.47, 89.99, 22.16], (133.2695, 516.0196, 1264.385)]
[115.74, [440.0, 69.0, 29.0, 37.32, 350.56, 19.83, 249.34, 23.2, 200.45, 21.47, 89.99, 22.16], (132.929, 509.8815, 1236.54)]
[132.44, [440.0, 69.0, 29.0, 36.07, 350.56, 19.91, 253.59, 23.2, 182.64, 21.47, 89.99, 22.16], (131.3976, 499.1471, 1204.265)]
[139.91, [440.0, 69.0, 29.0, 36.07, 358.31, 19.91, 249.34, 23.2, 191.79, 21.47, 89.99, 22.16], (131.6514, 499.4917, 1199.658)]
[148.91, [440.0, 69.0, 29.0, 40.28, 350.56, 19.91, 249.34, 23.2, 189.7, 21.44, 77.62, 22.16], (131.3628, 496.4068, 1190.146)]
[152.86, [440.0, 69.0, 29.0, 40.28, 350.56, 19.91, 264.04, 23.2, 185.76, 21.47, 86.29, 22.16], (130.543, 492.3574, 1187.567)]
[155.17, [440.0, 69.0, 29.0, 36.07, 339.25, 19.91, 249.34, 23.2, 189.7, 21.07, 89.99, 22.16], (136.4181, 521.5937, 1287.315)]
[166.88, [440.0, 69.0, 29.0, 40.28, 350.56, 19.91, 249.34, 23.2, 189.7, 21.47, 77.62, 22.49], (130.2199, 490.7642, 1178.302)]
[169.85, [440.0, 69.0, 29.0, 37.32, 337.23, 19.91, 249.34, 23.2, 189.7, 21.07, 89.99, 22.16], (136.5511, 523.4871, 1275.964)]
[174.09, [440.0, 69.0, 29.0, 37.32, 337.23, 19.91, 249.34, 23.2, 191.79, 21.47, 89.99, 22.16], (133.2592, 434.5594, 1260.988)]
[204.38, [440.0, 69.0, 29.0, 37.32, 350.56, 19.91, 234.5, 23.2, 189.7, 21.07, 75.09, 22.16], (135.3415, 510.2093, 1213.157)]
[209.15, [440.0, 69.0, 29.0, 27.72, 350.56, 19.91, 249.34, 23.2, 191.73, 22.06, 89.99, 22.16], (127.5405, 491.8646, 1189.565)]
[270.29, [440.0, 69.0, 29.0, 37.32, 361.93, 20.46, 260.56, 22.89, 161.51, 20.86, 95.1, 22.16], (135.6183, 495.6617, 1170.764)]
[277.75, [440.0, 69.0, 29.0, 36.07, 350.56, 20.82, 255.04, 22.89, 165.36, 20.78, 80.96, 22.16], (135.7181, 495.0949, 1167.168)]
[277.79, [440.0, 69.0, 29.0, 36.07, 350.56, 20.82, 255.04, 22.89, 165.36, 20.78, 80.96, 22.16], (135.7181, 495.0948, 1167.137)]
[298.68, [440.0, 69.0, 29.0, 31.08, 364.11, 22.48, 269.94, 22.89, 165.36, 20.61, 80.96, 22.16], (130.9891, 462.2553, 1071.19)]
[382.34, [440.0, 69.0, 29.0, 36.07, 350.56, 19.91, 236.77, 22.89, 165.36, 21.07, 80.96, 19.99], (141.0818, 537.719, 1269.318)]
[384.34, [440.0, 69.0, 29.0, 37.32, 361.93, 20.59, 262.51, 22.89, 165.36, 20.71, 80.96, 19.99], (139.8113, 515.8502, 1201.117)]
[420.5, [440.0, 69.0, 29.0, 31.08, 364.11, 22.48, 269.94, 23.2, 189.7, 21.07, 75.09, 22.16], (126.2539, 451.4959, 1056.731)]
[1263.04, [440.0, 69.0, 29.0, 36.07, 350.56, 19.91, 234.5, 21.92, 174.47, 20.61, 80.96, 19.99], (154.9397, 572.8869, 1336.454)]
[1582.74, [440.0, 69.0, 29.0, 27.72, 350.56, 18.99, 249.34, 22.89, 165.36, 21.44, 77.62, 21.79], (136.6903, 1087.487, 2184.153)]
[1758.12, [440.0, 69.0, 29.0, 18.06, 364.11, 19.91, 249.34, 22.89, 165.36, 21.47, 89.99, 22.16], (106.5228, 144.3289, 1126.073)]
[3355.05, [440, 69, 29, 16.93, 323.55, 20.84, 235.35, 20.01, 213.2, 22.37, 75.89, 14.64], (175.1021, 675.487, 1563.498)]
[7674.95, [440, 69, 29, 14.18, 354.81, 15.03, 223.39, 16.44, 158.53, 21.62, 117.04, 20.75], (210.1911, 748.4621, 1685.722)]
[11108.06, [440.0, 69.0, 29.0, 37.32, 337.23, 19.91, 255.04, 22.89, 160.35, 21.23, 95.49, 21.32], (29.10363, 138.0662, 842.7515)]
[12993.94, [440, 69, 29, 55.26, 341.68, 15.6, 226.4, 17.67, 174.9, 15.67, 97.06, 21.81], (244.8232, 810.4674, 1841.348)]
[43669.1, [440.0, 69.0, 29.0, 18.06, 364.11, 19.91, 249.34, 23.2, 189.7, 22.06, 89.99, 22.46], (392.5461, 1116.512, 2040.355)]
[56680.13, [440.0, 69.0, 29.0, 40.28, 350.56, 19.91, 249.34, 23.2, 189.7, 21.47, 89.99, 22.16], (440.1628, 1251.807, 2850.206)]
[85977.2, [440.0, 69.0, 29.0, 51.62, 337.23, 19.91, 236.77, 22.89, 165.36, 21.07, 80.96, 19.99], (544.1741, 1324.696, 2442.263)]

Population size: 30
Number of couples: 13
Number of kept parents: 0
Best parent kept: True
Mutation Probability: 0.08
Mutation range (x, y): 15, 1
Number of Parameters: 4
Length, Width, Height: [440, 69, 29]

Written time: 27/03/2023 11:31:39