[8.35, [440.0, 69.0, 29.0, 41.21, 337.83, 19.49, 255.61, 23.0, 199.62, 22.26, 96.0, 21.56], (130.8195, 523.0731, 1299.963)]
[19.49, [440.0, 69.0, 29.0, 46.15, 334.07, 19.49, 252.76, 22.8, 187.62, 22.26, 91.22, 21.65], (131.517, 521.7466, 1296.056)]
[19.62, [440.0, 69.0, 29.0, 49.28, 344.56, 19.84, 227.32, 23.04, 191.79, 22.26, 87.85, 21.38], (130.8576, 523.0941, 1288.765)]
[20.08, [440.0, 69.0, 29.0, 42.8, 330.59, 19.49, 257.21, 23.0, 199.55, 22.26, 89.16, 21.7], (130.1702, 519.9356, 1296.521)]
[23.5, [440.0, 69.0, 29.0, 49.28, 344.56, 19.84, 229.52, 23.11, 191.79, 22.26, 90.07, 21.38], (130.2094, 522.1448, 1290.422)]
[25.12, [440.0, 69.0, 29.0, 44.7, 330.59, 19.49, 257.21, 23.0, 199.55, 22.32, 89.16, 21.66], (129.6775, 519.5206, 1298.842)]
[25.65, [440.0, 69.0, 29.0, 49.28, 344.56, 19.65, 225.52, 23.04, 191.79, 22.26, 92.6, 21.38], (131.9413, 531.2201, 1313.83)]
[26.92, [440.0, 69.0, 29.0, 46.15, 335.34, 19.81, 234.73, 23.04, 191.79, 22.26, 92.6, 21.38], (131.5169, 530.9884, 1321.405)]
[28.52, [440.0, 69.0, 29.0, 46.15, 334.07, 19.47, 258.26, 23.23, 199.62, 22.26, 94.24, 21.38], (129.2816, 521.8052, 1316.25)]
[31.54, [440.0, 69.0, 29.0, 46.15, 336.06, 19.33, 249.47, 22.8, 198.5, 22.26, 91.22, 21.7], (132.4421, 528.7845, 1313.34)]
[35.03, [440.0, 69.0, 29.0, 46.15, 334.07, 19.47, 232.75, 23.26, 191.79, 22.26, 92.6, 21.38], (130.7582, 533.9915, 1332.293)]
[37.97, [440.0, 69.0, 29.0, 46.15, 337.59, 19.47, 258.26, 23.0, 199.62, 22.26, 91.22, 21.64], (129.852, 516.7754, 1286.06)]
[48.09, [440.0, 69.0, 29.0, 40.67, 328.02, 20.32, 252.76, 23.06, 191.3, 22.17, 90.33, 21.52], (129.5083, 514.9164, 1283.275)]
[50.23, [440.0, 69.0, 29.0, 46.15, 338.21, 19.49, 252.76, 22.8, 191.3, 22.17, 85.92, 21.64], (131.8151, 517.5634, 1273.625)]
[64.71, [440.0, 69.0, 29.0, 41.21, 339.6, 19.67, 255.61, 23.0, 203.46, 22.37, 91.22, 21.56], (129.1433, 514.4805, 1273.771)]
[65.66, [440.0, 69.0, 29.0, 40.28, 334.71, 19.92, 257.47, 22.73, 191.23, 22.44, 93.39, 21.7], (129.4402, 511.9804, 1269.826)]
[78.44, [440.0, 69.0, 29.0, 51.08, 339.32, 19.5, 249.75, 22.83, 191.79, 22.26, 81.36, 21.88], (129.772, 509.1869, 1254.379)]
[85.56, [440.0, 69.0, 29.0, 49.93, 344.56, 19.84, 229.52, 23.29, 192.53, 22.26, 91.22, 21.7], (127.9425, 515.0229, 1279.436)]
[93.02, [440.0, 69.0, 29.0, 49.87, 334.07, 19.81, 262.83, 23.0, 199.62, 22.26, 91.22, 21.7], (128.8177, 573.4697, 1293.513)]
[123.7, [440.0, 69.0, 29.0, 41.21, 337.83, 19.49, 255.61, 23.17, 199.62, 22.38, 85.92, 21.52], (127.5761, 508.5453, 1257.374)]
[196.26, [440.0, 69.0, 29.0, 43.03, 330.59, 19.46, 226.5, 23.04, 191.79, 22.03, 92.6, 21.38], (135.829, 551.0187, 1364.285)]
[221.65, [440.0, 69.0, 29.0, 60.85, 364.03, 15.68, 244.83, 22.8, 198.5, 22.26, 91.22, 21.77], (136.5936, 553.5463, 1360.503)]
[235.83, [440.0, 69.0, 29.0, 49.78, 329.44, 19.84, 231.48, 22.52, 191.79, 22.26, 92.6, 21.38], (136.7766, 550.0823, 1371.491)]
[795.45, [440.0, 69.0, 29.0, 41.53, 329.44, 19.84, 231.48, 22.8, 191.79, 22.32, 92.6, 21.38], (118.6416, 160.6493, 1316.344)]
[2704.88, [440.0, 69.0, 29.0, 46.15, 330.59, 19.49, 257.21, 23.0, 195.45, 22.26, 93.74, 21.7], (93.22524, 130.4623, 1300.504)]
[3166.52, [440, 69, 29, 62.1, 306.34, 15.54, 280.73, 20.97, 215.04, 20.79, 144.64, 22.34], (169.4529, 719.8233, 1876.186)]
[4407.52, [440, 69, 29, 44.83, 326.35, 17.4, 276.39, 21.62, 168.99, 19.83, 110.73, 15.13], (183.1907, 720.4369, 1727.763)]
[5674.83, [440, 69, 29, 59.39, 313.54, 15.16, 271.11, 17.86, 216.7, 21.53, 106.66, 19.26], (192.6841, 774.5241, 1865.019)]
[7698.38, [440.0, 69.0, 29.0, 39.26, 330.49, 20.12, 249.07, 15.41, 180.29, 22.59, 90.79, 21.01], (212.0141, 661.6296, 1550.964)]
[11887.6, [440.0, 69.0, 29.0, 49.28, 344.56, 19.84, 257.21, 22.73, 199.55, 22.22, 86.86, 21.7], (21.81297, 130.6798, 1423.224)]

Population size: 30
Number of couples: 13
Number of kept parents: 0
Best parent kept: True
Mutation Probability: 0.25
Mutation range (x, y): 5, 0.3
Number of Parameters: 4
Length, Width, Height: [440, 69, 29]

Written time: 27/03/2023 15:47:14