[257.53, [440.0, 69.0, 29.0, 27.72, 364.11, 21.88, 269.94, 22.89, 165.36, 21.07, 80.96, 19.99], (133.3536, 486.1651, 1128.18)]
[357.75, [440.0, 69.0, 29.0, 37.32, 350.56, 19.91, 249.34, 22.89, 165.36, 21.07, 80.96, 19.99], (140.3927, 531.5854, 1255.213)]
[367.88, [440.0, 69.0, 29.0, 37.32, 350.56, 20.46, 249.34, 22.47, 201.95, 21.07, 85.93, 22.16], (140.6002, 521.4743, 1248.212)]
[407.41, [440.0, 69.0, 29.0, 37.32, 350.56, 19.91, 249.34, 22.47, 189.7, 21.07, 89.99, 22.16], (141.6557, 527.3827, 1261.886)]
[497.84, [440.0, 69.0, 29.0, 37.32, 361.93, 20.46, 262.51, 22.89, 165.36, 20.4, 80.96, 19.99], (142.6117, 524.1865, 1216.498)]
[789.42, [440.0, 69.0, 29.0, 37.32, 337.23, 22.08, 273.93, 22.97, 189.7, 18.9, 77.62, 22.16], (148.0681, 522.4421, 1236.279)]
[916.21, [440.0, 69.0, 29.0, 69.39, 287.6, 21.59, 292.98, 20.91, 212.66, 21.44, 77.62, 22.16], (148.2104, 567.6916, 1454.247)]
[1146.77, [440.0, 69.0, 29.0, 37.32, 337.23, 20.82, 273.93, 23.91, 161.24, 19.99, 110.5, 17.55], (138.5797, 154.0463, 747.0146)]
[1164.29, [440.0, 69.0, 29.0, 37.32, 337.23, 20.82, 255.04, 22.97, 189.93, 18.9, 77.62, 21.34], (153.9883, 560.532, 1319.468)]
[1197.8, [440.0, 69.0, 29.0, 37.32, 337.23, 20.82, 279.72, 22.97, 189.7, 19.32, 89.99, 20.29], (154.107, 564.5451, 1340.379)]
[1436.6, [440.0, 69.0, 29.0, 37.32, 337.23, 20.82, 279.72, 22.97, 189.7, 19.99, 110.5, 17.55], (155.1857, 605.8259, 1458.909)]
[1530.68, [440.0, 69.0, 29.0, 37.32, 351.44, 19.91, 249.34, 22.89, 165.36, 21.44, 77.62, 22.16], (134.3719, 1161.09, 2133.838)]
[1975.35, [440.0, 69.0, 29.0, 37.32, 337.23, 15.53, 230.16, 22.47, 189.7, 21.07, 89.99, 20.29], (160.7672, 641.7966, 1525.53)]
[1981.19, [440.0, 69.0, 29.0, 37.32, 337.23, 20.82, 255.04, 22.89, 165.36, 21.07, 80.96, 19.18], (140.1554, 1205.398, 2321.617)]
[2032.84, [440.0, 69.0, 29.0, 28.76, 286.63, 15.53, 255.07, 22.08, 189.7, 21.07, 89.99, 21.65], (160.3096, 653.4911, 1608.748)]
[2081.57, [440.0, 69.0, 29.0, 37.32, 337.23, 20.82, 273.93, 22.97, 161.24, 18.34, 116.46, 17.55], (162.602, 627.1913, 1493.44)]
[2233.33, [440.0, 69.0, 29.0, 41.14, 315.84, 17.91, 292.98, 20.91, 212.66, 21.07, 80.96, 19.99], (164.4567, 620.3642, 1492.905)]
[2365.76, [440.0, 69.0, 29.0, 69.39, 304.92, 21.59, 225.43, 22.97, 189.7, 18.9, 105.56, 17.55], (162.0374, 697.8406, 1754.523)]
[2425.32, [440.0, 69.0, 29.0, 37.32, 337.23, 20.82, 279.72, 19.66, 165.36, 21.07, 80.96, 19.38], (168.336, 591.1603, 1367.032)]
[2430.73, [440.0, 69.0, 29.0, 41.14, 315.84, 17.91, 230.16, 22.97, 189.93, 18.9, 88.08, 22.16], (166.1976, 634.2281, 1523.033)]
[3800.15, [440, 69, 29, 48.2, 332.32, 19.76, 263.11, 22.41, 156.99, 16.07, 100.16, 22.26], (180.5478, 637.4852, 1486.609)]
[4990.59, [440.0, 69.0, 29.0, 13.66, 353.1, 20.82, 273.93, 22.97, 161.24, 19.99, 110.5, 17.55], (176.7266, 1462.141, 2248.742)]
[6655.67, [440.0, 69.0, 29.0, 41.14, 315.84, 17.91, 292.98, 21.13, 212.66, 21.31, 106.66, 21.64], (65.10657, 145.4235, 356.4236)]
[7943.75, [440, 69, 29, 24.03, 356.71, 22.86, 221.11, 17.86, 213.23, 16.16, 89.21, 19.38], (213.4862, 697.9914, 1560.099)]
[16229.37, [440, 69, 29, 41.54, 304.52, 17.61, 252.22, 16.73, 177.46, 16.23, 76.17, 15.83], (263.0576, 885.3709, 1967.563)]
[78355.21, [440.0, 69.0, 29.0, 37.32, 350.56, 20.46, 257.31, 22.47, 189.7, 21.07, 89.99, 22.16], (519.6734, 1227.055, 2278.037)]
[86783.5, [440.0, 69.0, 29.0, 37.32, 337.23, 20.82, 249.34, 22.47, 192.63, 21.07, 89.99, 20.29], (546.8018, 1336.284, 2434.341)]
[87271.38, [440.0, 69.0, 29.0, 42.98, 301.13, 21.6, 273.93, 22.97, 182.48, 18.9, 77.62, 22.16], (548.069, 1344.065, 2526.463)]
[100303.11, [440.0, 69.0, 29.0, 13.66, 353.1, 20.82, 249.34, 22.47, 189.7, 21.07, 116.46, 17.55], (589.5316, 1396.498, 2490.94)]
[102595.15, [440.0, 69.0, 29.0, 37.32, 350.56, 20.44, 249.34, 22.54, 187.09, 22.33, 127.68, 16.88], (595.9694, 1480.756, 2623.244)]

Population size: 30
Number of couples: 13
Number of kept parents: 0
Best parent kept: True
Mutation Probability: 0.08
Mutation range (x, y): 15, 1
Number of Parameters: 4
Length, Width, Height: [440, 69, 29]

Written time: 27/03/2023 10:46:35