[172.62, [440.0, 69.0, 29.0, 41.14, 350.56, 19.91, 249.34, 23.2, 189.7, 21.07, 89.99, 22.16], (135.287, 513.3164, 1240.079)]
[202.17, [440.0, 69.0, 29.0, 37.32, 351.44, 19.91, 249.34, 22.89, 165.36, 21.44, 77.62, 22.16], (132.915, 493.1792, 1166.507)]
[206.9, [440.0, 69.0, 29.0, 37.32, 337.23, 20.82, 255.04, 22.89, 165.36, 21.07, 80.96, 22.16], (134.4193, 498.7063, 1194.263)]
[235.03, [440.0, 69.0, 29.0, 31.2, 364.11, 21.88, 269.94, 22.89, 165.36, 21.24, 80.96, 19.99], (131.8202, 482.6165, 1123.84)]
[257.53, [440.0, 69.0, 29.0, 27.72, 364.11, 21.88, 269.94, 22.89, 165.36, 21.07, 80.96, 19.99], (133.3536, 486.1651, 1128.18)]
[257.53, [440.0, 69.0, 29.0, 27.72, 364.11, 21.88, 269.94, 22.89, 165.36, 21.07, 80.96, 19.99], (133.3536, 486.1651, 1128.18)]
[287.73, [440.0, 69.0, 29.0, 75.03, 350.56, 19.91, 249.34, 22.89, 165.36, 21.07, 80.96, 19.99], (139.7186, 533.586, 1296.499)]
[287.92, [440.0, 69.0, 29.0, 37.32, 337.23, 20.82, 255.04, 22.89, 160.35, 21.07, 80.96, 19.18], (139.2471, 533.7312, 1275.63)]
[311.18, [440.0, 69.0, 29.0, 37.32, 337.23, 20.82, 279.72, 22.97, 189.7, 21.07, 80.96, 19.99], (139.5888, 525.1243, 1258.799)]
[406.98, [440.0, 69.0, 29.0, 37.32, 350.56, 19.91, 249.34, 22.47, 189.7, 21.07, 89.99, 22.16], (141.6557, 527.3827, 1262.31)]
[497.84, [440.0, 69.0, 29.0, 37.32, 361.93, 20.46, 262.51, 22.89, 165.36, 20.4, 80.96, 19.99], (142.6117, 524.1865, 1216.498)]
[497.84, [440.0, 69.0, 29.0, 37.32, 361.93, 20.46, 262.51, 22.89, 165.36, 20.4, 80.96, 19.99], (142.6117, 524.1865, 1216.498)]
[596.28, [440.0, 69.0, 29.0, 37.32, 361.93, 20.46, 262.51, 22.89, 165.36, 20.4, 80.96, 19.99], (142.6041, 438.6724, 1201.318)]
[869.31, [440.0, 69.0, 29.0, 33.63, 350.56, 19.91, 249.34, 22.47, 189.7, 21.07, 89.99, 19.18], (149.0917, 570.1728, 1349.036)]
[889.2, [440.0, 69.0, 29.0, 37.32, 350.56, 20.81, 249.34, 22.89, 165.36, 19.32, 89.99, 20.29], (150.1321, 557.5967, 1302.413)]
[916.21, [440.0, 69.0, 29.0, 69.39, 287.6, 21.59, 292.98, 20.91, 212.66, 21.44, 77.62, 22.16], (148.2104, 567.6916, 1454.247)]
[1342.75, [440, 69, 29, 24.99, 329.48, 21.7, 275.74, 21.58, 208.6, 20.65, 102.77, 20.83], (155.6375, 569.8591, 1367.408)]
[1741.87, [440.0, 69.0, 29.0, 27.72, 364.11, 19.91, 249.34, 22.47, 189.7, 21.07, 89.99, 22.16], (141.2228, 1027.447, 2209.941)]
[2135.98, [440.0, 69.0, 29.0, 37.32, 315.84, 17.91, 292.98, 20.91, 212.66, 21.07, 72.81, 19.99], (163.8097, 612.2955, 1459.641)]
[2488.53, [440.0, 69.0, 29.0, 37.32, 337.23, 20.82, 273.93, 22.97, 161.24, 17.72, 116.46, 17.55], (166.8838, 640.2598, 1513.278)]
[3141.52, [440.0, 69.0, 29.0, 37.32, 337.23, 20.82, 263.11, 22.41, 156.99, 16.07, 96.95, 22.26], (175.1665, 612.2572, 1406.775)]
[4384.96, [440, 69, 29, 58.87, 312.07, 15.67, 270.77, 22.54, 208.4, 18.59, 105.07, 20.81], (182.8681, 704.8145, 1755.788)]
[4986.41, [440.0, 69.0, 29.0, 24.03, 356.71, 22.86, 219.93, 18.48, 213.23, 19.99, 110.5, 17.55], (190.3937, 672.3409, 1546.504)]
[13492.05, [440, 69, 29, 71.33, 327.6, 22.47, 230.63, 14.95, 182.34, 18.03, 144.5, 16.32], (245.9909, 867.6941, 2094.73)]
[35244.46, [440.0, 69.0, 29.0, 37.32, 350.56, 21.88, 269.94, 22.89, 165.36, 21.06, 80.96, 19.99], (355.8481, 1153.193, 2164.752)]
[66932.88, [440.0, 69.0, 29.0, 37.32, 337.23, 20.82, 263.6, 22.89, 165.36, 21.07, 80.96, 19.18], (479.8436, 1244.881, 2312.224)]
[78810.26, [440.0, 69.0, 29.0, 37.32, 350.56, 20.46, 249.34, 22.47, 201.95, 21.07, 85.93, 22.16], (521.1503, 1238.359, 2284.512)]
[90346.3, [440.0, 69.0, 29.0, 37.32, 287.6, 21.59, 292.98, 20.91, 212.66, 21.44, 77.62, 22.16], (557.9207, 1376.878, 2532.228)]
[97995.83, [440.0, 69.0, 29.0, 48.2, 332.32, 19.76, 255.04, 22.97, 189.93, 18.9, 77.62, 21.34], (582.3086, 1358.802, 2532.704)]
[127575.78, [440.0, 69.0, 29.0, 37.32, 347.81, 20.82, 285.15, 23.91, 170.49, 16.16, 89.21, 19.38], (672.3009, 1484.809, 1918.698)]

Population size: 30
Number of couples: 13
Number of kept parents: 0
Best parent kept: True
Mutation Probability: 0.08
Mutation range (x, y): 15, 1
Number of Parameters: 4
Length, Width, Height: [440, 69, 29]

Written time: 27/03/2023 10:55:56