[9.52, [440.0, 69.0, 29.0, 49.28, 344.56, 19.65, 225.52, 23.04, 199.55, 22.32, 89.16, 21.66], (130.8882, 526.7733, 1302.335)]
[11.09, [440.0, 69.0, 29.0, 41.12, 337.83, 19.49, 254.47, 23.0, 199.62, 22.26, 100.15, 21.61], (131.1414, 526.8185, 1313.776)]
[11.93, [440.0, 69.0, 29.0, 49.28, 344.56, 19.84, 231.39, 23.11, 191.79, 22.26, 95.73, 21.53], (130.1251, 523.6984, 1302.356)]
[14.21, [440.0, 69.0, 29.0, 43.7, 334.07, 19.36, 254.92, 23.23, 195.69, 22.26, 94.24, 21.38], (129.5637, 523.2149, 1308.341)]
[14.95, [440.0, 69.0, 29.0, 44.7, 330.59, 19.49, 257.21, 23.0, 200.75, 22.17, 85.92, 21.64], (130.9651, 520.9027, 1296.124)]
[17.7, [440.0, 69.0, 29.0, 49.28, 345.69, 19.84, 227.32, 23.04, 191.79, 22.26, 96.34, 21.38], (131.4682, 529.5603, 1314.214)]
[21.58, [440.0, 69.0, 29.0, 49.99, 336.39, 19.29, 252.76, 22.8, 187.62, 22.18, 92.01, 21.76], (132.1442, 523.4615, 1302.12)]
[23.07, [440.0, 69.0, 29.0, 46.15, 344.56, 20.11, 223.96, 23.04, 191.79, 22.26, 87.85, 21.18], (130.9695, 523.5436, 1285.966)]
[23.74, [440.0, 69.0, 29.0, 42.8, 327.34, 19.49, 255.61, 23.0, 199.62, 22.26, 91.49, 21.56], (131.2326, 528.5083, 1323.894)]
[23.75, [440.0, 69.0, 29.0, 49.28, 337.83, 19.49, 255.61, 23.0, 199.62, 22.26, 96.0, 21.31], (131.3868, 528.3646, 1322.419)]
[26.15, [440.0, 69.0, 29.0, 42.64, 334.07, 19.47, 232.75, 23.11, 191.79, 22.56, 90.07, 21.38], (129.4024, 527.8845, 1312.891)]
[34.64, [440.0, 69.0, 29.0, 41.21, 344.56, 19.84, 227.32, 23.04, 191.79, 22.26, 87.85, 21.38], (131.042, 521.8224, 1276.014)]
[41.04, [440.0, 69.0, 29.0, 49.28, 344.56, 19.88, 229.52, 23.26, 191.79, 22.26, 92.99, 21.38], (129.0027, 520.9847, 1293.712)]
[43.43, [440.0, 69.0, 29.0, 52.91, 344.56, 19.84, 229.52, 22.88, 190.41, 22.26, 95.19, 21.38], (132.529, 531.3354, 1320.999)]
[56.99, [440.0, 69.0, 29.0, 49.28, 345.12, 19.64, 225.52, 22.79, 191.79, 22.26, 92.85, 21.64], (133.4374, 532.2413, 1313.619)]
[75.72, [440.0, 69.0, 29.0, 45.44, 332.78, 19.84, 231.48, 22.8, 191.79, 22.32, 90.07, 21.38], (133.3676, 536.4704, 1329.799)]
[75.84, [440.0, 69.0, 29.0, 46.15, 338.21, 19.49, 252.76, 22.89, 191.3, 22.32, 84.55, 21.66], (129.5185, 510.89, 1259.379)]
[92.15, [440.0, 69.0, 29.0, 48.14, 344.8, 19.84, 226.96, 23.29, 192.53, 22.26, 83.28, 21.38], (128.3553, 514.2659, 1263.499)]
[443.98, [440.0, 69.0, 29.0, 41.21, 337.83, 19.49, 255.9, 23.14, 199.4, 22.55, 89.16, 21.99], (124.9941, 400.5832, 1127.187)]
[584.7, [440.0, 69.0, 29.0, 54.14, 335.98, 19.47, 258.26, 23.23, 199.62, 22.26, 94.24, 21.09], (130.5455, 302.9195, 945.148)]
[1789.66, [440.0, 69.0, 29.0, 37.28, 336.86, 19.49, 255.61, 23.17, 199.62, 22.6, 86.11, 21.52], (125.9811, 1240.335, 2274.497)]
[3115.33, [440, 69, 29, 33.12, 316.19, 18.97, 236.02, 20.55, 180.57, 20.12, 90.54, 22.33], (171.6858, 181.9807, 1147.147)]
[3502.41, [440.0, 69.0, 29.0, 44.7, 330.59, 19.49, 257.21, 23.0, 199.55, 22.32, 85.5, 21.66], (161.8825, 1259.647, 2342.334)]
[3679.85, [440.0, 69.0, 29.0, 49.28, 344.56, 19.84, 227.32, 23.04, 191.79, 22.55, 91.22, 21.7], (85.98852, 128.0207, 1024.556)]
[4457.72, [440.0, 69.0, 29.0, 46.15, 330.27, 19.47, 232.75, 23.26, 191.79, 22.26, 86.86, 21.34], (75.98004, 132.1935, 1301.813)]
[5300.58, [440, 69, 29, 40.31, 293.64, 18.42, 286.22, 19.55, 171.23, 20.66, 115.83, 17.86], (190.5908, 733.3917, 1776.785)]
[6985.88, [440, 69, 29, 53.61, 348.4, 17.46, 281.78, 17.31, 187.3, 20.5, 134.12, 19.52], (204.2982, 752.8211, 1765.035)]
[64247.76, [440.0, 69.0, 29.0, 44.7, 330.59, 19.57, 257.21, 23.0, 191.79, 22.26, 92.6, 21.38], (469.6171, 1309.972, 2406.747)]
[80170.65, [440.0, 69.0, 29.0, 46.15, 335.34, 19.59, 234.73, 23.23, 191.79, 22.21, 90.07, 21.38], (530.7199, 707.2858, 1322.67)]
[96053.62, [440.0, 69.0, 29.0, 40.67, 328.02, 20.32, 252.76, 22.8, 191.3, 22.17, 90.33, 21.52], (576.1774, 1377.666, 2519.156)]

Population size: 30
Number of couples: 13
Number of kept parents: 0
Best parent kept: True
Mutation Probability: 0.25
Mutation range (x, y): 5, 0.3
Number of Parameters: 4
Length, Width, Height: [440, 69, 29]

Written time: 27/03/2023 16:39:35