[28.26, [440.0, 69.0, 29.0, 46.15, 334.07, 19.49, 252.76, 22.8, 191.79, 22.17, 97.36, 21.94], (132.2225, 526.4772, 1316.434)]
[32.41, [440.0, 69.0, 29.0, 46.15, 334.07, 19.49, 252.76, 22.8, 191.79, 22.26, 85.92, 21.7], (131.1519, 518.3835, 1282.559)]
[37.04, [440.0, 69.0, 29.0, 40.28, 338.93, 20.05, 229.52, 23.07, 196.33, 21.96, 89.99, 22.16], (131.4641, 519.8425, 1279.753)]
[49.33, [440.0, 69.0, 29.0, 40.28, 339.32, 19.71, 252.76, 22.84, 199.03, 22.04, 93.77, 22.29], (131.3318, 514.5658, 1271.223)]
[52.99, [440.0, 69.0, 29.0, 46.15, 335.55, 19.49, 252.76, 22.8, 191.79, 22.26, 85.92, 21.94], (130.301, 513.211, 1268.841)]
[74.38, [440.0, 69.0, 29.0, 40.28, 339.32, 19.53, 252.76, 22.84, 191.79, 22.04, 85.92, 21.94], (131.8042, 512.7932, 1254.073)]
[76.59, [440.0, 69.0, 29.0, 40.28, 344.07, 19.83, 230.98, 22.8, 191.79, 22.08, 85.92, 22.16], (132.1147, 515.076, 1254.566)]
[79.93, [440.0, 69.0, 29.0, 46.15, 334.07, 19.49, 252.76, 22.8, 204.88, 21.96, 89.99, 21.94], (134.2426, 530.4583, 1317.344)]
[81.65, [440.0, 69.0, 29.0, 46.15, 342.41, 19.32, 229.52, 23.13, 184.49, 21.94, 76.08, 22.16], (130.8406, 510.7258, 1239.057)]
[92.59, [440.0, 69.0, 29.0, 40.28, 346.06, 19.71, 252.76, 22.84, 199.03, 21.79, 93.77, 22.29], (133.1093, 514.3962, 1259.197)]
[112.22, [440.0, 69.0, 29.0, 40.28, 338.93, 20.4, 252.76, 23.2, 184.49, 21.32, 89.99, 21.35], (134.2811, 518.6769, 1265.071)]
[129.05, [440.0, 69.0, 29.0, 49.28, 344.56, 19.52, 229.52, 22.8, 195.06, 21.72, 89.99, 22.29], (136.0018, 531.7003, 1305.724)]
[149.95, [440.0, 69.0, 29.0, 30.93, 344.7, 19.53, 253.32, 22.84, 191.79, 21.72, 89.99, 21.94], (134.9647, 517.1206, 1248.901)]
[170.19, [440.0, 69.0, 29.0, 40.28, 328.14, 20.32, 252.76, 23.13, 184.49, 21.85, 72.35, 22.16], (128.3661, 493.6669, 1205.796)]
[187.92, [440.0, 69.0, 29.0, 45.87, 335.77, 19.52, 240.54, 23.8, 193.04, 21.91, 85.92, 22.16], (125.5849, 504.8115, 1258.193)]
[205.89, [440.0, 69.0, 29.0, 41.04, 344.56, 19.52, 227.61, 22.8, 184.49, 21.47, 94.18, 22.48], (137.8112, 532.4949, 1296.615)]
[266.47, [440.0, 69.0, 29.0, 60.25, 358.34, 19.49, 262.03, 23.04, 191.79, 22.26, 85.92, 21.94], (125.7741, 486.3211, 1191.705)]
[299.48, [440.0, 69.0, 29.0, 60.25, 358.34, 19.91, 229.52, 23.13, 184.49, 22.24, 76.08, 22.16], (125.3082, 484.4124, 1176.641)]
[405.42, [440.0, 69.0, 29.0, 45.85, 347.13, 19.44, 229.74, 22.8, 191.79, 22.26, 85.92, 21.77], (132.3015, 228.3456, 1215.778)]
[2295.04, [440.0, 69.0, 29.0, 46.15, 334.07, 19.49, 252.76, 22.8, 191.79, 22.26, 85.92, 21.94], (137.3697, 1377.269, 2581.263)]
[3806.69, [440, 69, 29, 56.62, 345.28, 22.43, 270.51, 16.64, 187.66, 21.87, 81.01, 19.25], (181.185, 624.5293, 1438.482)]
[4354.79, [440.0, 69.0, 29.0, 66.55, 321.05, 20.64, 225.71, 15.91, 209.42, 21.72, 89.99, 21.94], (183.9319, 683.8601, 1630.859)]
[5934.95, [440.0, 69.0, 29.0, 35.86, 351.39, 20.02, 229.52, 23.07, 204.04, 21.96, 89.99, 22.16], (68.56832, 131.4432, 675.8054)]
[7089.38, [440.0, 69.0, 29.0, 25.21, 351.39, 20.02, 252.18, 23.2, 184.49, 21.32, 83.9, 22.29], (210.0693, 495.9572, 1301.915)]
[8296.63, [440.0, 69.0, 29.0, 30.93, 344.7, 19.67, 252.76, 22.84, 191.79, 20.13, 133.17, 15.63], (47.42509, 163.8565, 1630.63)]
[8601.25, [440.0, 69.0, 29.0, 40.28, 334.07, 19.83, 252.76, 23.13, 195.06, 21.72, 99.78, 22.29], (48.82205, 132.3671, 521.9525)]
[8989.92, [440, 69, 29, 43.82, 353.82, 22.85, 272.21, 21.62, 176.14, 17.38, 111.14, 21.72], (45.11582, 170.9528, 603.7331)]
[18886.0, [440, 69, 29, 44.18, 311.09, 18.13, 245.22, 14.92, 192.42, 14.78, 78.02, 18.73], (278.0678, 882.9553, 1965.265)]
[66854.43, [440.0, 69.0, 29.0, 45.85, 350.56, 19.24, 252.36, 23.2, 193.25, 22.21, 89.99, 21.45], (480.3458, 1106.659, 2231.212)]
[76296.24, [440.0, 69.0, 29.0, 30.97, 337.23, 19.83, 236.69, 22.8, 191.79, 22.32, 79.97, 21.94], (510.2658, 1955.69, 2256.244)]

Population size: 30
Number of couples: 13
Number of kept parents: 0
Best parent kept: True
Mutation Probability: 0.15
Mutation range (x, y): 10, 0.6
Number of Parameters: 4
Length, Width, Height: [440, 69, 29]

Written time: 27/03/2023 14:51:50