[49.33, [440.0, 69.0, 29.0, 31.82, 329.97, 19.83, 257.24, 22.8, 191.79, 22.26, 89.99, 21.75], (131.0332, 515.1142, 1267.976)]
[52.78, [440.0, 69.0, 29.0, 40.28, 338.93, 19.83, 252.36, 23.2, 193.25, 22.21, 89.99, 22.16], (129.9672, 501.9965, 1284.389)]
[64.88, [440.0, 69.0, 29.0, 40.28, 338.93, 19.88, 252.76, 23.2, 177.24, 21.56, 99.03, 22.07], (132.0454, 513.6052, 1266.581)]
[66.75, [440.0, 69.0, 29.0, 30.93, 337.23, 19.83, 236.69, 22.8, 191.79, 22.26, 85.92, 21.78], (132.027, 518.1691, 1259.839)]
[90.14, [440.0, 69.0, 29.0, 41.04, 338.93, 19.83, 252.76, 23.2, 184.49, 21.47, 89.99, 22.29], (132.1548, 509.0532, 1247.735)]
[96.86, [440.0, 69.0, 29.0, 40.07, 337.23, 19.52, 249.34, 23.2, 193.04, 21.47, 85.92, 22.16], (133.8759, 518.7455, 1269.376)]
[97.82, [440.0, 69.0, 29.0, 40.28, 334.81, 19.53, 252.76, 23.13, 184.49, 21.47, 89.99, 22.16], (134.1625, 519.5629, 1275.296)]
[104.15, [440.0, 69.0, 29.0, 30.93, 337.23, 19.83, 249.34, 23.2, 175.63, 21.56, 89.99, 22.07], (132.2024, 508.7215, 1234.887)]
[107.2, [440.0, 69.0, 29.0, 40.28, 338.93, 19.83, 248.5, 22.8, 191.79, 21.72, 89.99, 22.16], (134.4811, 521.8806, 1272.558)]
[114.68, [440.0, 69.0, 29.0, 45.85, 350.56, 20.02, 229.52, 22.84, 191.03, 21.76, 89.99, 21.75], (134.8121, 523.5591, 1273.728)]
[116.76, [440.0, 69.0, 29.0, 40.28, 334.81, 19.83, 252.76, 23.13, 184.49, 21.47, 85.92, 21.45], (134.9955, 523.3324, 1276.991)]
[120.28, [440.0, 69.0, 29.0, 45.85, 350.56, 19.91, 229.52, 22.8, 191.79, 21.72, 89.99, 22.16], (134.7413, 520.8842, 1268.08)]
[150.91, [440.0, 69.0, 29.0, 38.58, 356.07, 19.91, 249.02, 23.2, 182.19, 21.47, 85.92, 22.16], (130.8884, 494.8437, 1185.834)]
[161.61, [440.0, 69.0, 29.0, 32.52, 356.07, 20.1, 249.02, 23.01, 182.19, 21.47, 89.99, 22.29], (132.4534, 496.6259, 1194.152)]
[165.97, [440.0, 69.0, 29.0, 50.18, 341.99, 20.83, 287.62, 22.19, 184.49, 22.05, 94.53, 22.51], (129.9785, 485.0693, 1187.961)]
[225.96, [440.0, 69.0, 29.0, 39.97, 360.75, 19.91, 277.66, 22.19, 193.25, 22.22, 89.99, 22.72], (128.9143, 481.0008, 1150.587)]
[421.91, [440.0, 69.0, 29.0, 37.78, 356.54, 22.36, 252.76, 23.2, 184.09, 21.47, 91.53, 22.16], (124.1295, 463.5916, 1118.67)]
[449.24, [440.0, 69.0, 29.0, 37.78, 356.54, 22.88, 243.38, 23.2, 184.09, 21.47, 91.53, 21.67], (123.1984, 466.1094, 1126.157)]
[960.81, [440.0, 69.0, 29.0, 40.28, 358.08, 19.91, 287.62, 22.19, 196.83, 22.26, 89.99, 22.72], (127.9943, 855.0978, 1889.775)]
[2276.69, [440, 69, 29, 24.35, 303.78, 18.96, 293.2, 20.64, 148.71, 21.4, 142.86, 21.8], (164.0115, 629.6586, 1565.579)]
[4945.7, [440.0, 69.0, 29.0, 40.28, 338.93, 19.26, 252.76, 18.74, 168.12, 21.91, 133.12, 16.53], (188.16, 715.9876, 1718.33)]
[5815.72, [440.0, 69.0, 29.0, 33.18, 338.93, 19.83, 252.36, 23.2, 184.49, 21.67, 85.92, 23.03], (66.05676, 128.4681, 1098.207)]
[6464.87, [440, 69, 29, 43.54, 298.03, 18.94, 276.84, 15.67, 194.91, 19.84, 119.21, 22.89], (200.345, 745.448, 1752.818)]
[8668.36, [440.0, 69.0, 29.0, 50.18, 341.99, 20.53, 287.62, 21.77, 193.25, 22.21, 89.99, 22.16], (43.31326, 133.2547, 1214.606)]
[12641.42, [440.0, 69.0, 29.0, 40.28, 337.23, 19.91, 252.41, 23.2, 190.38, 21.0, 89.99, 22.16], (21.23205, 137.0227, 523.9761)]
[30719.73, [440.0, 69.0, 29.0, 31.82, 329.97, 19.83, 252.76, 23.2, 187.32, 21.47, 91.53, 22.16], (335.7278, 1227.533, 1990.343)]
[49170.49, [440.0, 69.0, 29.0, 42.6, 351.88, 19.91, 249.02, 23.2, 182.19, 21.47, 89.62, 22.29], (413.6516, 1194.293, 2240.329)]
[75963.24, [440.0, 69.0, 29.0, 40.28, 334.81, 20.22, 252.76, 23.13, 184.49, 21.47, 85.92, 21.78], (511.3447, 1254.24, 2309.224)]
[88684.27, [440.0, 69.0, 29.0, 45.85, 350.56, 19.91, 221.21, 22.8, 191.79, 22.26, 89.99, 21.75], (553.3075, 1322.106, 2351.191)]
[169198.04, [440, 69, 29, 40.34, 331.91, 17.33, 291.88, 14.97, 172.12, 20.44, 99.04, 18.74], (781.9446, 1752.327, 3126.021)]

Population size: 30
Number of couples: 13
Number of kept parents: 0
Best parent kept: True
Mutation Probability: 0.15
Mutation range (x, y): 10, 0.6
Number of Parameters: 4
Length, Width, Height: [440, 69, 29]

Written time: 27/03/2023 13:28:05