[123.27, [440.0, 69.0, 29.0, 36.07, 350.56, 19.91, 249.34, 23.2, 189.7, 21.47, 89.99, 22.16], (132.0876, 504.1591, 1218.345)]
[172.96, [440.0, 69.0, 29.0, 41.14, 350.56, 19.91, 249.87, 23.2, 189.7, 21.07, 89.99, 22.16], (135.2483, 512.9125, 1238.922)]
[195.41, [440.0, 69.0, 29.0, 40.28, 350.56, 19.91, 234.5, 23.2, 189.7, 21.07, 75.09, 22.16], (135.2315, 510.7759, 1218.071)]
[206.9, [440.0, 69.0, 29.0, 37.32, 337.23, 20.82, 255.04, 22.89, 165.36, 21.07, 80.96, 22.16], (134.4193, 498.7063, 1194.263)]
[206.9, [440.0, 69.0, 29.0, 37.32, 337.23, 20.82, 255.04, 22.89, 165.36, 21.07, 80.96, 22.16], (134.4193, 498.7063, 1194.263)]
[206.92, [440.0, 69.0, 29.0, 37.32, 337.23, 20.82, 255.04, 22.89, 165.36, 21.07, 80.96, 22.16], (134.4193, 498.7057, 1194.239)]
[234.64, [440.0, 69.0, 29.0, 21.67, 350.56, 19.91, 249.34, 23.2, 189.7, 21.07, 89.99, 22.16], (136.3686, 511.1059, 1216.587)]
[256.75, [440.0, 69.0, 29.0, 37.32, 361.93, 20.46, 262.51, 22.89, 165.36, 21.07, 80.96, 22.16], (133.3071, 483.2402, 1130.784)]
[257.53, [440.0, 69.0, 29.0, 27.72, 364.11, 21.88, 269.94, 22.89, 165.36, 21.07, 80.96, 19.99], (133.3536, 486.1651, 1128.18)]
[261.31, [440.0, 69.0, 29.0, 27.72, 364.11, 21.88, 269.94, 22.89, 165.36, 21.04, 80.96, 19.99], (133.5796, 486.7941, 1129.297)]
[265.03, [440.0, 69.0, 29.0, 37.32, 337.23, 20.82, 255.04, 22.89, 165.36, 21.07, 80.96, 19.99], (138.4919, 526.911, 1259.543)]
[265.33, [440.0, 69.0, 29.0, 18.06, 364.11, 22.52, 269.94, 22.89, 165.36, 21.07, 80.96, 19.99], (132.0934, 477.4183, 1103.124)]
[301.98, [440.0, 69.0, 29.0, 37.32, 337.23, 20.82, 279.72, 22.97, 189.7, 20.8, 80.96, 21.59], (138.1147, 507.9129, 1218.789)]
[324.93, [440.0, 69.0, 29.0, 37.32, 350.56, 19.91, 255.04, 22.89, 160.35, 21.23, 80.96, 19.18], (139.7291, 532.17, 1258.348)]
[341.21, [440.0, 69.0, 29.0, 37.32, 337.23, 20.82, 237.1, 22.47, 189.7, 21.07, 89.99, 22.16], (141.0227, 532.1106, 1302.007)]
[407.21, [440.0, 69.0, 29.0, 37.32, 351.44, 19.91, 245.41, 22.89, 165.36, 20.5, 77.62, 22.49], (140.0437, 510.5248, 1194.091)]
[407.41, [440.0, 69.0, 29.0, 37.32, 350.56, 19.91, 249.34, 22.47, 189.7, 21.07, 89.99, 22.16], (141.6557, 527.3827, 1261.886)]
[499.75, [440.0, 69.0, 29.0, 37.32, 337.23, 20.82, 255.04, 22.89, 165.36, 20.4, 80.96, 19.99], (143.6133, 541.4351, 1284.526)]
[889.2, [440.0, 69.0, 29.0, 37.32, 350.56, 20.81, 249.34, 22.89, 165.36, 19.32, 89.99, 20.29], (150.1321, 557.5967, 1302.413)]
[1010.03, [440.0, 69.0, 29.0, 29.49, 337.23, 20.82, 255.04, 22.89, 165.36, 20.4, 80.96, 19.99], (143.983, 244.974, 1054.319)]
[1059.62, [440.0, 69.0, 29.0, 37.32, 351.44, 19.91, 249.34, 22.89, 165.36, 21.44, 77.62, 22.75], (131.5192, 139.9354, 637.7659)]
[2034.56, [440.0, 69.0, 29.0, 24.99, 329.48, 21.7, 275.74, 21.58, 208.6, 19.72, 102.77, 20.83], (163.6109, 587.3365, 1400.287)]
[3141.52, [440.0, 69.0, 29.0, 37.32, 337.23, 20.82, 263.11, 22.41, 156.99, 16.07, 96.95, 22.26], (175.1665, 612.2572, 1406.775)]
[4930.51, [440.0, 69.0, 29.0, 41.14, 356.71, 22.86, 219.93, 18.48, 213.23, 19.99, 110.5, 17.55], (189.5404, 678.3831, 1583.003)]
[7716.08, [440, 69, 29, 62.16, 338.35, 14.61, 222.47, 15.55, 177.17, 22.9, 106.22, 18.79], (208.5973, 808.7591, 1878.489)]
[8083.61, [440, 69, 29, 19.37, 340.91, 22.78, 247.48, 22.26, 192.92, 19.11, 96.6, 15.24], (199.9835, 1538.298, 2623.867)]
[9912.27, [440.0, 69.0, 29.0, 33.63, 350.56, 19.91, 257.97, 22.31, 189.7, 21.07, 89.99, 19.18], (38.98221, 150.2119, 568.894)]
[11141.79, [440.0, 69.0, 29.0, 75.03, 350.56, 19.91, 249.34, 22.89, 165.36, 21.07, 80.96, 19.99], (34.13574, 54.387, 140.9563)]
[59120.05, [440.0, 69.0, 29.0, 37.32, 361.93, 20.46, 262.51, 22.89, 165.36, 21.07, 80.96, 22.16], (451.7142, 1279.9, 2186.208)]
[70474.91, [440, 69, 29, 51.45, 298.15, 21.65, 283.75, 17.94, 198.11, 17.03, 101.77, 16.64], (486.1408, 1795.768, 3530.739)]

Population size: 30
Number of couples: 13
Number of kept parents: 0
Best parent kept: True
Mutation Probability: 0.08
Mutation range (x, y): 15, 1
Number of Parameters: 4
Length, Width, Height: [440, 69, 29]

Written time: 27/03/2023 11:05:31