[5.26, [440.0, 69.0, 29.0, 40.73, 337.83, 19.49, 254.47, 23.05, 199.62, 22.26, 100.15, 21.61], (130.7394, 525.6648, 1310.775)]
[6.93, [440.0, 69.0, 29.0, 49.28, 344.25, 19.84, 226.96, 22.95, 195.69, 22.37, 94.24, 21.6], (130.9847, 527.5133, 1310.088)]
[9.41, [440.0, 69.0, 29.0, 42.8, 330.11, 19.49, 255.61, 23.0, 199.62, 22.26, 91.49, 21.56], (131.0039, 525.9844, 1313.973)]
[12.1, [440.0, 69.0, 29.0, 49.28, 336.39, 19.5, 252.76, 23.26, 191.79, 22.02, 86.86, 21.05], (131.0611, 523.1312, 1297.389)]
[13.69, [440.0, 69.0, 29.0, 49.28, 344.56, 19.88, 231.39, 22.91, 188.45, 22.26, 95.73, 21.53], (131.5598, 525.419, 1303.057)]
[13.75, [440.0, 69.0, 29.0, 44.55, 337.83, 19.49, 254.47, 23.05, 195.69, 22.15, 94.24, 21.61], (130.8824, 521.389, 1296.423)]
[13.93, [440.0, 69.0, 29.0, 40.73, 337.83, 19.49, 254.47, 23.05, 199.62, 22.38, 100.15, 21.61], (129.6287, 523.175, 1307.166)]
[21.35, [440.0, 69.0, 29.0, 49.28, 344.56, 19.88, 230.73, 23.26, 196.52, 22.22, 95.73, 21.53], (129.4454, 523.8961, 1312.841)]
[22.74, [440.0, 69.0, 29.0, 49.28, 343.76, 19.88, 229.52, 23.26, 196.52, 22.26, 96.36, 21.61], (129.1326, 523.8587, 1307.775)]
[24.15, [440.0, 69.0, 29.0, 48.14, 342.55, 19.88, 229.52, 23.26, 196.52, 22.26, 96.89, 21.61], (129.3123, 525.3228, 1311.825)]
[29.13, [440.0, 69.0, 29.0, 49.28, 344.56, 19.88, 230.73, 22.79, 191.79, 22.26, 92.85, 21.66], (132.2795, 525.5558, 1299.063)]
[31.89, [440.0, 69.0, 29.0, 47.25, 336.39, 19.5, 252.76, 23.26, 191.79, 22.02, 86.86, 21.34], (130.3503, 518.3805, 1284.262)]
[41.53, [440.0, 69.0, 29.0, 49.28, 345.12, 19.18, 227.62, 23.26, 196.52, 22.22, 95.73, 21.53], (131.5115, 535.7878, 1331.285)]
[43.56, [440.0, 69.0, 29.0, 44.55, 337.83, 19.41, 226.64, 23.5, 194.62, 22.26, 92.99, 21.63], (128.7009, 528.249, 1315.994)]
[44.82, [440.0, 69.0, 29.0, 49.28, 348.34, 19.34, 231.61, 22.79, 195.3, 22.26, 88.37, 21.81], (132.5479, 524.9588, 1287.872)]
[53.39, [440.0, 69.0, 29.0, 48.14, 344.56, 19.88, 229.52, 23.05, 196.52, 22.03, 96.89, 21.6], (132.9471, 532.7281, 1320.871)]
[60.42, [440.0, 69.0, 29.0, 49.28, 336.39, 19.53, 252.76, 23.26, 191.79, 22.26, 86.86, 21.1], (128.6936, 516.5445, 1285.276)]
[63.39, [440.0, 69.0, 29.0, 53.5, 345.69, 19.84, 254.47, 23.05, 195.69, 22.15, 94.24, 21.6], (129.3956, 511.6164, 1273.253)]
[76.06, [440.0, 69.0, 29.0, 53.5, 345.69, 19.84, 227.32, 23.16, 191.79, 22.26, 88.37, 21.81], (128.573, 514.0569, 1274.793)]
[97.56, [440.0, 69.0, 29.0, 49.28, 345.12, 19.34, 227.62, 22.79, 191.07, 22.26, 95.99, 21.66], (134.1631, 537.5924, 1330.03)]
[100.87, [440.0, 69.0, 29.0, 49.28, 336.39, 19.5, 252.76, 23.46, 191.79, 22.02, 86.86, 21.61], (127.8714, 510.1354, 1270.826)]
[108.39, [440.0, 69.0, 29.0, 49.28, 345.12, 19.34, 231.61, 22.79, 195.3, 22.26, 91.57, 21.29], (134.6114, 538.866, 1326.876)]
[762.71, [440.0, 69.0, 29.0, 49.28, 344.56, 19.88, 230.73, 23.26, 196.52, 22.26, 100.15, 21.61], (129.2836, 525.9364, 2049.244)]
[1654.74, [440.0, 69.0, 29.0, 41.23, 339.89, 19.77, 229.52, 23.26, 195.69, 22.15, 94.24, 21.6], (131.7701, 1303.098, 2173.664)]
[5084.93, [440, 69, 29, 36.56, 325.67, 16.28, 245.31, 19.47, 161.77, 22.46, 146.03, 16.81], (187.6951, 767.4124, 1858.835)]
[12579.34, [440.0, 69.0, 29.0, 44.55, 337.83, 19.49, 254.47, 23.19, 195.69, 22.26, 100.15, 21.61], (21.69412, 129.2081, 521.391)]
[38055.43, [440.0, 69.0, 29.0, 46.15, 344.56, 19.85, 221.84, 23.04, 191.79, 22.32, 96.34, 21.58], (366.6177, 1310.894, 2365.908)]
[51353.56, [440.0, 69.0, 29.0, 40.73, 342.24, 19.49, 254.47, 23.05, 196.28, 22.15, 94.24, 21.6], (421.5531, 1270.69, 2339.864)]
[66627.12, [440.0, 69.0, 29.0, 48.14, 339.38, 19.84, 226.96, 22.95, 198.29, 22.22, 95.73, 21.53], (477.9788, 1325.767, 2447.465)]
[93450.53, [440.0, 69.0, 29.0, 44.55, 337.83, 19.49, 254.47, 23.05, 196.52, 22.39, 96.89, 21.61], (567.8673, 1382.179, 2529.84)]

Population size: 30
Number of couples: 14
Number of kept parents: 0
Best parent kept: True
Mutation Probability: 0.1
Mutation range (x, y): 5, 0.3
Number of Parameters: 4
Length, Width, Height: [440, 69, 29]

Written time: 27/03/2023 17:14:12