[86.7, [440.0, 69.0, 29.0, 37.32, 337.23, 19.91, 249.34, 23.2, 191.79, 21.47, 89.99, 22.16], (133.2705, 527.874, 1264.573)]
[99.44, [440.0, 69.0, 29.0, 37.32, 337.23, 19.91, 249.34, 23.2, 200.45, 21.47, 89.99, 21.88], (134.6624, 524.2178, 1285.182)]
[105.38, [440.0, 69.0, 29.0, 40.28, 350.56, 19.91, 234.97, 23.2, 189.7, 21.47, 89.99, 22.16], (132.9378, 513.0589, 1243.919)]
[111.42, [440.0, 69.0, 29.0, 37.32, 350.56, 19.83, 249.34, 22.41, 191.79, 22.26, 89.99, 22.16], (131.8886, 506.1054, 1225.013)]
[113.64, [440.0, 69.0, 29.0, 38.63, 337.23, 19.91, 249.34, 23.2, 191.79, 21.47, 77.95, 22.16], (132.3759, 506.923, 1230.356)]
[123.38, [440.0, 69.0, 29.0, 36.07, 350.56, 19.91, 244.05, 23.2, 182.64, 21.47, 89.99, 22.16], (132.0199, 504.3726, 1216.886)]
[125.25, [440.0, 69.0, 29.0, 40.28, 350.56, 19.91, 253.59, 23.2, 182.64, 21.47, 89.99, 22.16], (131.2317, 499.4635, 1209.373)]
[127.07, [440.0, 69.0, 29.0, 36.07, 358.31, 19.91, 249.34, 23.2, 191.79, 21.47, 95.1, 22.16], (132.0149, 503.3611, 1214.132)]
[127.85, [440.0, 69.0, 29.0, 37.32, 350.56, 19.83, 249.34, 23.2, 200.45, 21.47, 89.99, 22.98], (130.421, 496.6476, 1209.334)]
[132.08, [440.0, 69.0, 29.0, 37.32, 345.37, 19.83, 249.34, 23.2, 200.45, 21.47, 77.62, 22.49], (131.4625, 499.1243, 1205.408)]
[135.91, [440.0, 69.0, 29.0, 40.28, 350.56, 19.91, 249.34, 23.2, 203.15, 21.47, 77.62, 22.16], (131.9141, 500.9017, 1206.121)]
[151.73, [440.0, 69.0, 29.0, 37.32, 337.23, 19.91, 249.34, 23.2, 191.79, 21.47, 89.99, 22.16], (133.2695, 516.016, 1202.138)]
[161.79, [440.0, 69.0, 29.0, 36.07, 350.56, 19.91, 264.04, 23.2, 185.76, 21.47, 84.92, 22.16], (130.616, 491.0134, 1179.449)]
[173.0, [440.0, 69.0, 29.0, 36.07, 350.56, 19.91, 236.77, 22.89, 181.87, 21.47, 89.99, 22.16], (135.2311, 514.3482, 1236.897)]
[199.78, [440.0, 69.0, 29.0, 40.28, 350.56, 19.91, 249.34, 23.2, 189.7, 21.47, 77.62, 22.85], (129.2097, 485.2431, 1166.66)]
[268.12, [440.0, 69.0, 29.0, 36.07, 350.56, 20.82, 255.04, 22.93, 165.36, 20.78, 80.96, 22.16], (135.3497, 494.2873, 1165.608)]
[287.34, [440.0, 69.0, 29.0, 40.28, 350.56, 19.91, 249.34, 22.89, 165.36, 20.78, 80.96, 23.06], (136.3848, 497.5626, 1177.997)]
[825.6, [440.0, 69.0, 29.0, 36.07, 339.25, 19.91, 263.03, 23.2, 189.7, 21.07, 98.38, 22.49], (112.7031, 513.977, 1262.485)]
[854.33, [440.0, 69.0, 29.0, 16.93, 323.55, 20.84, 235.35, 20.01, 213.2, 22.37, 75.89, 22.16], (149.6177, 559.3952, 1310.861)]
[1061.55, [440.0, 69.0, 29.0, 36.07, 341.21, 20.82, 248.68, 22.89, 165.36, 20.78, 80.96, 14.64], (149.8974, 429.0656, 1441.782)]
[1229.92, [440.0, 69.0, 29.0, 36.07, 350.56, 20.82, 268.69, 23.2, 191.96, 21.44, 81.13, 22.16], (128.7395, 153.3369, 477.9835)]
[1744.15, [440, 69, 29, 10.11, 321.01, 22.58, 269.95, 22.74, 190.52, 14.64, 124.01, 22.12], (158.7853, 610.6078, 1485.501)]
[8248.47, [440.0, 69.0, 29.0, 36.07, 339.25, 19.91, 249.34, 23.2, 189.7, 21.07, 89.99, 22.16], (51.41032, 136.6075, 521.7325)]
[8717.44, [440, 69, 29, 69.85, 326.89, 15.09, 293.04, 15.75, 203.49, 19.75, 138.7, 21.3], (214.9968, 832.8992, 1991.913)]
[15544.18, [440, 69, 29, 24.29, 309.16, 17.93, 225.47, 15.45, 150.21, 16.48, 126.53, 21.06], (259.6379, 843.4609, 1910.335)]
[39056.81, [440.0, 69.0, 29.0, 37.32, 361.93, 20.46, 260.56, 22.89, 161.51, 20.86, 89.99, 22.16], (372.2415, 1172.463, 2202.64)]
[53400.75, [440.0, 69.0, 29.0, 37.32, 337.23, 19.91, 249.34, 23.2, 191.79, 22.09, 89.99, 22.16], (429.9551, 1249.476, 2243.864)]
[64017.36, [440.0, 69.0, 29.0, 36.07, 350.56, 19.91, 253.59, 23.2, 165.36, 20.78, 80.96, 19.99], (469.4501, 1253.188, 2279.234)]
[66524.6, [440.0, 69.0, 29.0, 36.07, 350.56, 20.82, 255.04, 22.89, 165.36, 20.78, 80.96, 22.16], (479.2366, 1160.502, 2158.358)]
[82275.56, [440.0, 69.0, 29.0, 37.32, 337.23, 19.91, 249.34, 23.2, 191.79, 21.47, 89.99, 22.16], (531.4592, 1388.791, 2524.209)]

Population size: 30
Number of couples: 13
Number of kept parents: 0
Best parent kept: True
Mutation Probability: 0.08
Mutation range (x, y): 15, 1
Number of Parameters: 4
Length, Width, Height: [440, 69, 29]

Written time: 27/03/2023 11:40:24