[7.05, [440.0, 69.0, 29.0, 49.28, 344.56, 19.84, 229.52, 23.11, 191.79, 22.26, 94.24, 21.38], (130.5563, 525.8512, 1304.975)]
[10.2, [440.0, 69.0, 29.0, 49.28, 344.56, 19.84, 226.5, 23.04, 191.79, 22.26, 92.6, 21.38], (131.3304, 527.746, 1306.147)]
[14.89, [440.0, 69.0, 29.0, 40.67, 330.49, 20.12, 249.47, 22.8, 198.5, 22.26, 91.22, 21.7], (131.4063, 522.4351, 1298.63)]
[15.33, [440.0, 69.0, 29.0, 46.15, 330.59, 19.49, 257.21, 23.0, 199.55, 22.26, 89.16, 21.7], (130.086, 520.3709, 1301.879)]
[25.14, [440.0, 69.0, 29.0, 46.15, 334.07, 19.47, 258.26, 23.0, 199.62, 22.26, 91.22, 21.7], (129.9351, 518.7392, 1295.733)]
[27.16, [440.0, 69.0, 29.0, 49.28, 334.07, 19.63, 248.61, 23.04, 191.79, 22.05, 94.82, 21.7], (131.8646, 527.2708, 1320.487)]
[29.0, [440.0, 69.0, 29.0, 46.15, 334.07, 19.49, 252.76, 22.8, 191.3, 22.28, 85.92, 21.52], (131.4737, 520.5456, 1287.204)]
[31.36, [440.0, 69.0, 29.0, 41.21, 337.83, 19.49, 255.61, 23.0, 199.62, 22.26, 91.22, 21.56], (130.4039, 518.7456, 1283.894)]
[34.11, [440.0, 69.0, 29.0, 46.15, 334.07, 19.81, 234.73, 23.04, 191.79, 22.26, 92.6, 21.38], (131.6357, 532.2336, 1325.793)]
[37.19, [440.0, 69.0, 29.0, 46.04, 334.07, 19.47, 258.26, 23.0, 187.75, 22.26, 95.2, 21.7], (129.5552, 516.5088, 1291.79)]
[50.97, [440.0, 69.0, 29.0, 51.08, 339.32, 19.5, 249.75, 22.8, 191.79, 22.26, 85.92, 21.88], (130.3689, 513.4199, 1269.95)]
[57.21, [440.0, 69.0, 29.0, 46.15, 334.07, 19.72, 252.76, 22.91, 191.79, 22.26, 85.92, 21.7], (129.7864, 513.0917, 1271.482)]
[63.17, [440.0, 69.0, 29.0, 46.15, 334.07, 19.77, 258.26, 23.0, 199.62, 22.26, 91.22, 21.59], (129.7012, 514.0972, 1265.836)]
[71.33, [440.0, 69.0, 29.0, 40.28, 334.71, 20.12, 257.47, 22.73, 191.23, 22.44, 95.2, 21.7], (129.1922, 510.9714, 1269.714)]
[74.56, [440.0, 69.0, 29.0, 45.27, 344.56, 20.1, 231.85, 22.81, 194.01, 21.9, 97.36, 21.94], (134.3206, 528.7826, 1304.792)]
[74.88, [440.0, 69.0, 29.0, 46.15, 334.07, 19.49, 257.21, 23.0, 191.79, 22.26, 85.92, 21.7], (129.0959, 511.0304, 1267.973)]
[75.42, [440.0, 69.0, 29.0, 46.15, 334.07, 19.47, 258.26, 23.23, 199.62, 22.26, 91.22, 21.7], (128.0717, 513.8017, 1287.546)]
[109.48, [440.0, 69.0, 29.0, 49.28, 344.56, 19.49, 252.76, 23.0, 194.69, 22.04, 85.92, 22.24], (129.2058, 503.3315, 1238.942)]
[135.52, [440.0, 69.0, 29.0, 46.15, 329.44, 19.84, 231.48, 22.8, 191.79, 22.26, 92.6, 21.38], (134.4308, 543.5957, 1354.491)]
[158.89, [440.0, 69.0, 29.0, 46.68, 331.92, 19.39, 252.76, 22.8, 191.79, 21.96, 92.6, 21.38], (135.8108, 539.2329, 1339.314)]
[205.09, [440.0, 69.0, 29.0, 46.15, 331.67, 19.39, 252.76, 23.2, 191.79, 22.51, 89.99, 22.16], (124.8567, 503.5843, 1268.072)]
[211.44, [440.0, 69.0, 29.0, 46.15, 344.56, 19.97, 229.52, 23.04, 191.79, 22.26, 92.6, 21.46], (123.6957, 521.7703, 1288.045)]
[2097.67, [440.0, 69.0, 29.0, 46.15, 334.07, 19.49, 252.76, 22.87, 199.55, 22.26, 91.22, 21.7], (133.2155, 1385.55, 2506.262)]
[2135.2, [440.0, 69.0, 29.0, 44.49, 338.93, 20.13, 229.74, 22.82, 192.01, 19.26, 101.07, 18.17], (162.5096, 646.0378, 1536.038)]
[4342.83, [440.0, 69.0, 29.0, 35.1, 361.64, 17.52, 252.02, 15.68, 150.86, 22.51, 89.04, 21.7], (185.741, 649.3942, 1453.914)]
[5154.52, [440, 69, 29, 60.85, 364.03, 15.56, 249.07, 15.41, 181.84, 22.3, 90.79, 21.01], (190.7716, 346.4808, 1643.111)]
[74473.16, [440.0, 69.0, 29.0, 46.15, 337.23, 19.83, 237.02, 22.8, 199.69, 22.04, 86.41, 21.94], (505.8826, 1282.805, 2383.08)]
[93867.65, [440, 69, 29, 60.55, 308.21, 19.44, 291.21, 15.08, 190.13, 20.93, 133.28, 22.8], (565.9443, 1714.819, 3216.694)]
[139431.31, [440, 69, 29, 25.93, 354.6, 16.53, 230.7, 17.89, 173.73, 22.21, 109.57, 18.34], (703.7437, 1621.385, 2504.785)]
[282509.0, [440.0, 69.0, 29.0, 45.27, 344.56, 19.43, 250.23, 22.8, 198.67, 22.42, 91.22, 21.7], (1053.665, 1267.952, 2724.029)]

Population size: 30
Number of couples: 13
Number of kept parents: 0
Best parent kept: True
Mutation Probability: 0.25
Mutation range (x, y): 5, 0.3
Number of Parameters: 4
Length, Width, Height: [440, 69, 29]

Written time: 27/03/2023 15:37:20