[89.43, [440.0, 69.0, 29.0, 37.32, 337.23, 19.91, 249.34, 23.2, 191.79, 21.47, 89.99, 22.16], (133.2695, 516.0196, 1264.432)]
[89.43, [440.0, 69.0, 29.0, 37.32, 337.23, 19.91, 249.34, 23.2, 191.79, 21.47, 89.99, 22.16], (133.2695, 516.0196, 1264.432)]
[113.64, [440.0, 69.0, 29.0, 38.63, 337.23, 19.91, 249.34, 23.2, 191.79, 21.47, 77.95, 22.16], (132.3759, 506.923, 1230.356)]
[114.44, [440.0, 69.0, 29.0, 40.28, 350.56, 19.91, 249.34, 23.2, 189.7, 21.47, 89.99, 22.16], (131.9458, 504.8351, 1224.162)]
[119.75, [440.0, 69.0, 29.0, 40.28, 338.93, 19.83, 252.76, 23.2, 200.45, 21.47, 77.62, 21.88], (133.4468, 512.307, 1242.069)]
[133.12, [440.0, 69.0, 29.0, 37.32, 350.56, 19.83, 249.34, 22.41, 191.79, 22.26, 89.99, 21.2], (134.7632, 520.6115, 1256.163)]
[144.47, [440.0, 69.0, 29.0, 40.28, 345.37, 19.83, 249.34, 23.2, 187.18, 21.47, 77.62, 22.49], (130.6782, 494.7584, 1192.648)]
[146.09, [440.0, 69.0, 29.0, 37.32, 337.23, 19.91, 249.34, 23.2, 200.45, 22.21, 89.99, 22.16], (127.2273, 503.9761, 1249.21)]
[152.33, [440.0, 69.0, 29.0, 36.07, 350.56, 19.91, 244.05, 23.53, 182.64, 21.47, 89.99, 22.16], (129.0751, 497.5762, 1204.391)]
[187.34, [440.0, 69.0, 29.0, 36.07, 350.56, 20.82, 268.69, 23.2, 191.96, 21.12, 89.99, 22.71], (130.5238, 482.2848, 1163.309)]
[195.88, [440.0, 69.0, 29.0, 37.32, 337.23, 19.91, 249.34, 23.2, 200.45, 22.21, 89.99, 22.49], (126.1884, 498.5538, 1236.403)]
[224.17, [440.0, 69.0, 29.0, 38.63, 337.23, 19.91, 255.4, 23.2, 191.79, 22.26, 89.99, 22.16], (125.7204, 495.297, 1226.834)]
[258.82, [440.0, 69.0, 29.0, 37.32, 349.94, 20.46, 260.56, 22.89, 147.49, 20.88, 89.99, 22.16], (135.2459, 495.0849, 1170.81)]
[275.46, [440.0, 69.0, 29.0, 37.32, 361.93, 20.46, 260.56, 22.89, 161.51, 20.91, 89.99, 21.88], (135.5001, 495.0452, 1162.348)]
[291.55, [440.0, 69.0, 29.0, 37.32, 350.56, 19.83, 249.34, 22.41, 191.79, 21.47, 82.62, 22.16], (138.4104, 516.6039, 1232.638)]
[527.09, [440.0, 69.0, 29.0, 38.63, 337.23, 19.91, 249.34, 23.2, 191.79, 21.47, 77.95, 17.36], (142.5121, 575.1128, 1383.207)]
[1378.56, [440.0, 69.0, 29.0, 37.32, 337.23, 19.91, 249.34, 23.2, 200.45, 22.21, 89.99, 21.88], (127.5352, 907.9696, 2242.63)]
[1723.44, [440.0, 69.0, 29.0, 37.32, 330.95, 19.91, 249.64, 23.2, 189.7, 21.47, 76.13, 21.88], (134.0961, 1216.977, 2278.358)]
[4110.42, [440, 69, 29, 14.8, 363.1, 17.02, 291.57, 20.6, 202.66, 20.02, 105.6, 19.07], (183.2947, 654.1626, 1485.642)]
[4480.1, [440.0, 69.0, 29.0, 37.32, 361.93, 19.83, 238.51, 22.41, 191.79, 22.26, 89.99, 22.16], (83.43361, 117.6067, 494.922)]
[5383.98, [440.0, 69.0, 29.0, 40.28, 337.31, 19.91, 249.34, 23.2, 189.7, 21.42, 89.99, 22.16], (73.10173, 194.9451, 636.6631)]
[7053.21, [440.0, 69.0, 29.0, 10.36, 318.91, 15.27, 229.46, 16.88, 205.84, 20.37, 116.25, 22.16], (204.8614, 777.1175, 1735.51)]
[9131.78, [440.0, 69.0, 29.0, 69.85, 326.89, 19.91, 249.34, 23.2, 200.45, 21.47, 89.99, 22.16], (39.77185, 138.8115, 1368.736)]
[9369.13, [440, 69, 29, 26.55, 295.9, 17.22, 277.1, 22.68, 198.01, 14.52, 83.5, 18.64], (221.3501, 783.251, 1802.566)]
[10758.72, [440.0, 69.0, 29.0, 37.32, 344.25, 19.91, 234.97, 23.2, 189.7, 21.47, 77.43, 21.54], (26.3535, 507.4743, 1241.515)]
[11471.96, [440.0, 69.0, 29.0, 10.36, 318.91, 15.27, 229.46, 16.88, 205.84, 20.37, 116.25, 17.36], (234.3408, 863.9498, 1905.581)]
[14055.68, [440, 69, 29, 59.35, 352.07, 20.27, 280.0, 14.7, 159.83, 17.78, 112.93, 18.32], (251.6994, 794.3393, 1801.463)]
[53953.39, [440.0, 69.0, 29.0, 37.32, 337.23, 19.91, 234.97, 23.2, 181.26, 21.47, 77.43, 22.16], (432.2318, 1202.077, 2252.118)]
[60290.61, [440.0, 69.0, 29.0, 37.32, 350.56, 19.83, 249.34, 22.41, 191.79, 22.26, 81.13, 22.16], (456.317, 1197.447, 2197.993)]
[121260.92, [440.0, 69.0, 29.0, 37.32, 344.25, 14.73, 293.04, 15.75, 203.49, 19.75, 138.7, 21.3], (651.2996, 1276.077, 3071.504)]

Population size: 30
Number of couples: 13
Number of kept parents: 0
Best parent kept: True
Mutation Probability: 0.08
Mutation range (x, y): 15, 1
Number of Parameters: 4
Length, Width, Height: [440, 69, 29]

Written time: 27/03/2023 12:00:05