[95.13, [440.0, 69.0, 29.0, 37.32, 337.23, 19.91, 249.34, 23.2, 191.79, 21.47, 89.99, 22.16], (133.2695, 516.0196, 1258.736)]
[114.44, [440.0, 69.0, 29.0, 40.28, 350.56, 19.91, 249.34, 23.2, 189.7, 21.47, 89.99, 22.16], (131.9458, 504.8351, 1224.162)]
[139.92, [440.0, 69.0, 29.0, 36.07, 358.31, 19.91, 249.34, 23.2, 191.79, 21.47, 89.99, 22.16], (131.6514, 499.4917, 1199.646)]
[169.53, [440.0, 69.0, 29.0, 37.32, 337.23, 19.91, 249.34, 23.2, 189.7, 21.07, 89.99, 22.16], (136.5511, 523.4871, 1276.287)]
[205.98, [440.0, 69.0, 29.0, 37.32, 350.56, 19.91, 261.04, 22.89, 160.35, 21.23, 95.49, 22.16], (134.8021, 502.1429, 1202.932)]
[207.78, [440.0, 69.0, 29.0, 36.07, 350.56, 19.91, 234.5, 23.2, 189.7, 21.07, 75.09, 22.16], (135.397, 510.0486, 1211.695)]
[215.59, [440.0, 69.0, 29.0, 27.72, 350.56, 19.91, 249.34, 23.2, 189.7, 22.06, 89.99, 22.16], (127.4292, 491.0266, 1187.008)]
[232.47, [440.0, 69.0, 29.0, 36.07, 350.56, 19.91, 255.04, 22.89, 160.35, 21.23, 95.49, 21.32], (136.9331, 516.0516, 1234.264)]
[270.12, [440.0, 69.0, 29.0, 18.06, 364.11, 19.91, 249.34, 22.89, 165.36, 21.44, 77.62, 22.16], (133.5848, 484.5703, 1122.836)]
[277.47, [440.0, 69.0, 29.0, 37.32, 337.23, 20.82, 255.04, 22.89, 165.36, 20.78, 71.38, 22.16], (136.2729, 499.3374, 1182.157)]
[277.79, [440.0, 69.0, 29.0, 36.07, 350.56, 20.82, 255.04, 22.89, 165.36, 20.78, 80.96, 22.16], (135.7181, 495.0948, 1167.137)]
[278.46, [440.0, 69.0, 29.0, 37.32, 337.23, 20.82, 269.94, 22.89, 165.36, 21.07, 70.04, 19.99], (137.5474, 513.2814, 1214.404)]
[283.2, [440.0, 69.0, 29.0, 31.08, 364.11, 22.48, 269.94, 22.89, 165.36, 20.61, 80.96, 19.99], (134.3869, 487.3934, 1128.355)]
[314.45, [440.0, 69.0, 29.0, 37.51, 350.8, 21.88, 269.94, 22.5, 165.36, 21.07, 80.96, 19.99], (137.4827, 503.747, 1185.432)]
[314.78, [440.0, 69.0, 29.0, 37.32, 361.93, 20.59, 262.51, 22.89, 165.36, 20.71, 80.96, 22.16], (135.8548, 489.1669, 1140.647)]
[359.37, [440.0, 69.0, 29.0, 37.32, 361.93, 20.46, 260.56, 22.89, 161.51, 20.5, 77.62, 22.49], (136.8966, 488.7149, 1133.353)]
[553.64, [440.0, 69.0, 29.0, 55.52, 337.11, 19.91, 249.87, 23.2, 189.7, 20.83, 89.99, 19.99], (143.1802, 564.4779, 1385.63)]
[623.63, [440.0, 69.0, 29.0, 36.07, 350.56, 19.91, 253.59, 23.2, 191.79, 21.47, 89.99, 22.16], (117.9765, 471.5873, 1196.07)]
[852.82, [440, 69, 29, 62.52, 351.14, 20.09, 230.13, 21.01, 167.56, 22.73, 127.34, 21.05], (146.8519, 576.133, 1465.738)]
[1302.4, [440.0, 69.0, 29.0, 21.67, 364.11, 21.88, 269.94, 22.89, 165.36, 21.07, 74.55, 19.99], (133.6845, 1058.88, 2026.243)]
[1667.82, [440.0, 69.0, 29.0, 40.28, 350.56, 19.91, 249.34, 23.2, 189.7, 21.47, 89.99, 22.16], (138.1786, 1079.235, 2220.067)]
[1707.68, [440.0, 69.0, 29.0, 62.16, 338.35, 14.61, 249.34, 22.34, 189.42, 21.47, 89.99, 22.16], (149.0793, 305.1277, 599.2637)]
[2758.3, [440.0, 69.0, 29.0, 40.28, 350.56, 19.91, 222.47, 15.15, 177.16, 23.59, 80.96, 22.16], (171.1769, 619.7039, 1405.559)]
[6566.7, [440, 69, 29, 69.86, 341.87, 20.62, 268.36, 15.2, 210.88, 19.06, 98.05, 22.96], (202.4992, 701.7877, 1626.789)]
[9614.14, [440.0, 69.0, 29.0, 37.32, 350.56, 19.91, 236.77, 22.89, 165.36, 21.07, 80.96, 19.99], (36.2677, 141.265, 1269.031)]
[11331.01, [440.0, 69.0, 29.0, 37.51, 364.11, 21.88, 255.04, 22.89, 165.36, 21.07, 106.22, 18.79], (25.7411, 137.7915, 1132.937)]
[12636.93, [440.0, 69.0, 29.0, 41.14, 337.11, 19.91, 249.87, 23.2, 189.7, 20.83, 89.99, 19.99], (20.72926, 153.3502, 591.1719)]
[47622.5, [440.0, 69.0, 29.0, 27.72, 350.56, 19.91, 249.34, 23.2, 189.7, 22.06, 89.99, 22.75], (408.346, 1165.24, 2053.525)]
[72310.59, [440, 69, 29, 42.33, 296.3, 18.72, 285.04, 16.83, 174.62, 21.77, 74.58, 16.84], (495.2496, 1571.057, 2999.159)]
[81651.55, [440.0, 69.0, 29.0, 37.32, 351.44, 19.91, 245.41, 22.89, 165.36, 21.07, 80.96, 22.16], (530.9797, 1200.776, 2232.138)]

Population size: 30
Number of couples: 13
Number of kept parents: 0
Best parent kept: True
Mutation Probability: 0.08
Mutation range (x, y): 15, 1
Number of Parameters: 4
Length, Width, Height: [440, 69, 29]

Written time: 27/03/2023 11:22:52