[702.96, [440, 69, 29, 70.42, 327.12, 17.92, 227.76, 18.86, 189.36, 20.24, 79.16, 19.99], (132.0222, 200.9301, 1675.469)]
[1818.49, [440.0, 69.0, 29.0, 31.89, 346.73, 21.71, 256.75, 22.25, 209.17, 20.13, 146.49, 19.61], (159.1588, 625.7596, 1514.957)]
[2607.7, [440.0, 69.0, 29.0, 26.26, 339.87, 20.15, 255.04, 19.66, 165.36, 21.07, 85.93, 20.29], (170.0892, 597.7211, 1379.891)]
[3306.91, [440.0, 69.0, 29.0, 42.98, 301.13, 15.52, 230.16, 22.97, 189.93, 18.9, 77.62, 22.16], (174.0473, 675.7025, 1619.818)]
[3349.64, [440.0, 69.0, 29.0, 41.03, 337.23, 21.93, 266.74, 18.96, 148.48, 20.55, 80.64, 18.53], (177.3226, 607.8211, 1401.346)]
[5127.7, [440.0, 69.0, 29.0, 61.8, 304.63, 22.4, 262.94, 16.85, 167.85, 20.41, 110.5, 21.64], (191.8189, 651.1294, 1543.008)]
[5227.9, [440.0, 69.0, 29.0, 37.32, 337.23, 20.82, 273.93, 18.67, 202.33, 19.3, 132.58, 21.34], (191.9072, 677.7897, 1606.196)]
[5286.35, [440.0, 69.0, 29.0, 61.71, 350.54, 22.07, 250.5, 20.33, 178.96, 17.04, 106.24, 17.58], (192.2245, 692.3603, 1612.827)]
[5602.22, [440.0, 69.0, 29.0, 50.63, 341.1, 15.14, 269.17, 19.86, 194.34, 19.94, 98.51, 18.96], (193.9452, 723.5141, 1693.869)]
[5618.86, [440.0, 69.0, 29.0, 73.15, 344.97, 21.85, 250.5, 20.33, 178.81, 17.04, 106.24, 17.58], (194.4078, 705.8254, 1672.963)]
[6397.43, [440, 69, 29, 54.66, 317.54, 19.71, 278.42, 20.35, 157.61, 16.42, 122.67, 22.69], (200.886, 691.7744, 1671.254)]
[6651.8, [440.0, 69.0, 29.0, 69.39, 295.64, 21.59, 255.07, 22.08, 201.95, 18.65, 110.66, 21.51], (59.82065, 222.1045, 1677.181)]
[7412.76, [440.0, 69.0, 29.0, 10.19, 295.72, 22.02, 247.07, 14.69, 151.38, 18.83, 132.58, 21.13], (52.65419, 420.9162, 907.5309)]
[7615.25, [440.0, 69.0, 29.0, 69.89, 347.13, 20.82, 273.93, 18.67, 202.33, 19.3, 134.98, 16.8], (208.6183, 760.9511, 1822.682)]
[7626.37, [440.0, 69.0, 29.0, 41.03, 337.23, 20.82, 273.93, 18.67, 202.33, 19.3, 134.98, 16.8], (209.1494, 757.0093, 1767.353)]
[8690.89, [440, 69, 29, 17.12, 327.24, 20.79, 246.88, 20.87, 216.58, 14.63, 98.65, 18.35], (217.5017, 755.9722, 1694.998)]
[9270.52, [440.0, 69.0, 29.0, 70.51, 343.53, 16.98, 238.44, 15.83, 148.81, 21.68, 132.87, 18.6], (219.7358, 796.9533, 1919.631)]
[9538.68, [440.0, 69.0, 29.0, 69.46, 350.74, 15.76, 227.65, 19.79, 161.97, 17.36, 128.19, 19.52], (221.6682, 807.418, 1902.512)]
[10114.42, [440.0, 69.0, 29.0, 10.19, 295.72, 22.29, 247.07, 14.69, 147.52, 18.83, 132.58, 21.34], (227.3302, 737.2037, 1726.44)]
[10286.36, [440.0, 69.0, 29.0, 7.45, 295.72, 22.29, 247.07, 14.69, 151.38, 18.83, 132.28, 21.34], (228.5214, 736.9889, 1722.512)]
[10917.82, [440.0, 69.0, 29.0, 22.46, 330.87, 19.42, 275.28, 18.82, 182.99, 20.28, 140.22, 18.8], (29.53738, 198.3603, 1709.108)]
[12463.7, [440.0, 69.0, 29.0, 19.77, 295.72, 22.29, 247.07, 14.69, 151.38, 18.83, 132.58, 21.34], (228.0818, 1737.868, 2964.084)]
[12580.34, [440.0, 69.0, 29.0, 10.19, 295.72, 22.29, 247.07, 14.69, 151.38, 18.83, 134.98, 16.95], (242.1466, 807.6801, 1856.711)]
[13025.42, [440.0, 69.0, 29.0, 10.19, 315.25, 15.46, 285.77, 15.34, 180.53, 18.88, 76.5, 17.78], (245.2571, 823.0123, 1790.722)]
[14661.41, [440.0, 69.0, 29.0, 73.15, 344.97, 21.24, 243.66, 14.98, 218.05, 19.13, 144.24, 14.61], (252.826, 901.0408, 2114.254)]
[16757.07, [440.0, 69.0, 29.0, 23.49, 325.86, 17.82, 224.47, 16.65, 196.03, 15.25, 106.29, 17.81], (266.3236, 877.3232, 1936.471)]
[83704.24, [440.0, 69.0, 29.0, 69.89, 347.13, 21.93, 266.74, 18.96, 148.23, 20.55, 80.64, 21.5], (536.4636, 1319.392, 2515.077)]
[102246.7, [440.0, 69.0, 29.0, 69.39, 295.64, 21.35, 255.07, 22.08, 198.14, 21.07, 85.93, 20.29], (593.9285, 1546.462, 2868.612)]
[125858.58, [440.0, 69.0, 29.0, 61.8, 304.63, 22.4, 262.94, 16.85, 167.85, 20.28, 140.22, 18.8], (661.9868, 1891.621, 3377.609)]
[336765.6, [440.0, 69.0, 29.0, 60.97, 335.84, 15.43, 255.53, 21.8, 208.54, 18.16, 117.62, 17.1], (1166.625, 1982.336, 3248.566)]

Population size: 30
Number of couples: 13
Number of kept parents: 0
Best parent kept: True
Mutation Probability: 0.1
Mutation range (x, y): 5, 0.3
Number of Parameters: 4
Length, Width, Height: [440, 69, 29]

Written time: 26/03/2023 13:56:13