[89.43, [440.0, 69.0, 29.0, 37.32, 337.23, 19.91, 249.34, 23.2, 191.79, 21.47, 89.99, 22.16], (133.2695, 516.0196, 1264.432)]
[110.78, [440.0, 69.0, 29.0, 37.32, 337.23, 19.91, 249.34, 23.2, 200.45, 22.21, 89.99, 21.88], (128.075, 508.5004, 1257.412)]
[111.42, [440.0, 69.0, 29.0, 37.32, 350.56, 19.83, 249.34, 22.41, 191.79, 22.26, 89.99, 22.16], (131.8886, 506.1054, 1225.007)]
[111.42, [440.0, 69.0, 29.0, 37.32, 350.56, 19.83, 249.34, 22.41, 191.79, 22.26, 89.99, 22.16], (131.8886, 506.1054, 1225.007)]
[113.58, [440.0, 69.0, 29.0, 38.63, 337.23, 19.91, 249.34, 23.2, 191.79, 21.47, 77.95, 22.16], (132.3759, 506.923, 1230.414)]
[114.44, [440.0, 69.0, 29.0, 40.28, 350.56, 19.91, 249.34, 23.2, 189.7, 21.47, 89.99, 22.16], (131.9458, 504.8351, 1224.162)]
[126.84, [440.0, 69.0, 29.0, 37.32, 344.25, 19.91, 234.97, 23.2, 189.7, 21.47, 77.43, 22.16], (132.7159, 508.3216, 1222.466)]
[127.29, [440.0, 69.0, 29.0, 40.28, 345.37, 19.83, 249.34, 23.2, 200.45, 21.47, 77.62, 22.49], (131.3457, 499.3767, 1208.602)]
[127.85, [440.0, 69.0, 29.0, 37.32, 350.56, 19.83, 249.34, 23.2, 200.45, 21.47, 89.99, 22.98], (130.421, 496.6476, 1209.334)]
[139.91, [440.0, 69.0, 29.0, 36.07, 358.31, 19.91, 249.34, 23.2, 191.79, 21.47, 89.99, 22.16], (131.6514, 499.4917, 1199.658)]
[152.28, [440.0, 69.0, 29.0, 36.07, 350.56, 19.91, 244.05, 23.53, 182.64, 21.47, 89.99, 22.16], (129.0753, 497.5814, 1204.427)]
[183.9, [440.0, 69.0, 29.0, 69.85, 326.89, 19.91, 249.34, 23.2, 200.45, 21.47, 89.99, 21.88], (135.1818, 538.9334, 1385.029)]
[267.59, [440.0, 69.0, 29.0, 37.32, 361.93, 20.46, 260.56, 22.89, 161.51, 20.91, 89.99, 22.16], (134.9374, 491.4489, 1156.099)]
[314.44, [440.0, 69.0, 29.0, 40.28, 350.56, 19.91, 234.97, 22.39, 189.7, 21.47, 89.99, 22.16], (139.8963, 529.1568, 1273.356)]
[334.42, [440.0, 69.0, 29.0, 37.32, 337.23, 19.05, 254.76, 23.2, 200.45, 20.99, 89.99, 21.88], (140.5321, 541.8749, 1320.932)]
[431.76, [440.0, 69.0, 29.0, 36.07, 350.56, 19.91, 236.77, 22.89, 181.87, 20.61, 89.99, 22.16], (142.1559, 531.8513, 1266.994)]
[1054.4, [440.0, 69.0, 29.0, 37.32, 337.23, 19.91, 249.34, 23.2, 191.79, 21.47, 89.99, 22.16], (133.2791, 141.6849, 674.021)]
[1129.22, [440.0, 69.0, 29.0, 36.07, 350.56, 20.82, 268.69, 23.2, 191.96, 21.12, 81.13, 22.16], (131.579, 1155.552, 1798.348)]
[1301.01, [440.0, 69.0, 29.0, 36.07, 350.56, 19.91, 244.05, 23.2, 182.64, 21.47, 89.99, 22.16], (132.0515, 947.1548, 2171.458)]
[1709.75, [440.0, 69.0, 29.0, 27.47, 350.56, 19.83, 249.34, 22.41, 191.79, 22.26, 89.99, 22.16], (136.957, 1193.158, 2195.684)]
[6430.59, [440, 69, 29, 58.03, 303.02, 16.17, 251.48, 17.72, 186.18, 20.89, 138.0, 21.8], (198.0056, 799.1104, 1955.011)]
[8324.65, [440.0, 69.0, 29.0, 37.32, 337.23, 14.73, 293.04, 15.75, 203.49, 19.75, 138.7, 21.3], (213.4433, 804.4486, 1840.386)]
[11355.44, [440, 69, 29, 12.47, 307.5, 19.72, 237.84, 19.45, 167.02, 15.32, 139.92, 20.51], (27.31203, 803.4798, 1853.622)]
[11471.96, [440, 69, 29, 10.36, 318.91, 15.27, 229.46, 16.88, 205.84, 20.37, 116.25, 17.36], (234.3408, 863.9498, 1905.581)]
[11645.91, [440.0, 69.0, 29.0, 37.32, 337.23, 19.91, 249.34, 23.2, 191.79, 21.47, 89.99, 22.16], (22.72713, 133.6085, 1327.318)]
[12608.55, [440.0, 69.0, 29.0, 37.32, 337.23, 19.91, 249.34, 23.2, 191.79, 21.47, 77.62, 22.85], (24.68288, 25.8509, 130.4527)]
[29837.99, [440.0, 69.0, 29.0, 37.32, 341.25, 19.83, 249.34, 23.2, 200.45, 21.47, 89.99, 22.98], (332.2043, 1177.953, 1911.495)]
[40138.42, [440.0, 69.0, 29.0, 37.32, 337.23, 19.91, 249.34, 23.2, 200.45, 21.57, 89.99, 21.88], (375.9804, 1278.67, 2303.261)]
[78503.97, [440.0, 69.0, 29.0, 37.32, 337.23, 19.91, 249.34, 23.2, 191.79, 21.47, 95.1, 22.16], (519.7988, 1271.681, 2345.08)]
[81352.75, [440.0, 69.0, 29.0, 40.28, 350.56, 19.91, 234.97, 23.2, 189.7, 20.89, 89.99, 22.16], (528.9374, 1342.105, 2404.045)]

Population size: 30
Number of couples: 13
Number of kept parents: 0
Best parent kept: True
Mutation Probability: 0.08
Mutation range (x, y): 15, 1
Number of Parameters: 4
Length, Width, Height: [440, 69, 29]

Written time: 27/03/2023 11:50:16