[51.0, [440.0, 69.0, 29.0, 50.54, 350.56, 19.91, 229.52, 23.13, 184.49, 21.47, 90.94, 22.16], (133.4874, 517.8495, 1309.99)]
[64.95, [440.0, 69.0, 29.0, 40.28, 338.93, 19.71, 252.76, 23.2, 177.24, 21.56, 99.03, 22.16], (132.2427, 514.5294, 1269.001)]
[67.66, [440.0, 69.0, 29.0, 30.93, 337.23, 19.83, 236.69, 22.8, 191.79, 22.26, 85.92, 21.94], (131.5592, 515.6709, 1254.492)]
[90.07, [440.0, 69.0, 29.0, 41.04, 338.93, 19.75, 252.76, 23.2, 184.49, 21.47, 89.99, 22.29], (132.3443, 510.0914, 1250.174)]
[91.63, [440.0, 69.0, 29.0, 40.07, 337.23, 19.83, 252.76, 23.2, 176.14, 21.47, 89.99, 22.29], (131.8831, 508.4051, 1242.413)]
[97.59, [440.0, 69.0, 29.0, 40.28, 338.93, 19.83, 252.36, 23.2, 193.25, 22.21, 89.99, 21.45], (128.4894, 510.005, 1259.205)]
[103.48, [440.0, 69.0, 29.0, 40.28, 334.07, 19.83, 252.76, 23.13, 184.49, 21.85, 83.91, 22.16], (129.7464, 503.3998, 1235.521)]
[105.98, [440.0, 69.0, 29.0, 41.04, 338.93, 19.52, 249.34, 23.76, 193.04, 21.47, 85.92, 22.16], (128.9192, 506.0233, 1245.442)]
[116.62, [440.0, 69.0, 29.0, 40.28, 344.33, 19.53, 252.76, 22.84, 191.79, 21.72, 89.99, 22.16], (133.9871, 515.4449, 1255.871)]
[119.52, [440.0, 69.0, 29.0, 45.85, 350.56, 19.91, 229.52, 22.8, 195.06, 21.72, 89.99, 22.16], (134.9107, 522.3421, 1272.467)]
[123.58, [440.0, 69.0, 29.0, 45.85, 357.03, 19.91, 229.52, 22.8, 191.79, 21.72, 89.99, 22.4], (133.5371, 511.9462, 1240.813)]
[140.68, [440.0, 69.0, 29.0, 35.86, 351.39, 20.02, 229.52, 22.84, 191.03, 21.76, 89.99, 21.75], (135.0441, 521.2458, 1256.484)]
[141.88, [440.0, 69.0, 29.0, 40.28, 338.93, 19.83, 252.36, 23.2, 193.25, 22.21, 91.53, 21.67], (128.003, 480.9283, 1255.682)]
[171.19, [440.0, 69.0, 29.0, 40.28, 338.93, 19.88, 252.76, 23.2, 177.24, 20.99, 99.03, 22.07], (136.841, 525.8461, 1287.53)]
[193.31, [440.0, 69.0, 29.0, 31.82, 329.97, 19.83, 250.88, 22.8, 191.79, 21.47, 85.92, 22.16], (137.2398, 526.187, 1280.682)]
[217.65, [440.0, 69.0, 29.0, 31.82, 329.97, 19.83, 262.06, 22.8, 191.79, 22.26, 89.99, 21.75], (130.6193, 618.3366, 1429.847)]
[236.61, [440.0, 69.0, 29.0, 37.78, 356.54, 21.85, 252.76, 22.78, 176.41, 21.47, 91.53, 22.16], (129.03, 476.4041, 1142.173)]
[289.25, [440.0, 69.0, 29.0, 38.58, 356.07, 19.91, 249.02, 23.2, 182.19, 22.26, 89.99, 21.75], (125.4303, 486.7155, 1180.294)]
[350.66, [440.0, 69.0, 29.0, 43.31, 338.93, 19.83, 248.5, 22.39, 184.09, 21.47, 91.53, 21.67], (141.1353, 539.1549, 1311.253)]
[588.5, [440.0, 69.0, 29.0, 37.78, 356.54, 22.88, 243.38, 23.2, 191.79, 21.72, 86.3, 22.16], (120.911, 454.4586, 1100.015)]
[704.77, [440.0, 69.0, 29.0, 31.82, 329.97, 19.83, 257.24, 22.8, 191.79, 22.26, 89.99, 21.75], (131.0332, 515.1142, 612.528)]
[1175.82, [440.0, 69.0, 29.0, 42.96, 338.93, 19.83, 252.36, 23.2, 193.25, 22.21, 89.99, 22.16], (153.6276, 500.8098, 1244.481)]
[1815.77, [440.0, 69.0, 29.0, 40.28, 338.93, 19.88, 252.76, 23.17, 177.24, 21.56, 99.03, 22.07], (132.5652, 1272.162, 2351.801)]
[4239.87, [440.0, 69.0, 29.0, 50.18, 341.99, 20.83, 287.62, 22.19, 184.49, 22.05, 94.53, 22.51], (80.47155, 145.4567, 1017.864)]
[4463.24, [440, 69, 29, 32.53, 320.9, 21.44, 274.25, 18.46, 154.46, 22.7, 116.15, 22.31], (82.50508, 156.1122, 569.6204)]
[4883.93, [440, 69, 29, 49.26, 352.23, 15.8, 266.38, 22.06, 200.29, 18.42, 129.32, 20.38], (187.5268, 706.7013, 1737.58)]
[4945.7, [440.0, 69.0, 29.0, 40.28, 338.93, 19.26, 252.76, 18.74, 168.12, 21.91, 133.12, 16.53], (188.16, 715.9876, 1718.33)]
[49860.74, [440.0, 69.0, 29.0, 40.28, 338.93, 19.83, 248.5, 22.8, 191.79, 21.72, 89.99, 22.07], (417.6769, 1275.481, 1830.341)]
[54655.3, [440.0, 69.0, 29.0, 37.62, 365.28, 22.88, 243.38, 23.2, 184.09, 22.03, 89.99, 22.16], (436.4937, 1057.465, 1984.834)]
[167261.19, [440, 69, 29, 48.2, 352.18, 16.7, 228.49, 22.98, 158.82, 19.13, 118.86, 21.96], (776.4201, 1815.928, 3235.625)]

Population size: 30
Number of couples: 13
Number of kept parents: 0
Best parent kept: True
Mutation Probability: 0.15
Mutation range (x, y): 10, 0.6
Number of Parameters: 4
Length, Width, Height: [440, 69, 29]

Written time: 27/03/2023 13:36:22