[56.62, [440.0, 69.0, 29.0, 45.85, 350.56, 19.91, 229.52, 22.8, 191.79, 22.26, 89.99, 21.75], (131.296, 516.0282, 1262.086)]
[59.6, [440.0, 69.0, 29.0, 50.18, 341.99, 20.53, 249.34, 23.2, 184.54, 21.56, 98.45, 22.07], (130.5532, 508.4122, 1264.691)]
[86.73, [440.0, 69.0, 29.0, 40.28, 338.93, 19.83, 252.76, 23.2, 187.32, 21.47, 91.53, 22.16], (132.8062, 513.3325, 1259.462)]
[99.76, [440.0, 69.0, 29.0, 40.28, 338.93, 19.83, 252.76, 23.2, 183.32, 21.47, 89.99, 22.73], (130.9065, 501.5821, 1230.327)]
[100.42, [440.0, 69.0, 29.0, 41.04, 338.93, 19.83, 252.76, 23.2, 184.49, 21.47, 85.92, 22.16], (132.2145, 507.931, 1239.626)]
[102.89, [440.0, 69.0, 29.0, 30.93, 337.23, 19.83, 249.34, 23.2, 177.24, 21.56, 89.99, 22.07], (132.2988, 509.4256, 1237.175)]
[108.45, [440.0, 69.0, 29.0, 40.28, 334.81, 19.83, 252.76, 23.13, 184.49, 21.47, 85.92, 21.78], (134.1641, 518.293, 1265.984)]
[125.22, [440.0, 69.0, 29.0, 31.82, 329.97, 19.83, 248.5, 22.8, 191.79, 21.72, 89.99, 22.16], (135.5119, 525.8004, 1287.321)]
[126.17, [440.0, 69.0, 29.0, 40.28, 338.93, 19.83, 252.36, 23.2, 184.49, 21.67, 85.92, 22.5], (129.6011, 498.4694, 1220.083)]
[131.37, [440.0, 69.0, 29.0, 37.32, 342.08, 19.91, 249.34, 23.2, 200.45, 21.47, 77.62, 21.79], (133.588, 511.8133, 1234.422)]
[142.66, [440.0, 69.0, 29.0, 38.58, 356.07, 19.91, 249.02, 23.2, 182.19, 21.47, 89.99, 22.29], (130.8319, 495.8005, 1192.943)]
[148.68, [440.0, 69.0, 29.0, 50.18, 341.99, 20.53, 287.62, 22.19, 193.25, 22.21, 89.99, 22.16], (130.0622, 490.2986, 1198.909)]
[154.26, [440.0, 69.0, 29.0, 38.58, 359.21, 19.91, 249.02, 23.2, 182.19, 21.47, 89.99, 22.29], (130.6086, 493.6155, 1184.429)]
[203.48, [440.0, 69.0, 29.0, 47.46, 356.45, 19.75, 249.34, 23.66, 186.04, 21.47, 89.99, 22.16], (127.4266, 492.2475, 1197.974)]
[263.3, [440.0, 69.0, 29.0, 40.28, 358.08, 19.91, 287.62, 22.19, 193.25, 22.26, 89.99, 22.72], (127.9053, 476.656, 1141.004)]
[694.66, [440.0, 69.0, 29.0, 33.31, 293.76, 17.95, 235.94, 23.2, 191.79, 21.49, 88.69, 22.16], (143.3798, 595.4078, 1485.145)]
[2198.93, [440.0, 69.0, 29.0, 33.18, 337.23, 19.91, 249.34, 23.2, 190.38, 21.47, 89.99, 22.16], (161.0654, 528.3638, 778.2594)]
[3020.81, [440.0, 69.0, 29.0, 37.78, 356.54, 22.36, 252.76, 23.2, 184.09, 21.47, 91.53, 22.16], (173.6572, 625.7385, 1194.194)]
[3929.33, [440.0, 69.0, 29.0, 37.32, 331.33, 19.91, 244.17, 22.87, 191.79, 22.26, 89.99, 21.09], (88.38089, 133.0101, 533.0694)]
[4843.49, [440.0, 69.0, 29.0, 40.28, 338.93, 19.83, 246.27, 18.74, 168.12, 21.91, 133.12, 16.39], (187.3971, 710.5659, 1707.917)]
[5085.6, [440.0, 69.0, 29.0, 29.34, 364.17, 19.91, 245.73, 17.94, 169.01, 21.22, 98.51, 17.72], (191.6513, 663.1464, 1508.515)]
[7324.25, [440.0, 69.0, 29.0, 40.28, 338.93, 19.24, 282.15, 19.64, 161.88, 17.58, 104.78, 18.08], (208.1342, 717.2931, 1639.298)]
[7649.16, [440.0, 69.0, 29.0, 40.28, 338.93, 19.83, 252.76, 18.74, 168.12, 21.91, 133.12, 16.53], (193.3969, 1513.488, 3016.042)]
[9292.19, [440.0, 69.0, 29.0, 40.28, 338.93, 19.88, 252.76, 23.2, 193.04, 21.47, 85.92, 22.16], (214.4431, 1178.052, 2297.594)]
[10791.4, [440.0, 69.0, 29.0, 30.93, 337.23, 19.83, 237.25, 22.8, 191.79, 22.26, 89.99, 22.16], (33.45439, 131.1685, 515.236)]
[11105.57, [440, 69, 29, 54.21, 354.8, 15.4, 242.81, 17.42, 149.35, 18.76, 87.67, 16.8], (233.1248, 799.9617, 1788.228)]
[15582.21, [440, 69, 29, 52.12, 331.46, 16.56, 276.43, 16.86, 159.32, 16.27, 83.91, 15.84], (259.7273, 862.8643, 1913.738)]
[61141.23, [440.0, 69.0, 29.0, 37.32, 337.23, 19.75, 249.34, 23.66, 186.04, 21.47, 85.92, 22.16], (459.0727, 1231.576, 2267.147)]
[80679.22, [440.0, 69.0, 29.0, 37.32, 335.19, 19.75, 258.57, 23.84, 194.4, 21.83, 92.7, 23.09], (527.2135, 1271.423, 2316.601)]
[212250.74, [440, 69, 29, 72.02, 299.09, 15.8, 229.63, 15.55, 168.39, 16.4, 90.68, 20.47], (889.8249, 1896.789, 3076.262)]

Population size: 30
Number of couples: 13
Number of kept parents: 0
Best parent kept: True
Mutation Probability: 0.15
Mutation range (x, y): 10, 0.6
Number of Parameters: 4
Length, Width, Height: [440, 69, 29]

Written time: 27/03/2023 12:43:09