[54.13, [440.0, 69.0, 29.0, 30.93, 337.23, 19.83, 229.52, 22.8, 191.79, 22.26, 89.99, 22.16], (131.9654, 520.0971, 1269.523)]
[88.11, [440.0, 69.0, 29.0, 40.28, 338.93, 19.83, 252.76, 23.2, 184.49, 21.47, 91.53, 22.16], (132.6298, 512.1396, 1255.625)]
[101.96, [440.0, 69.0, 29.0, 40.28, 338.93, 19.83, 252.76, 23.2, 184.49, 21.47, 85.92, 22.16], (132.2372, 507.8311, 1238.584)]
[110.23, [440.0, 69.0, 29.0, 37.32, 329.97, 19.83, 248.5, 22.8, 191.79, 21.72, 89.99, 22.16], (135.2839, 526.6391, 1295.824)]
[113.6, [440.0, 69.0, 29.0, 40.28, 350.56, 19.91, 249.34, 23.2, 184.54, 21.56, 89.99, 22.07], (131.0961, 502.1865, 1217.099)]
[127.58, [440.0, 69.0, 29.0, 37.32, 342.08, 19.91, 249.34, 23.2, 200.45, 21.47, 77.62, 21.88], (133.3351, 510.4191, 1233.441)]
[134.03, [440.0, 69.0, 29.0, 37.32, 335.19, 19.75, 249.34, 23.84, 186.04, 21.47, 89.99, 22.16], (127.8431, 504.1316, 1244.398)]
[134.9, [440.0, 69.0, 29.0, 37.32, 335.19, 19.83, 238.51, 22.19, 201.63, 22.26, 89.99, 22.16], (136.1325, 533.8405, 1306.504)]
[137.29, [440.0, 69.0, 29.0, 37.32, 350.56, 19.83, 249.34, 22.41, 201.6, 22.26, 89.99, 21.2], (135.3319, 525.2793, 1268.932)]
[143.3, [440.0, 69.0, 29.0, 48.79, 331.54, 18.53, 258.88, 23.2, 184.49, 21.47, 94.85, 22.16], (135.6242, 534.5658, 1334.589)]
[159.04, [440.0, 69.0, 29.0, 50.18, 341.99, 20.53, 287.62, 22.19, 193.25, 22.26, 89.99, 22.16], (129.5776, 489.1853, 1196.883)]
[160.38, [440.0, 69.0, 29.0, 37.32, 337.23, 19.75, 249.34, 23.66, 186.04, 21.47, 89.99, 22.73], (127.8082, 497.2897, 1225.798)]
[163.28, [440.0, 69.0, 29.0, 38.58, 359.21, 19.91, 249.02, 23.2, 182.19, 21.47, 89.99, 22.29], (130.6086, 493.5865, 1175.439)]
[171.07, [440.0, 69.0, 29.0, 36.89, 337.63, 19.91, 249.34, 23.2, 181.87, 21.93, 77.95, 21.95], (128.3825, 495.6439, 1202.557)]
[177.14, [440.0, 69.0, 29.0, 29.34, 368.81, 19.91, 245.73, 23.2, 191.79, 21.47, 88.67, 22.16], (131.4277, 492.6288, 1166.429)]
[199.27, [440.0, 69.0, 29.0, 37.32, 337.23, 19.91, 249.34, 23.2, 194.4, 22.21, 92.7, 22.49], (126.0938, 498.115, 1236.513)]
[235.67, [440.0, 69.0, 29.0, 44.78, 361.93, 19.75, 249.34, 23.66, 186.04, 21.47, 89.99, 22.16], (127.0921, 488.1451, 1179.343)]
[1075.28, [440.0, 69.0, 29.0, 37.32, 335.19, 19.91, 249.34, 23.2, 185.25, 21.19, 89.99, 22.16], (136.5571, 1367.927, 1401.067)]
[1591.43, [440.0, 69.0, 29.0, 37.32, 331.33, 19.91, 249.34, 22.87, 191.79, 22.26, 89.99, 21.2], (132.3954, 1217.198, 2185.704)]
[1632.86, [440.0, 69.0, 29.0, 29.34, 371.1, 19.91, 249.34, 23.2, 191.79, 21.56, 89.99, 22.16], (110.2713, 495.1825, 1981.913)]
[4781.32, [440.0, 69.0, 29.0, 40.28, 338.93, 19.83, 252.76, 18.74, 168.12, 21.91, 133.12, 16.31], (186.8868, 708.6363, 1705.123)]
[5363.25, [440, 69, 29, 37.78, 356.54, 22.36, 282.15, 19.64, 161.88, 17.58, 104.78, 18.08], (194.31, 653.9143, 1480.962)]
[7149.79, [440, 69, 29, 33.31, 293.76, 17.95, 240.57, 17.94, 169.01, 21.22, 98.51, 17.63], (205.2463, 769.793, 1789.663)]
[11686.96, [440.0, 69.0, 29.0, 40.28, 350.56, 19.39, 249.34, 23.2, 189.7, 21.47, 89.99, 22.16], (27.27694, 141.3197, 538.1757)]
[12536.22, [440.0, 69.0, 29.0, 37.32, 350.56, 19.83, 249.34, 23.2, 194.4, 22.21, 89.99, 22.49], (22.21733, 125.0989, 486.7311)]
[25062.41, [440.0, 69.0, 29.0, 37.32, 337.23, 19.91, 242.15, 22.82, 200.45, 21.55, 77.62, 21.88], (310.3091, 395.0248, 422.1396)]
[67965.66, [440.0, 69.0, 29.0, 40.28, 337.23, 20.23, 249.34, 23.2, 200.45, 22.55, 89.99, 22.16], (483.7566, 1228.112, 2262.145)]
[74965.25, [440.0, 69.0, 29.0, 42.64, 337.23, 19.91, 249.34, 23.2, 191.79, 21.47, 77.95, 21.93], (508.0465, 1242.62, 2285.832)]
[100690.55, [440.0, 69.0, 29.0, 44.78, 361.93, 19.83, 238.51, 20.03, 181.57, 21.9, 141.52, 22.08], (589.8354, 1492.017, 2685.248)]
[111188.69, [440, 69, 29, 61.16, 352.72, 19.98, 276.35, 21.75, 212.13, 16.73, 133.34, 19.58], (620.4316, 1620.343, 3060.222)]

Population size: 30
Number of couples: 13
Number of kept parents: 0
Best parent kept: True
Mutation Probability: 0.15
Mutation range (x, y): 10, 0.6
Number of Parameters: 4
Length, Width, Height: [440, 69, 29]

Written time: 27/03/2023 12:34:24