[386.06, [440.0, 69.0, 29.0, 26.26, 339.87, 20.93, 255.04, 19.71, 165.36, 21.07, 80.96, 19.65], (141.9122, 523.3472, 1324.318)]
[491.56, [440.0, 69.0, 29.0, 31.89, 337.23, 20.67, 278.13, 22.97, 161.24, 20.41, 110.5, 21.64], (143.5958, 533.0965, 1283.442)]
[997.04, [440.0, 69.0, 29.0, 37.32, 346.73, 20.82, 273.93, 22.97, 189.7, 18.9, 77.62, 22.29], (151.2435, 530.1409, 1241.443)]
[1048.9, [440.0, 69.0, 29.0, 37.32, 337.23, 20.82, 273.93, 22.97, 189.7, 18.9, 77.62, 22.16], (152.3239, 538.8575, 1272.504)]
[1059.41, [440.0, 69.0, 29.0, 37.32, 337.23, 20.82, 279.49, 22.97, 189.7, 18.9, 77.62, 22.16], (152.4216, 536.6548, 1266.596)]
[1178.71, [440.0, 69.0, 29.0, 37.32, 337.23, 20.82, 273.93, 22.97, 189.93, 18.9, 77.62, 21.34], (154.3415, 551.8193, 1299.263)]
[1366.66, [440.0, 69.0, 29.0, 37.32, 350.56, 20.82, 262.09, 22.47, 189.7, 18.9, 77.62, 21.7], (156.6144, 550.6858, 1279.491)]
[1633.8, [440.0, 69.0, 29.0, 69.39, 295.64, 21.59, 230.16, 22.97, 189.93, 18.9, 77.62, 21.34], (156.3758, 618.3251, 1554.407)]
[1776.4, [440.0, 69.0, 29.0, 37.32, 346.73, 21.71, 256.75, 22.25, 206.25, 19.95, 146.49, 19.61], (148.3405, 159.812, 628.9773)]
[2016.44, [440.0, 69.0, 29.0, 7.45, 304.17, 15.52, 230.16, 22.97, 189.93, 21.07, 72.88, 20.29], (161.3235, 648.2511, 1514.28)]
[2034.62, [440.0, 69.0, 29.0, 37.32, 337.23, 21.71, 256.75, 22.25, 206.25, 19.95, 146.49, 19.61], (160.9954, 639.7056, 1568.122)]
[2180.09, [440.0, 69.0, 29.0, 37.32, 337.23, 20.82, 273.93, 22.97, 189.93, 18.9, 146.49, 19.61], (162.866, 638.8372, 1557.944)]
[2381.21, [440.0, 69.0, 29.0, 42.98, 301.13, 15.53, 255.07, 22.08, 201.95, 21.07, 85.93, 20.29], (163.8795, 667.5073, 1643.644)]
[2405.93, [440.0, 69.0, 29.0, 70.42, 339.87, 20.15, 257.21, 19.88, 157.81, 21.07, 89.99, 20.29], (167.2293, 600.2423, 1439.494)]
[2425.06, [440.0, 69.0, 29.0, 37.32, 337.23, 20.82, 255.04, 19.66, 165.36, 21.07, 80.96, 19.99], (168.2105, 592.3422, 1377.107)]
[2676.82, [440.0, 69.0, 29.0, 70.42, 339.87, 20.15, 257.21, 22.82, 189.93, 18.9, 146.49, 19.61], (166.4099, 673.8108, 1710.57)]
[3091.25, [440.0, 69.0, 29.0, 69.39, 299.21, 21.37, 255.07, 22.08, 201.95, 18.65, 110.66, 21.51], (171.0302, 660.0781, 1712.102)]
[3302.83, [440.0, 69.0, 29.0, 42.98, 301.13, 15.53, 230.16, 22.97, 189.7, 18.9, 77.62, 22.16], (174.0151, 675.4838, 1619.131)]
[3690.0, [440.0, 69.0, 29.0, 70.3, 365.8, 18.97, 263.93, 19.51, 147.42, 20.63, 80.59, 17.61], (179.9517, 631.4235, 1445.386)]
[5297.1, [440.0, 69.0, 29.0, 31.89, 347.71, 22.67, 262.94, 16.85, 187.32, 18.9, 77.62, 22.16], (194.7694, 615.9614, 1397.752)]
[6388.0, [440, 69, 29, 47.39, 300.59, 20.31, 279.62, 19.38, 182.46, 20.2, 116.0, 15.63], (198.9243, 761.024, 1837.164)]
[7041.36, [440.0, 69.0, 29.0, 70.42, 330.76, 17.8, 278.42, 20.35, 157.61, 16.42, 122.67, 22.88], (205.3974, 709.5798, 1721.888)]
[7221.34, [440.0, 69.0, 29.0, 37.32, 324.76, 20.82, 273.93, 22.97, 189.7, 18.9, 77.62, 22.16], (203.5107, 258.8633, 549.5962)]
[8519.12, [440.0, 69.0, 29.0, 69.39, 295.64, 21.59, 255.07, 22.08, 201.95, 18.9, 77.62, 21.34], (43.3537, 607.8571, 1563.484)]
[13246.4, [440, 69, 29, 28.06, 310.06, 15.77, 260.97, 18.17, 180.62, 17.25, 104.5, 17.1], (245.4974, 861.187, 1934.953)]
[24032.99, [440.0, 69.0, 29.0, 26.26, 339.87, 20.15, 273.93, 22.97, 189.7, 18.9, 77.62, 22.16], (307.4467, 917.0973, 1472.016)]
[32675.58, [440, 69, 29, 44.5, 342.5, 15.59, 232.02, 21.8, 216.72, 20.93, 125.12, 21.67], (340.4469, 1308.946, 2845.672)]
[98179.84, [440.0, 69.0, 29.0, 37.32, 337.23, 20.82, 273.93, 19.88, 165.36, 21.07, 89.99, 20.29], (582.9823, 1360.239, 2500.469)]
[113796.96, [440.0, 69.0, 29.0, 37.32, 337.23, 20.82, 273.93, 19.66, 165.36, 18.65, 110.66, 21.51], (629.8098, 1463.218, 2698.039)]
[143847.75, [440.0, 69.0, 29.0, 26.26, 339.87, 20.15, 255.04, 22.97, 189.93, 18.9, 146.49, 19.61], (714.818, 1657.617, 2889.729)]

Population size: 30
Number of couples: 13
Number of kept parents: 0
Best parent kept: True
Mutation Probability: 0.08
Mutation range (x, y): 15, 1
Number of Parameters: 4
Length, Width, Height: [440, 69, 29]

Written time: 27/03/2023 01:09:14