[1017.56, [440.0, 69.0, 29.0, 7.45, 295.72, 22.21, 247.07, 14.69, 151.38, 18.83, 128.68, 22.16], (125.1773, 225.5775, 722.0314)]
[1050.21, [440.0, 69.0, 29.0, 37.32, 337.23, 20.82, 273.93, 22.97, 189.93, 18.9, 77.62, 22.16], (152.3465, 538.94, 1272.848)]
[1747.75, [440.0, 69.0, 29.0, 31.89, 346.73, 21.71, 256.75, 22.25, 206.25, 20.13, 146.49, 19.61], (158.6661, 445.7757, 1508.43)]
[2535.29, [440, 69, 29, 28.67, 327.6, 18.12, 255.21, 22.72, 195.13, 18.32, 75.54, 22.35], (168.8857, 602.7345, 1414.731)]
[2544.11, [440.0, 69.0, 29.0, 26.26, 339.87, 20.15, 255.04, 19.66, 165.36, 21.07, 80.96, 20.34], (169.6083, 593.5957, 1365.497)]
[2607.7, [440.0, 69.0, 29.0, 26.26, 339.87, 20.15, 255.04, 19.66, 165.36, 21.07, 85.93, 20.29], (170.0892, 597.7211, 1379.891)]
[2758.48, [440.0, 69.0, 29.0, 61.8, 304.63, 21.71, 256.75, 22.25, 209.17, 20.13, 146.49, 19.61], (165.7649, 699.6405, 1823.863)]
[3145.93, [440.0, 69.0, 29.0, 57.05, 317.54, 19.71, 278.42, 22.08, 201.95, 18.65, 110.66, 21.51], (173.0376, 639.8699, 1593.666)]
[3638.14, [440.0, 69.0, 29.0, 42.98, 301.13, 15.52, 230.16, 22.97, 189.93, 18.9, 77.62, 21.34], (176.9088, 691.6146, 1648.284)]
[4459.41, [440.0, 69.0, 29.0, 31.89, 346.73, 22.67, 262.94, 16.85, 167.85, 20.41, 110.5, 21.64], (187.2295, 616.6326, 1436.664)]
[5147.86, [440.0, 69.0, 29.0, 37.32, 337.23, 20.82, 273.93, 18.76, 202.33, 19.3, 132.58, 21.34], (191.2606, 676.1125, 1603.451)]
[5579.94, [440.0, 69.0, 29.0, 73.15, 344.97, 21.85, 247.42, 20.33, 178.81, 17.04, 106.24, 17.58], (194.0468, 706.9413, 1676.045)]
[5616.63, [440.0, 69.0, 29.0, 70.42, 327.12, 17.92, 227.76, 18.86, 189.36, 20.24, 79.16, 19.99], (194.3067, 709.6786, 1678.974)]
[5616.65, [440.0, 69.0, 29.0, 70.42, 327.12, 17.92, 227.76, 18.86, 189.36, 20.24, 79.16, 19.99], (194.3067, 709.6786, 1678.986)]
[5657.73, [440.0, 69.0, 29.0, 26.26, 341.1, 15.14, 269.17, 19.86, 194.34, 19.94, 98.51, 18.96], (194.8791, 716.4318, 1644.745)]
[5890.6, [440.0, 69.0, 29.0, 69.39, 299.21, 21.59, 255.07, 20.35, 157.61, 16.42, 122.67, 22.69], (195.8278, 705.7898, 1773.931)]
[6098.17, [440.0, 69.0, 29.0, 54.66, 317.54, 19.71, 278.42, 20.07, 157.61, 16.42, 122.67, 22.69], (200.6162, 343.508, 1394.613)]
[6999.62, [440.0, 69.0, 29.0, 70.42, 330.76, 17.92, 278.42, 20.35, 157.61, 16.42, 122.67, 22.88], (205.1003, 708.4019, 1719.771)]
[7587.01, [440.0, 69.0, 29.0, 41.03, 337.23, 20.82, 273.93, 18.67, 202.33, 19.3, 134.98, 16.89], (208.8834, 755.5955, 1764.693)]
[7988.63, [440.0, 69.0, 29.0, 69.39, 295.64, 21.59, 255.07, 22.08, 198.86, 18.65, 110.66, 22.69], (52.26888, 166.7146, 637.0148)]
[8263.21, [440.0, 69.0, 29.0, 69.39, 295.64, 21.59, 255.07, 22.08, 201.95, 18.65, 110.66, 21.51], (47.37635, 247.6309, 1674.309)]
[8441.36, [440.0, 69.0, 29.0, 42.98, 301.13, 15.52, 230.16, 18.67, 202.33, 19.56, 132.58, 21.11], (213.1153, 837.999, 1968.23)]
[9370.58, [440.0, 69.0, 29.0, 70.51, 343.53, 16.98, 238.44, 15.83, 148.81, 21.68, 132.87, 18.41], (220.3862, 799.4991, 1924.975)]
[10415.83, [440.0, 69.0, 29.0, 19.77, 295.72, 22.29, 247.07, 14.69, 151.38, 18.61, 132.58, 21.34], (229.0679, 746.3793, 1761.456)]
[13954.45, [440, 69, 29, 13.56, 300.11, 22.0, 242.73, 17.82, 155.92, 18.35, 88.54, 20.99], (240.2945, 1580.64, 2749.774)]
[16095.67, [440.0, 69.0, 29.0, 45.97, 341.1, 15.14, 269.17, 19.86, 194.34, 19.94, 98.51, 18.96], (261.239, 935.1543, 2096.701)]
[97595.7, [440.0, 69.0, 29.0, 54.66, 318.86, 19.71, 278.42, 20.35, 157.61, 16.42, 122.67, 21.51], (578.2055, 1700.146, 3096.019)]
[99167.27, [440.0, 69.0, 29.0, 54.66, 317.54, 19.71, 227.76, 18.86, 189.36, 20.24, 79.16, 19.99], (590.8742, 689.6863, 1630.265)]
[147264.32, [440, 69, 29, 15.7, 365.18, 21.19, 226.42, 18.64, 196.48, 18.76, 125.05, 15.57], (724.2412, 1663.588, 2870.741)]
[204870.75, [440.0, 69.0, 29.0, 50.63, 339.87, 20.15, 255.04, 19.66, 165.36, 21.07, 85.93, 20.29], (873.7765, 1989.75, 2200.171)]

Population size: 30
Number of couples: 13
Number of kept parents: 0
Best parent kept: True
Mutation Probability: 0.1
Mutation range (x, y): 5, 0.3
Number of Parameters: 4
Length, Width, Height: [440, 69, 29]

Written time: 26/03/2023 14:05:16