[45.45, [440.0, 69.0, 29.0, 46.15, 334.07, 19.49, 252.76, 22.8, 191.79, 22.26, 85.92, 21.94], (130.4155, 514.4925, 1273.941)]
[49.33, [440.0, 69.0, 29.0, 40.28, 339.32, 19.71, 252.76, 22.84, 199.03, 22.04, 93.77, 22.29], (131.3318, 514.5658, 1271.223)]
[49.83, [440.0, 69.0, 29.0, 40.28, 338.93, 20.4, 229.52, 23.07, 196.33, 21.96, 89.99, 22.16], (130.5215, 514.7003, 1268.429)]
[62.15, [440.0, 69.0, 29.0, 45.87, 335.77, 19.19, 249.34, 23.8, 193.04, 21.47, 85.92, 22.16], (129.4887, 512.6865, 1271.781)]
[65.44, [440.0, 69.0, 29.0, 40.28, 344.07, 19.83, 230.98, 22.8, 191.79, 22.32, 85.92, 21.94], (130.6562, 513.5013, 1253.063)]
[73.99, [440.0, 69.0, 29.0, 40.28, 337.23, 19.83, 230.98, 23.13, 193.83, 22.26, 81.81, 21.75], (129.2934, 514.5981, 1261.523)]
[82.27, [440.0, 69.0, 29.0, 40.28, 334.07, 19.83, 252.76, 23.13, 184.49, 21.47, 94.18, 22.16], (133.833, 519.702, 1281.894)]
[82.98, [440.0, 69.0, 29.0, 40.28, 328.14, 19.83, 252.76, 23.13, 184.49, 21.85, 81.79, 22.16], (130.0766, 506.6912, 1248.034)]
[83.59, [440.0, 69.0, 29.0, 30.97, 337.23, 19.83, 236.69, 22.8, 191.79, 22.08, 85.92, 22.16], (132.5033, 515.9538, 1253.811)]
[113.78, [440.0, 69.0, 29.0, 45.85, 347.13, 19.44, 229.52, 22.8, 204.11, 21.96, 89.99, 21.94], (135.4806, 534.9244, 1309.398)]
[145.22, [440.0, 69.0, 29.0, 40.28, 339.32, 19.53, 252.76, 22.84, 191.79, 22.04, 89.99, 21.94], (135.9264, 539.957, 1321.021)]
[147.4, [440.0, 69.0, 29.0, 41.04, 344.56, 19.52, 229.52, 22.8, 195.06, 21.72, 89.99, 22.29], (136.1776, 530.2484, 1291.978)]
[150.35, [440.0, 69.0, 29.0, 30.93, 344.7, 19.53, 252.76, 22.84, 191.79, 21.72, 89.99, 21.94], (135.0078, 517.4206, 1249.522)]
[162.51, [440.0, 69.0, 29.0, 45.85, 350.56, 19.83, 252.36, 23.2, 193.25, 22.21, 89.99, 21.45], (127.4337, 501.2848, 1229.706)]
[180.26, [440.0, 69.0, 29.0, 60.25, 358.34, 19.91, 229.52, 23.13, 184.49, 21.85, 76.08, 22.16], (128.5683, 492.8674, 1191.883)]
[183.86, [440.0, 69.0, 29.0, 40.28, 346.47, 19.83, 249.84, 23.2, 193.25, 22.21, 90.02, 21.88], (126.9438, 498.8926, 1224.733)]
[187.92, [440.0, 69.0, 29.0, 45.87, 335.77, 19.52, 240.54, 23.8, 193.04, 21.91, 85.92, 22.16], (125.5849, 504.8115, 1258.193)]
[284.89, [440.0, 69.0, 29.0, 38.51, 334.07, 19.83, 252.76, 23.13, 184.49, 22.24, 83.91, 22.63], (124.9394, 487.2448, 1201.594)]
[887.53, [440.0, 69.0, 29.0, 33.9, 338.93, 19.52, 249.34, 23.76, 193.04, 21.47, 85.92, 22.16], (129.1811, 515.4585, 2167.021)]
[928.25, [440.0, 69.0, 29.0, 35.86, 351.39, 20.02, 252.76, 23.2, 184.49, 21.32, 89.99, 21.94], (133.1427, 505.037, 2182.61)]
[1412.86, [440.0, 69.0, 29.0, 45.85, 356.75, 19.91, 229.52, 22.8, 195.06, 21.96, 89.99, 22.16], (122.8058, 132.3782, 512.7272)]
[1680.37, [440.0, 69.0, 29.0, 40.28, 334.07, 19.83, 252.76, 23.13, 184.49, 21.85, 83.91, 22.16], (129.9701, 1228.4, 2275.617)]
[8636.01, [440.0, 69.0, 29.0, 35.86, 351.39, 20.02, 252.76, 23.2, 184.49, 21.32, 89.99, 22.16], (48.71709, 132.4933, 501.3272)]
[10744.96, [440, 69, 29, 15.38, 306.76, 16.23, 234.9, 18.85, 206.38, 16.09, 75.55, 21.99], (231.3307, 771.5853, 1726.998)]
[11347.0, [440, 69, 29, 42.01, 366.59, 19.58, 261.24, 19.52, 168.89, 14.63, 110.07, 22.16], (25.54956, 239.2437, 1571.311)]
[11379.51, [440, 69, 29, 66.55, 321.05, 20.64, 225.71, 16.35, 209.42, 20.13, 133.17, 15.63], (232.5282, 869.6025, 2082.91)]
[12331.57, [440.0, 69.0, 29.0, 40.28, 339.32, 19.53, 248.18, 22.84, 191.44, 22.04, 92.39, 22.16], (244.958, 657.0861, 1305.491)]
[12684.51, [440.0, 69.0, 29.0, 25.99, 351.39, 20.02, 252.76, 23.2, 184.49, 21.32, 83.9, 22.29], (23.99852, 53.88547, 132.3777)]
[73730.74, [440.0, 69.0, 29.0, 40.28, 339.32, 20.1, 252.76, 22.65, 183.41, 22.04, 83.82, 21.94], (503.9254, 1232.006, 2259.285)]
[76603.25, [440.0, 69.0, 29.0, 40.28, 334.83, 19.93, 230.98, 22.8, 191.79, 22.31, 85.92, 22.12], (513.4228, 1270.304, 2324.265)]

Population size: 30
Number of couples: 13
Number of kept parents: 0
Best parent kept: True
Mutation Probability: 0.15
Mutation range (x, y): 10, 0.6
Number of Parameters: 4
Length, Width, Height: [440, 69, 29]

Written time: 27/03/2023 14:43:30