[10.18, [440.0, 69.0, 29.0, 49.28, 344.56, 19.81, 229.52, 23.04, 191.79, 22.26, 92.6, 21.38], (131.1166, 526.2467, 1302.614)]
[21.1, [440.0, 69.0, 29.0, 46.15, 334.07, 19.49, 250.23, 22.8, 191.79, 22.17, 97.36, 22.11], (131.8929, 525.9087, 1315.356)]
[29.14, [440.0, 69.0, 29.0, 46.15, 334.07, 19.49, 252.76, 23.0, 199.62, 22.04, 85.92, 21.94], (131.2661, 518.6486, 1286.644)]
[50.77, [440.0, 69.0, 29.0, 45.85, 347.13, 19.44, 229.74, 22.8, 191.79, 22.26, 91.22, 21.7], (132.9777, 527.4771, 1293.435)]
[63.0, [440.0, 69.0, 29.0, 40.28, 339.32, 19.53, 252.76, 22.8, 191.79, 22.26, 85.92, 21.7], (130.8292, 512.7475, 1255.658)]
[63.25, [440.0, 69.0, 29.0, 40.28, 328.14, 20.32, 251.45, 23.13, 181.76, 21.79, 93.77, 22.29], (129.9398, 508.7784, 1267.509)]
[70.78, [440.0, 69.0, 29.0, 49.37, 335.77, 19.52, 252.76, 22.35, 191.79, 22.26, 85.92, 21.94], (133.7487, 522.6053, 1288.292)]
[71.17, [440.0, 69.0, 29.0, 44.38, 344.56, 19.3, 229.52, 22.8, 195.06, 22.04, 93.77, 22.29], (134.16, 530.8116, 1305.752)]
[75.35, [440.0, 69.0, 29.0, 40.28, 335.32, 19.18, 252.76, 22.84, 191.79, 22.04, 85.92, 21.58], (133.9044, 526.2967, 1290.177)]
[82.18, [440.0, 69.0, 29.0, 40.28, 339.32, 19.53, 252.76, 22.84, 191.79, 22.04, 85.92, 22.29], (130.7304, 507.2596, 1242.184)]
[90.2, [440.0, 69.0, 29.0, 46.15, 334.07, 19.49, 252.76, 22.8, 191.79, 21.86, 85.92, 21.77], (134.6434, 526.0492, 1295.695)]
[94.18, [440.0, 69.0, 29.0, 46.15, 334.07, 19.49, 252.76, 22.8, 186.55, 21.94, 76.08, 22.16], (131.7551, 508.0841, 1238.258)]
[97.41, [440.0, 69.0, 29.0, 40.28, 339.32, 19.71, 252.76, 22.84, 199.03, 21.72, 89.99, 22.29], (133.9547, 518.1724, 1271.485)]
[103.41, [440.0, 69.0, 29.0, 40.28, 346.01, 19.71, 260.14, 22.84, 199.03, 21.79, 93.77, 21.94], (133.6369, 515.5382, 1259.89)]
[133.35, [440.0, 69.0, 29.0, 60.25, 355.6, 19.49, 262.03, 22.8, 195.06, 22.06, 89.99, 22.29], (129.1312, 496.942, 1222.901)]
[138.94, [440.0, 69.0, 29.0, 40.28, 328.14, 19.97, 252.76, 23.13, 184.49, 21.85, 72.35, 22.16], (129.1456, 498.0372, 1215.938)]
[144.57, [440.0, 69.0, 29.0, 40.28, 346.06, 19.71, 257.65, 22.84, 199.03, 21.85, 72.35, 22.16], (130.9863, 495.8869, 1191.649)]
[177.89, [440.0, 69.0, 29.0, 40.28, 329.43, 20.32, 252.76, 23.13, 184.49, 21.85, 72.35, 22.16], (128.2597, 492.5999, 1201.692)]
[182.29, [440.0, 69.0, 29.0, 46.15, 335.55, 19.49, 240.54, 23.8, 193.04, 21.91, 85.92, 22.16], (125.6687, 505.4387, 1260.327)]
[226.73, [440.0, 69.0, 29.0, 30.93, 344.7, 19.32, 229.52, 23.66, 184.49, 21.94, 76.08, 22.16], (126.61, 496.3522, 1194.464)]
[383.78, [440, 69, 29, 33.32, 340.3, 22.23, 251.91, 22.29, 167.66, 21.25, 87.19, 17.8], (141.6438, 542.887, 1300.431)]
[972.17, [440.0, 69.0, 29.0, 66.55, 321.05, 20.71, 225.71, 22.8, 196.41, 22.26, 85.92, 21.77], (131.9557, 190.8697, 680.5611)]
[994.63, [440.0, 69.0, 29.0, 40.28, 339.32, 19.71, 252.76, 22.84, 199.03, 22.04, 84.01, 21.94], (131.6944, 843.3743, 1974.358)]
[2420.39, [440.0, 69.0, 29.0, 46.15, 342.41, 19.67, 252.76, 22.84, 192.64, 20.13, 133.17, 15.63], (163.7078, 687.4262, 1677.696)]
[2707.37, [440, 69, 29, 20.3, 323.89, 16.58, 256.88, 22.67, 169.65, 19.49, 121.71, 21.37], (168.6853, 649.3999, 1558.668)]
[4053.85, [440.0, 69.0, 29.0, 45.85, 347.13, 19.44, 229.74, 15.91, 216.68, 21.72, 88.85, 21.94], (182.2264, 672.1029, 1526.63)]
[4583.43, [440, 69, 29, 18.2, 343.71, 20.29, 222.86, 20.44, 186.05, 18.02, 88.44, 16.63], (76.90095, 196.3599, 1010.078)]
[10227.51, [440.0, 69.0, 29.0, 55.98, 342.41, 19.32, 226.54, 23.13, 184.49, 21.94, 76.08, 22.16], (36.84009, 131.3272, 582.2439)]
[76346.19, [440.0, 69.0, 29.0, 46.15, 342.41, 19.32, 229.52, 22.58, 191.79, 22.26, 85.92, 22.27], (512.3957, 1281.95, 2356.713)]
[130031.26, [440.0, 69.0, 29.0, 66.55, 321.05, 20.64, 224.91, 15.57, 209.42, 21.72, 86.72, 22.29], (675.9304, 1606.539, 2983.458)]

Population size: 30
Number of couples: 13
Number of kept parents: 0
Best parent kept: True
Mutation Probability: 0.15
Mutation range (x, y): 10, 0.6
Number of Parameters: 4
Length, Width, Height: [440, 69, 29]

Written time: 27/03/2023 15:00:59