[5.7, [440.0, 69.0, 29.0, 40.73, 337.83, 19.49, 254.47, 23.05, 199.62, 22.26, 100.15, 21.61], (130.7394, 525.6648, 1311.214)]
[7.28, [440.0, 69.0, 29.0, 46.15, 344.56, 20.11, 223.96, 23.04, 191.79, 22.26, 96.34, 21.38], (131.191, 528.0383, 1308.296)]
[9.23, [440.0, 69.0, 29.0, 49.28, 344.56, 19.65, 225.52, 23.04, 199.55, 22.32, 89.16, 21.66], (130.8882, 526.7745, 1302.633)]
[9.41, [440.0, 69.0, 29.0, 42.8, 330.11, 19.49, 255.61, 23.0, 199.62, 22.26, 91.49, 21.56], (131.0039, 525.9844, 1313.973)]
[16.99, [440.0, 69.0, 29.0, 43.7, 334.07, 19.36, 254.92, 23.23, 198.81, 22.26, 94.24, 21.38], (129.7979, 524.86, 1313.282)]
[22.75, [440.0, 69.0, 29.0, 44.65, 344.56, 19.77, 231.39, 23.11, 188.45, 22.26, 95.73, 21.53], (130.1694, 522.1487, 1291.643)]
[23.67, [440.0, 69.0, 29.0, 49.28, 344.56, 19.88, 229.52, 23.26, 196.52, 22.26, 96.89, 21.61], (129.1115, 523.674, 1307.078)]
[24.4, [440.0, 69.0, 29.0, 43.86, 337.83, 19.49, 254.47, 23.0, 194.62, 22.26, 92.99, 21.52], (130.3831, 519.7008, 1290.103)]
[28.05, [440.0, 69.0, 29.0, 53.5, 345.69, 19.84, 227.32, 23.3, 191.79, 22.26, 91.57, 21.18], (129.1421, 523.4755, 1301.904)]
[32.95, [440.0, 69.0, 29.0, 52.91, 337.83, 19.49, 254.47, 23.0, 199.62, 22.26, 100.15, 21.61], (130.9099, 528.7278, 1335.304)]
[41.86, [440.0, 69.0, 29.0, 44.99, 350.64, 19.84, 226.76, 23.04, 191.79, 22.26, 87.85, 21.18], (130.9415, 520.2935, 1269.692)]
[43.45, [440.0, 69.0, 29.0, 49.99, 336.39, 19.54, 254.61, 22.8, 187.62, 22.32, 95.15, 22.04], (129.5956, 514.1883, 1287.173)]
[46.55, [440.0, 69.0, 29.0, 46.15, 349.53, 20.11, 227.72, 23.04, 191.79, 22.5, 100.93, 21.38], (128.776, 520.2449, 1293.663)]
[48.8, [440.0, 69.0, 29.0, 48.14, 343.86, 19.84, 226.96, 22.95, 195.69, 22.15, 94.24, 21.6], (132.9258, 532.2766, 1317.199)]
[66.71, [440.0, 69.0, 29.0, 41.21, 344.37, 19.84, 227.32, 23.19, 188.97, 22.26, 87.85, 21.44], (129.3887, 516.5425, 1265.128)]
[77.72, [440.0, 69.0, 29.0, 49.28, 345.12, 19.34, 227.62, 22.79, 191.79, 22.26, 92.85, 21.66], (133.9101, 535.0007, 1319.594)]
[83.11, [440.0, 69.0, 29.0, 49.99, 336.39, 19.5, 252.76, 23.26, 191.79, 22.26, 86.86, 21.34], (128.1156, 513.342, 1279.228)]
[90.39, [440.0, 69.0, 29.0, 49.28, 344.56, 19.65, 220.95, 23.04, 199.55, 22.23, 94.24, 21.38], (133.3847, 540.8856, 1339.65)]
[103.69, [440.0, 69.0, 29.0, 43.7, 334.07, 19.36, 254.92, 23.29, 192.53, 22.26, 83.28, 21.38], (127.9512, 510.9024, 1265.198)]
[129.59, [440.0, 69.0, 29.0, 43.7, 334.07, 19.61, 254.92, 23.23, 192.27, 22.32, 89.16, 21.66], (127.0596, 508.0904, 1266.415)]
[145.78, [440.0, 69.0, 29.0, 46.15, 330.27, 19.47, 228.39, 22.8, 187.62, 22.18, 92.01, 21.76], (134.9642, 543.2126, 1349.374)]
[1820.21, [440, 69, 29, 56.68, 346.93, 14.68, 276.43, 22.73, 207.41, 19.98, 86.78, 21.49], (159.9796, 605.9819, 1470.44)]
[2528.52, [440.0, 69.0, 29.0, 53.58, 347.83, 19.76, 229.52, 22.88, 190.41, 22.26, 95.19, 21.38], (167.6383, 654.5138, 1470.692)]
[9209.05, [440, 69, 29, 44.97, 351.68, 18.22, 244.06, 15.5, 162.5, 19.42, 111.9, 18.7], (220.5577, 325.9281, 1818.007)]
[9865.82, [440.0, 69.0, 29.0, 49.28, 345.69, 19.84, 225.43, 23.24, 188.99, 22.26, 92.99, 21.38], (31.80526, 522.8517, 1294.243)]
[28230.96, [440.0, 69.0, 29.0, 45.28, 344.56, 19.84, 229.52, 22.88, 195.27, 22.26, 95.19, 21.38], (321.7829, 1270.756, 2401.096)]
[76159.39, [440.0, 69.0, 29.0, 42.64, 334.07, 19.47, 232.75, 23.11, 189.17, 22.76, 90.07, 21.38], (511.7089, 1276.587, 2376.429)]
[81499.42, [440.0, 69.0, 29.0, 49.28, 345.69, 19.84, 227.32, 23.04, 191.79, 22.26, 96.34, 21.38], (529.5124, 1309.786, 2410.881)]
[98649.74, [440.0, 69.0, 29.0, 49.28, 344.56, 19.88, 227.32, 23.04, 191.79, 22.26, 99.86, 21.45], (580.7258, 1833.332, 3216.12)]
[218032.94, [440, 69, 29, 15.13, 310.77, 18.66, 266.55, 15.45, 191.8, 16.6, 111.91, 15.28], (902.773, 1987.338, 3394.324)]

Population size: 30
Number of couples: 13
Number of kept parents: 0
Best parent kept: True
Mutation Probability: 0.25
Mutation range (x, y): 5, 0.3
Number of Parameters: 4
Length, Width, Height: [440, 69, 29]

Written time: 27/03/2023 16:54:58