[10.18, [440.0, 69.0, 29.0, 49.28, 344.56, 19.81, 229.52, 23.04, 191.79, 22.26, 92.6, 21.38], (131.1166, 526.2467, 1302.614)]
[15.16, [440.0, 69.0, 29.0, 46.15, 334.07, 19.49, 252.76, 23.0, 199.62, 22.04, 90.24, 21.94], (131.6296, 522.4319, 1301.172)]
[15.61, [440.0, 69.0, 29.0, 40.28, 330.49, 20.12, 252.76, 22.8, 191.79, 22.26, 95.2, 21.7], (131.0506, 520.4031, 1296.53)]
[17.09, [440.0, 69.0, 29.0, 46.15, 334.07, 19.49, 258.26, 23.0, 199.62, 22.26, 91.22, 21.7], (129.9253, 519.8751, 1302.776)]
[22.33, [440.0, 69.0, 29.0, 46.15, 334.07, 19.49, 250.23, 22.8, 196.85, 22.26, 91.22, 21.7], (132.1176, 527.1425, 1311.673)]
[53.01, [440.0, 69.0, 29.0, 46.15, 339.32, 19.5, 252.76, 22.8, 191.79, 22.26, 85.92, 21.7], (130.7257, 513.8228, 1264.803)]
[72.31, [440.0, 69.0, 29.0, 49.37, 335.77, 19.79, 252.76, 22.35, 189.24, 22.26, 85.92, 21.94], (133.1421, 518.0334, 1276.586)]
[81.14, [440.0, 69.0, 29.0, 45.85, 347.13, 19.52, 229.74, 22.8, 191.79, 22.04, 85.92, 21.94], (133.5743, 522.6762, 1273.453)]
[84.46, [440.0, 69.0, 29.0, 40.28, 328.14, 20.32, 261.1, 23.13, 181.76, 21.79, 93.77, 22.16], (129.5654, 504.556, 1256.304)]
[94.17, [440.0, 69.0, 29.0, 46.15, 334.07, 19.31, 257.95, 22.8, 186.55, 21.94, 76.08, 22.16], (131.6299, 506.9137, 1237.682)]
[98.34, [440.0, 69.0, 29.0, 40.28, 328.14, 19.97, 252.76, 23.13, 184.49, 21.85, 72.35, 21.71], (130.3515, 504.9489, 1231.227)]
[154.82, [440.0, 69.0, 29.0, 46.15, 334.07, 19.49, 250.23, 22.2, 191.79, 22.03, 89.99, 22.29], (136.7666, 531.5404, 1309.391)]
[160.15, [440.0, 69.0, 29.0, 40.28, 335.55, 19.49, 240.54, 23.72, 193.04, 21.91, 85.92, 22.16], (126.5195, 506.3215, 1253.877)]
[176.95, [440.0, 69.0, 29.0, 40.28, 328.14, 19.3, 229.52, 22.8, 195.06, 22.04, 93.77, 22.29], (135.7357, 545.5964, 1353.511)]
[177.76, [440.0, 69.0, 29.0, 46.15, 334.57, 19.49, 229.52, 23.66, 184.49, 21.94, 76.08, 22.16], (126.4759, 504.3945, 1239.553)]
[197.96, [440.0, 69.0, 29.0, 60.25, 355.6, 19.49, 262.03, 23.13, 195.06, 22.17, 97.36, 22.21], (126.3247, 494.8559, 1233.657)]
[205.64, [440.0, 69.0, 29.0, 46.15, 334.07, 19.49, 250.23, 22.53, 200.48, 22.17, 97.36, 21.53], (136.4634, 545.2111, 1357.502)]
[227.58, [440.0, 69.0, 29.0, 40.28, 346.06, 19.57, 257.65, 22.73, 199.03, 21.85, 62.56, 22.29], (131.057, 482.0589, 1122.953)]
[1015.24, [440.0, 69.0, 29.0, 40.28, 339.32, 19.53, 252.84, 22.84, 191.79, 22.04, 85.92, 22.29], (151.7723, 537.9983, 1267.184)]
[1135.19, [440.0, 69.0, 29.0, 45.85, 342.93, 19.44, 229.74, 22.8, 191.79, 22.17, 100.1, 22.11], (133.7512, 179.7125, 566.8469)]
[1479.21, [440.0, 69.0, 29.0, 46.15, 335.55, 19.49, 242.26, 23.8, 193.04, 21.78, 85.92, 22.16], (126.6776, 934.0311, 2292.468)]
[1529.54, [440.0, 69.0, 29.0, 40.28, 346.06, 19.71, 257.65, 22.84, 199.03, 22.3, 69.58, 22.16], (126.7248, 1168.61, 2109.656)]
[1962.66, [440.0, 69.0, 29.0, 44.38, 344.56, 19.3, 229.52, 22.8, 195.06, 22.04, 93.77, 22.29], (134.2808, 1341.008, 2388.455)]
[1998.71, [440.0, 69.0, 29.0, 44.38, 344.56, 20.32, 251.45, 23.13, 181.76, 21.79, 93.94, 22.29], (142.3396, 1185.222, 2253.531)]
[2232.45, [440.0, 69.0, 29.0, 49.28, 344.56, 19.81, 229.52, 23.04, 191.79, 22.26, 92.6, 20.88], (102.4744, 133.0928, 974.42)]
[2739.15, [440.0, 69.0, 29.0, 30.93, 344.7, 19.32, 252.76, 23.08, 191.79, 21.86, 85.92, 21.77], (170.959, 619.4677, 1407.383)]
[6902.39, [440, 69, 29, 19.36, 322.98, 18.01, 260.52, 21.85, 206.76, 16.7, 102.36, 19.25], (204.5158, 729.6216, 1676.737)]
[10557.62, [440, 69, 29, 58.74, 310.76, 17.46, 287.57, 15.27, 215.53, 20.22, 85.4, 16.93], (228.5343, 830.4675, 1898.381)]
[11032.35, [440.0, 69.0, 29.0, 40.28, 346.06, 19.71, 257.65, 22.84, 199.03, 21.85, 73.73, 22.16], (31.95691, 131.0798, 496.8599)]
[149348.55, [440, 69, 29, 34.13, 347.93, 15.3, 248.28, 15.1, 215.81, 15.88, 114.38, 16.95], (727.6499, 1992.749, 3378.467)]

Population size: 30
Number of couples: 13
Number of kept parents: 0
Best parent kept: True
Mutation Probability: 0.15
Mutation range (x, y): 10, 0.6
Number of Parameters: 4
Length, Width, Height: [440, 69, 29]

Written time: 27/03/2023 15:10:26