[10.15, [440.0, 69.0, 29.0, 49.28, 344.56, 19.84, 229.52, 23.04, 191.79, 22.26, 92.6, 21.38], (131.0366, 525.7941, 1301.581)]
[10.36, [440.0, 69.0, 29.0, 49.28, 344.56, 19.9, 230.44, 23.04, 191.79, 22.26, 92.6, 21.29], (131.0103, 525.6175, 1301.007)]
[17.09, [440.0, 69.0, 29.0, 45.27, 344.56, 19.81, 231.85, 23.04, 191.79, 22.26, 92.6, 21.38], (130.9724, 524.1327, 1292.555)]
[20.97, [440.0, 69.0, 29.0, 46.15, 331.67, 19.49, 252.76, 23.0, 199.69, 22.04, 85.92, 21.94], (131.4625, 520.7418, 1294.909)]
[22.7, [440.0, 69.0, 29.0, 46.15, 334.07, 19.49, 257.21, 23.0, 199.55, 22.26, 91.22, 21.7], (129.9905, 519.2271, 1296.917)]
[25.14, [440.0, 69.0, 29.0, 46.15, 334.07, 19.47, 258.26, 23.0, 199.62, 22.26, 91.22, 21.7], (129.9351, 518.7392, 1295.733)]
[31.8, [440.0, 69.0, 29.0, 46.15, 329.44, 19.49, 252.76, 23.0, 194.69, 22.04, 85.92, 22.23], (131.3445, 516.0766, 1287.385)]
[32.62, [440.0, 69.0, 29.0, 46.15, 334.07, 19.43, 250.23, 22.8, 198.67, 22.26, 91.22, 21.7], (132.3389, 528.8055, 1316.351)]
[33.7, [440.0, 69.0, 29.0, 46.15, 334.07, 19.49, 252.76, 22.8, 191.79, 22.21, 85.92, 21.52], (132.1538, 522.3614, 1290.849)]
[34.57, [440.0, 69.0, 29.0, 44.49, 338.93, 20.13, 229.74, 22.8, 192.01, 22.51, 91.22, 21.7], (129.8363, 519.4336, 1287.031)]
[35.27, [440.0, 69.0, 29.0, 46.15, 334.07, 19.49, 248.61, 23.04, 191.79, 22.05, 95.2, 21.7], (132.2631, 528.9322, 1320.261)]
[35.62, [440.0, 69.0, 29.0, 46.15, 334.07, 19.49, 252.76, 22.87, 191.79, 22.26, 85.92, 21.7], (130.5773, 516.8775, 1280.024)]
[38.79, [440.0, 69.0, 29.0, 46.68, 334.07, 19.39, 252.76, 22.8, 192.29, 22.17, 97.36, 21.94], (132.4391, 528.1217, 1321.319)]
[40.19, [440.0, 69.0, 29.0, 40.28, 330.49, 20.12, 252.76, 22.8, 191.79, 22.26, 87.14, 21.55], (130.8307, 515.8879, 1275.33)]
[47.06, [440.0, 69.0, 29.0, 46.15, 339.32, 19.5, 249.75, 22.8, 191.79, 22.26, 85.92, 21.7], (131.008, 515.7852, 1269.399)]
[47.74, [440.0, 69.0, 29.0, 46.15, 334.07, 19.49, 256.62, 22.8, 191.79, 22.26, 87.99, 21.94], (130.2151, 513.6315, 1274.634)]
[53.63, [440.0, 69.0, 29.0, 37.32, 335.33, 19.49, 252.76, 22.8, 191.79, 22.26, 85.92, 21.7], (131.3082, 516.0917, 1265.146)]
[55.61, [440.0, 69.0, 29.0, 40.28, 337.08, 19.71, 252.76, 22.84, 199.03, 21.9, 93.77, 22.29], (132.8007, 519.5041, 1284.292)]
[59.28, [440.0, 69.0, 29.0, 40.28, 334.71, 20.12, 252.76, 22.8, 191.79, 22.44, 95.2, 21.7], (129.0639, 513.1273, 1334.156)]
[92.23, [440.0, 69.0, 29.0, 46.15, 337.23, 19.83, 238.51, 22.8, 191.79, 22.51, 89.99, 22.16], (128.2699, 511.4014, 1268.307)]
[115.4, [440.0, 69.0, 29.0, 46.15, 334.07, 19.21, 252.76, 22.8, 191.79, 22.17, 97.36, 22.03], (132.497, 582.0607, 1342.871)]
[186.12, [440.0, 69.0, 29.0, 47.04, 331.52, 19.49, 252.76, 23.0, 199.62, 22.04, 85.92, 21.94], (131.4597, 617.841, 1394.464)]
[1557.43, [440, 69, 29, 35.1, 361.64, 17.52, 252.02, 15.77, 146.89, 19.26, 101.07, 18.44], (148.1722, 233.2413, 763.9742)]
[1787.29, [440.0, 69.0, 29.0, 42.05, 337.23, 19.83, 238.51, 22.97, 191.79, 22.26, 92.6, 21.37], (131.9355, 1271.285, 2335.49)]
[1934.15, [440.0, 69.0, 29.0, 40.28, 330.49, 20.12, 252.76, 22.8, 187.75, 22.26, 95.2, 21.7], (134.9175, 1307.475, 2374.906)]
[8757.85, [440.0, 69.0, 29.0, 46.15, 334.07, 19.49, 258.26, 23.0, 199.62, 22.26, 91.22, 21.56], (208.7213, 1330.73, 2381.878)]
[9136.18, [440, 69, 29, 62.12, 362.77, 20.93, 229.62, 17.68, 201.05, 17.78, 116.56, 17.97], (220.2057, 758.7725, 1756.916)]
[10064.13, [440, 69, 29, 38.88, 309.63, 15.78, 238.98, 18.33, 211.84, 20.41, 80.38, 14.51], (224.799, 855.2424, 1928.67)]
[78043.99, [440.0, 69.0, 29.0, 49.28, 344.56, 19.81, 229.52, 23.04, 191.79, 22.26, 89.99, 22.07], (518.2159, 1284.724, 2339.869)]
[95328.53, [440.0, 69.0, 29.0, 45.85, 347.13, 19.44, 229.52, 23.07, 196.33, 21.96, 89.99, 22.16], (573.6729, 1412.273, 2551.158)]

Population size: 30
Number of couples: 13
Number of kept parents: 0
Best parent kept: True
Mutation Probability: 0.25
Mutation range (x, y): 5, 0.3
Number of Parameters: 4
Length, Width, Height: [440, 69, 29]

Written time: 27/03/2023 15:28:20