[43.04, [440.0, 69.0, 29.0, 40.28, 337.23, 19.83, 230.98, 22.8, 191.79, 22.26, 85.92, 21.94], (131.7607, 520.7379, 1276.826)]
[63.49, [440.0, 69.0, 29.0, 40.28, 339.32, 19.53, 252.76, 22.84, 191.79, 22.04, 89.99, 21.94], (132.1253, 516.1146, 1266.81)]
[74.21, [440.0, 69.0, 29.0, 40.28, 334.07, 19.49, 252.76, 23.13, 191.79, 22.26, 89.99, 21.75], (128.7634, 513.2048, 1273.31)]
[79.83, [440.0, 69.0, 29.0, 45.85, 350.56, 19.91, 229.52, 22.8, 195.06, 21.96, 89.99, 22.16], (132.8769, 517.4134, 1263.785)]
[82.42, [440.0, 69.0, 29.0, 32.53, 337.23, 19.83, 236.69, 22.8, 191.79, 22.08, 85.92, 21.94], (133.0786, 519.6543, 1263.409)]
[91.77, [440.0, 69.0, 29.0, 60.25, 358.34, 19.91, 229.52, 23.13, 184.49, 21.47, 90.94, 22.16], (132.702, 512.2083, 1253.366)]
[94.55, [440.0, 69.0, 29.0, 40.07, 337.23, 19.83, 252.76, 23.2, 176.14, 21.47, 89.99, 22.16], (132.1599, 508.6735, 1243.791)]
[97.41, [440.0, 69.0, 29.0, 40.28, 338.93, 19.83, 252.36, 23.2, 193.25, 22.21, 90.02, 21.45], (128.4917, 510.0306, 1259.305)]
[100.77, [440.0, 69.0, 29.0, 40.28, 334.07, 19.83, 252.76, 23.13, 184.49, 21.85, 83.91, 22.16], (129.7464, 503.4, 1238.226)]
[103.59, [440.0, 69.0, 29.0, 30.93, 337.23, 19.83, 236.69, 22.8, 191.79, 22.26, 78.32, 22.16], (130.3344, 506.2966, 1224.804)]
[105.47, [440.0, 69.0, 29.0, 40.28, 338.93, 19.83, 252.36, 23.2, 193.25, 22.21, 89.99, 21.45], (128.4894, 510.0049, 1251.323)]
[105.81, [440.0, 69.0, 29.0, 38.51, 334.07, 19.83, 252.76, 23.13, 184.49, 21.85, 83.91, 22.16], (129.799, 503.0912, 1232.694)]
[112.06, [440.0, 69.0, 29.0, 33.9, 338.93, 19.52, 249.34, 23.76, 193.04, 21.47, 85.92, 22.16], (129.1806, 505.0242, 1235.151)]
[113.77, [440.0, 69.0, 29.0, 40.28, 334.07, 19.83, 252.76, 23.13, 184.49, 21.85, 81.79, 22.16], (129.5992, 501.8045, 1229.184)]
[119.8, [440.0, 69.0, 29.0, 31.82, 329.97, 19.27, 257.24, 22.8, 184.49, 21.85, 83.91, 21.91], (134.6641, 520.5342, 1266.62)]
[137.23, [440.0, 69.0, 29.0, 30.93, 344.33, 19.53, 252.76, 22.84, 191.79, 21.72, 92.39, 22.16], (134.5565, 516.1308, 1250.454)]
[144.77, [440.0, 69.0, 29.0, 35.86, 351.39, 20.02, 252.76, 23.2, 184.49, 21.32, 89.99, 22.29], (132.1664, 499.4163, 1202.937)]
[162.34, [440.0, 69.0, 29.0, 41.04, 338.93, 19.75, 229.52, 22.84, 191.03, 21.76, 89.99, 21.75], (136.7436, 537.073, 1312.218)]
[414.8, [440.0, 69.0, 29.0, 42.96, 338.93, 19.83, 252.36, 23.2, 193.25, 22.6, 83.24, 22.29], (121.9434, 483.1381, 1197.599)]
[424.87, [440.0, 69.0, 29.0, 45.85, 350.56, 19.91, 249.34, 23.76, 193.04, 21.47, 85.92, 22.16], (126.9687, 871.6638, 1309.212)]
[1711.2, [440.0, 69.0, 29.0, 40.28, 338.93, 19.71, 252.76, 23.2, 177.24, 21.56, 95.85, 22.16], (132.3195, 1255.855, 2268.234)]
[1731.41, [440.0, 69.0, 29.0, 45.87, 335.77, 19.52, 249.34, 23.8, 193.04, 21.47, 85.92, 22.16], (129.4457, 1251.574, 2295.228)]
[8087.1, [440.0, 69.0, 29.0, 41.04, 338.93, 19.52, 229.52, 22.8, 195.06, 21.72, 89.99, 22.16], (51.16456, 187.3296, 665.2588)]
[8554.92, [440.0, 69.0, 29.0, 30.93, 320.9, 21.44, 274.25, 18.46, 161.58, 22.7, 112.93, 22.31], (41.32357, 567.3411, 1353.364)]
[9607.47, [440, 69, 29, 32.82, 317.35, 16.51, 272.05, 19.06, 199.71, 18.75, 116.38, 17.13], (222.2621, 816.0688, 1877.592)]
[9803.69, [440.0, 69.0, 29.0, 30.93, 337.23, 19.83, 236.69, 22.8, 199.62, 22.26, 85.92, 21.94], (40.21457, 131.9432, 519.1946)]
[10393.68, [440.0, 69.0, 29.0, 50.54, 350.56, 19.91, 229.52, 23.13, 184.49, 21.47, 94.87, 21.95], (36.07929, 134.2834, 523.9645)]
[12256.83, [440, 69, 29, 68.85, 331.1, 18.55, 263.39, 14.79, 194.94, 18.38, 90.98, 19.34], (240.0681, 811.5443, 1856.76)]
[22844.03, [440, 69, 29, 17.74, 313.47, 15.78, 243.57, 14.6, 193.86, 15.81, 101.21, 15.42], (297.934, 971.5398, 2099.256)]
[90502.13, [440.0, 69.0, 29.0, 50.54, 350.56, 19.91, 229.52, 23.04, 184.49, 21.47, 90.94, 22.16], (559.0394, 1315.897, 2402.018)]

Population size: 30
Number of couples: 13
Number of kept parents: 0
Best parent kept: True
Mutation Probability: 0.15
Mutation range (x, y): 10, 0.6
Number of Parameters: 4
Length, Width, Height: [440, 69, 29]

Written time: 27/03/2023 13:44:58