[304.61, [440.0, 69.0, 29.0, 37.32, 337.23, 20.82, 255.04, 22.89, 165.36, 21.07, 80.96, 19.18], (139.7607, 536.5963, 1284.514)]
[355.14, [440.0, 69.0, 29.0, 37.32, 350.56, 20.46, 249.34, 22.47, 189.7, 21.07, 89.99, 22.16], (140.2226, 519.8872, 1244.994)]
[357.97, [440.0, 69.0, 29.0, 37.32, 350.56, 19.91, 249.34, 22.89, 165.36, 21.07, 80.96, 19.99], (140.3927, 531.5854, 1254.992)]
[427.51, [440.0, 69.0, 29.0, 37.32, 350.56, 20.82, 249.34, 22.47, 165.36, 21.07, 80.96, 19.93], (141.6913, 528.3277, 1244.491)]
[624.93, [440.0, 69.0, 29.0, 13.66, 353.1, 20.82, 249.34, 22.47, 189.7, 21.07, 89.99, 20.29], (145.4345, 538.1193, 1257.168)]
[799.2, [440, 69, 29, 27.72, 364.11, 21.88, 279.17, 22.44, 187.09, 22.33, 127.68, 16.88], (137.9385, 411.7257, 810.6575)]
[887.89, [440.0, 69.0, 29.0, 37.32, 337.23, 21.6, 273.93, 22.97, 189.7, 18.9, 77.62, 22.16], (149.7728, 528.8586, 1251.412)]
[972.43, [440.0, 69.0, 29.0, 41.14, 315.84, 17.91, 292.98, 20.91, 212.66, 21.44, 77.62, 22.16], (150.1966, 569.5258, 1380.885)]
[1034.65, [440.0, 69.0, 29.0, 37.32, 337.23, 20.82, 273.93, 22.97, 161.24, 19.99, 110.5, 17.55], (150.3018, 586.5279, 1419.154)]
[1164.29, [440.0, 69.0, 29.0, 37.32, 337.23, 20.82, 255.04, 22.97, 189.93, 18.9, 77.62, 21.34], (153.9883, 560.532, 1319.468)]
[1234.09, [440.0, 69.0, 29.0, 37.32, 346.73, 21.71, 256.75, 22.25, 189.93, 18.9, 77.62, 22.16], (154.5503, 540.4782, 1247.77)]
[1274.18, [440.0, 69.0, 29.0, 69.39, 295.64, 21.59, 230.16, 22.97, 189.93, 18.9, 77.62, 22.16], (153.9856, 583.8757, 1406.205)]
[1529.24, [440.0, 69.0, 29.0, 41.14, 315.84, 17.91, 292.98, 21.13, 212.66, 21.31, 106.66, 21.64], (155.7481, 606.8097, 1508.673)]
[1695.77, [440.0, 69.0, 29.0, 31.89, 337.23, 20.67, 263.2, 22.97, 189.7, 18.49, 77.62, 20.29], (160.1682, 581.8813, 1354.798)]
[1788.5, [440.0, 69.0, 29.0, 28.76, 286.63, 15.53, 255.07, 22.08, 201.95, 21.07, 85.93, 22.16], (157.6205, 642.5913, 1589.302)]
[2239.08, [440.0, 69.0, 29.0, 37.32, 337.23, 20.82, 279.72, 22.97, 189.7, 18.9, 116.46, 17.55], (164.1357, 634.1258, 1512.757)]
[2338.48, [440.0, 69.0, 29.0, 34.88, 337.23, 20.82, 255.04, 19.88, 165.36, 21.07, 80.96, 19.65], (167.273, 592.109, 1376.219)]
[2468.74, [440.0, 69.0, 29.0, 26.26, 339.87, 20.93, 255.04, 19.71, 189.7, 21.07, 89.99, 20.29], (168.4589, 598.142, 1392.172)]
[2494.98, [440.0, 69.0, 29.0, 37.32, 329.02, 20.82, 255.04, 19.71, 165.36, 21.07, 80.96, 19.93], (168.644, 598.9523, 1400.544)]
[2519.59, [440.0, 69.0, 29.0, 42.98, 301.13, 15.53, 230.16, 22.47, 189.7, 21.07, 89.99, 20.29], (164.9503, 687.2659, 1669.164)]
[3265.48, [440.0, 69.0, 29.0, 69.39, 295.64, 21.59, 225.43, 19.66, 165.36, 21.07, 80.96, 19.38], (173.8785, 654.8092, 1615.91)]
[3625.37, [440.0, 69.0, 29.0, 26.26, 339.87, 20.93, 255.04, 19.66, 189.7, 18.9, 77.62, 22.16], (180.2553, 600.7383, 1379.465)]
[4503.16, [440, 69, 29, 15.02, 320.84, 16.34, 224.4, 19.14, 190.26, 19.64, 124.63, 21.49], (181.6793, 203.5843, 752.4528)]
[4879.81, [440.0, 69.0, 29.0, 42.98, 301.13, 15.53, 230.16, 19.88, 165.36, 21.07, 80.96, 19.65], (187.7406, 724.999, 1690.986)]
[6286.93, [440.0, 69.0, 29.0, 37.32, 350.56, 15.3, 242.24, 17.71, 201.15, 19.45, 93.3, 22.32], (200.1546, 717.8807, 1626.249)]
[8135.45, [440, 69, 29, 71.93, 338.05, 19.65, 276.14, 18.83, 195.75, 19.11, 79.61, 19.78], (196.9606, 1519.773, 3067.198)]
[10632.94, [440.0, 69.0, 29.0, 37.32, 337.23, 20.82, 273.93, 22.69, 189.7, 18.9, 79.73, 21.34], (34.05897, 157.0128, 558.5076)]
[11060.84, [440.0, 69.0, 29.0, 37.32, 337.23, 20.82, 251.02, 19.88, 165.36, 21.07, 80.96, 19.12], (24.90732, 617.5433, 1375.876)]
[86513.9, [440.0, 69.0, 29.0, 37.32, 340.5, 20.82, 273.93, 22.97, 189.7, 19.03, 77.74, 21.34], (546.4617, 1271.253, 2333.801)]
[339911.12, [440.0, 69.0, 29.0, 31.89, 337.23, 20.67, 278.13, 23.19, 189.7, 18.9, 77.62, 20.29], (1175.406, 1755.955, 2372.381)]

Population size: 30
Number of couples: 13
Number of kept parents: 0
Best parent kept: True
Mutation Probability: 0.08
Mutation range (x, y): 15, 1
Number of Parameters: 4
Length, Width, Height: [440, 69, 29]

Written time: 27/03/2023 10:37:43