[1048.9, [440.0, 69.0, 29.0, 37.32, 337.23, 20.82, 273.93, 22.97, 189.7, 18.9, 77.62, 22.16], (152.3239, 538.8575, 1272.504)]
[1091.74, [440.0, 69.0, 29.0, 31.89, 337.23, 20.67, 273.93, 22.97, 187.32, 18.9, 77.62, 22.16], (152.8666, 539.5634, 1268.371)]
[1295.89, [440.0, 69.0, 29.0, 69.39, 295.64, 21.59, 255.07, 22.08, 201.95, 21.07, 85.93, 20.29], (151.7458, 604.6537, 1564.891)]
[1889.63, [440.0, 69.0, 29.0, 37.32, 346.73, 21.71, 256.75, 22.25, 206.25, 19.95, 146.49, 19.61], (159.812, 628.9773, 1530.414)]
[2180.09, [440.0, 69.0, 29.0, 37.32, 337.23, 20.82, 273.93, 22.97, 189.93, 18.9, 146.49, 19.61], (162.866, 638.8372, 1557.944)]
[2544.05, [440.0, 69.0, 29.0, 26.26, 339.87, 20.15, 255.04, 19.66, 165.36, 21.07, 80.96, 20.34], (169.6083, 593.5957, 1365.434)]
[2946.51, [440.0, 69.0, 29.0, 26.26, 339.87, 20.35, 255.04, 19.66, 165.36, 21.07, 85.93, 20.29], (173.5783, 595.3061, 1230.317)]
[3091.25, [440.0, 69.0, 29.0, 69.39, 299.21, 21.37, 255.07, 22.08, 201.95, 18.65, 110.66, 21.51], (171.0302, 660.0781, 1712.102)]
[3334.77, [440.0, 69.0, 29.0, 54.66, 315.45, 19.71, 255.04, 19.66, 169.57, 21.35, 80.96, 20.34], (91.82888, 169.5534, 761.1171)]
[3599.92, [440, 69, 29, 70.3, 365.8, 18.97, 263.93, 19.51, 147.42, 20.63, 80.59, 17.61], (179.0945, 631.3092, 1445.163)]
[3634.99, [440.0, 69.0, 29.0, 42.98, 301.13, 15.53, 230.16, 22.97, 189.93, 18.9, 77.62, 21.34], (176.8826, 691.4681, 1647.949)]
[4905.09, [440.0, 69.0, 29.0, 7.45, 304.17, 15.52, 230.16, 22.97, 189.93, 18.9, 77.62, 21.34], (179.5355, 1138.44, 2197.126)]
[5004.71, [440.0, 69.0, 29.0, 31.89, 347.71, 22.67, 262.94, 16.85, 167.85, 20.41, 110.5, 21.64], (185.5565, 192.1529, 684.9272)]
[5028.94, [440.0, 69.0, 29.0, 26.26, 339.87, 20.15, 255.04, 19.66, 165.36, 21.07, 88.96, 20.25], (190.2617, 822.0762, 1161.683)]
[5095.47, [440.0, 69.0, 29.0, 31.89, 346.73, 21.71, 256.75, 22.25, 206.25, 20.24, 81.46, 22.39], (180.5678, 1169.766, 2247.523)]
[5616.65, [440.0, 69.0, 29.0, 70.42, 327.12, 17.92, 227.76, 18.86, 189.36, 20.24, 79.16, 19.99], (194.3067, 709.6786, 1678.986)]
[6054.11, [440.0, 69.0, 29.0, 26.26, 339.87, 20.15, 278.42, 20.07, 157.61, 16.42, 122.67, 22.69], (199.6284, 657.382, 1519.521)]
[6652.36, [440.0, 69.0, 29.0, 26.26, 330.76, 17.92, 278.42, 20.35, 157.61, 16.42, 119.76, 23.08], (203.6677, 681.771, 1583.463)]
[6752.08, [440.0, 69.0, 29.0, 54.66, 316.48, 19.71, 278.42, 20.07, 157.61, 16.42, 122.67, 22.69], (203.5239, 698.0622, 1685.296)]
[7041.36, [440.0, 69.0, 29.0, 70.42, 330.76, 17.8, 278.42, 20.35, 157.61, 16.42, 122.67, 22.88], (205.3974, 709.5798, 1721.888)]
[7704.87, [440, 69, 29, 51.41, 340.31, 17.9, 282.51, 14.57, 202.62, 20.1, 132.08, 21.97], (209.5146, 773.524, 1780.798)]
[9721.77, [440.0, 69.0, 29.0, 42.98, 295.72, 22.21, 247.07, 14.69, 151.38, 18.83, 128.68, 22.16], (224.0898, 742.9494, 1801.534)]
[9726.46, [440.0, 69.0, 29.0, 7.45, 295.72, 22.21, 247.07, 14.69, 151.18, 18.83, 128.68, 22.16], (225.0396, 721.1616, 1690.07)]
[10814.91, [440, 69, 29, 61.57, 358.97, 20.76, 232.71, 16.43, 164.87, 20.44, 84.27, 21.08], (31.77891, 197.3407, 674.5915)]
[85486.48, [440.0, 69.0, 29.0, 54.66, 317.54, 19.71, 227.76, 18.86, 189.36, 20.24, 79.16, 19.99], (536.8606, 2060.07, 3436.67)]
[87038.07, [440.0, 69.0, 29.0, 70.42, 339.87, 20.15, 257.21, 19.88, 165.36, 21.07, 89.99, 20.29], (546.3261, 1449.178, 2721.51)]
[130294.12, [440.0, 69.0, 29.0, 69.39, 295.64, 21.59, 250.33, 20.35, 157.61, 16.42, 122.67, 22.69], (675.3825, 1788.954, 3255.743)]
[146253.26, [440.0, 69.0, 29.0, 26.26, 339.87, 20.15, 255.04, 19.66, 165.36, 18.65, 110.66, 21.51], (721.507, 1644.869, 2876.337)]
[186544.0, [440.0, 69.0, 29.0, 70.42, 330.76, 17.92, 278.42, 20.35, 157.61, 16.42, 122.67, 22.88], (825.0834, 2110.35, 3331.645)]
[395290.02, [440.0, 69.0, 29.0, 28.67, 327.6, 18.12, 255.21, 22.72, 195.13, 18.32, 75.54, 22.35], (1283.827, 1932.71, 3670.564)]

Population size: 30
Number of couples: 13
Number of kept parents: 0
Best parent kept: True
Mutation Probability: 0.1
Mutation range (x, y): 5, 0.3
Number of Parameters: 4
Length, Width, Height: [440, 69, 29]

Written time: 26/03/2023 14:14:21