[586.79, [440.4, 68.58, 28.96, 27.82, 342.53, 15.35, 324.34, 21.35, 269.43, 21.88, 197.92, 22.43, 127.0, 16.84, 89.76, 16.85], (144.4065, 570.2399, 1346.746)]
[1279.34, [440.4, 68.58, 28.96, 54.07, 361.61, 20.5, 308.27, 22.88, 228.89, 20.31, 200.55, 20.84, 128.04, 15.84, 74.66, 17.69], (155.1919, 564.0063, 1273.253)]
[1293.74, [440.4, 68.58, 28.96, 34.83, 334.77, 14.62, 320.43, 16.12, 274.42, 21.4, 169.04, 22.64, 127.0, 16.84, 87.65, 17.28], (152.4843, 623.989, 1492.28)]
[1409.67, [440.4, 68.58, 28.96, 23.0, 355.37, 18.96, 326.99, 20.92, 257.18, 21.85, 216.85, 19.26, 113.1, 21.88, 57.3, 15.11], (156.3337, 523.0106, 1187.954)]
[1426.44, [440.4, 68.58, 28.96, 38.68, 381.16, 15.14, 321.12, 15.57, 259.08, 19.41, 176.11, 23.08, 145.03, 19.53, 92.11, 22.5], (156.7485, 603.4306, 1333.575)]
[1482.52, [440.4, 68.58, 28.96, 23.0, 355.37, 18.96, 326.99, 21.38, 273.52, 21.51, 209.7, 18.9, 131.61, 22.02, 72.82, 19.54], (156.5187, 501.9152, 1150.248)]
[1759.44, [440.4, 68.58, 28.96, 38.68, 384.49, 15.29, 323.39, 15.57, 257.6, 18.9, 180.17, 23.03, 146.59, 19.53, 92.11, 22.25], (160.6692, 614.7163, 1344.736)]
[1910.23, [440.4, 68.58, 28.96, 31.89, 382.6, 15.29, 318.75, 15.2, 259.08, 19.84, 170.75, 22.52, 145.03, 19.27, 91.82, 22.25], (162.3945, 613.8028, 1353.015)]
[2167.48, [440.4, 68.58, 28.96, 34.83, 334.77, 14.99, 320.43, 16.12, 274.23, 21.4, 169.04, 22.43, 127.0, 16.61, 87.62, 16.85], (155.5366, 1098.398, 1671.138)]
[2239.47, [440.4, 68.58, 28.96, 40.32, 340.42, 15.77, 294.6, 15.37, 261.3, 21.27, 211.94, 19.03, 113.1, 21.88, 64.83, 22.54], (167.1661, 567.4642, 1304.732)]
[2442.46, [440.4, 68.58, 28.96, 35.47, 363.42, 16.0, 283.89, 21.18, 245.59, 18.94, 176.71, 22.33, 143.95, 19.01, 60.18, 15.11], (167.8826, 609.8908, 1406.977)]
[2564.2, [440.4, 68.58, 28.96, 40.32, 377.17, 17.59, 294.45, 22.13, 225.92, 18.54, 200.25, 17.81, 116.4, 21.86, 75.94, 22.09], (170.0258, 519.7311, 1202.964)]
[2596.39, [440.4, 68.58, 28.96, 38.68, 384.33, 15.29, 326.99, 20.53, 238.14, 22.38, 171.08, 16.6, 140.61, 16.5, 94.3, 18.42], (169.5568, 639.8484, 1376.339)]
[2883.79, [440.4, 68.58, 28.96, 40.4, 379.58, 15.29, 323.39, 15.57, 259.08, 19.41, 177.73, 22.26, 146.73, 19.31, 60.18, 15.11], (171.5401, 659.1338, 1456.924)]
[3124.06, [440.4, 68.58, 28.96, 52.57, 372.88, 15.05, 328.17, 18.67, 277.52, 21.41, 201.29, 17.79, 116.4, 21.8, 77.35, 16.79], (176.1509, 579.7526, 1322.938)]
[3168.59, [440.4, 68.58, 28.96, 25.7, 358.19, 18.96, 292.59, 15.37, 261.3, 21.85, 216.85, 19.79, 113.61, 21.84, 57.3, 15.11], (167.9309, 322.33, 601.8548)]
[3535.65, [440.4, 68.58, 28.96, 31.89, 342.53, 15.77, 290.54, 15.2, 273.52, 21.41, 200.25, 17.81, 116.4, 21.86, 80.36, 22.09], (179.3834, 593.8093, 1388.232)]
[4092.09, [440.4, 68.58, 28.96, 33.39, 334.77, 14.62, 318.61, 16.12, 274.42, 21.4, 169.04, 17.82, 116.4, 21.86, 74.17, 16.81], (183.778, 624.3993, 1444.436)]
[4283.08, [440.4, 68.58, 28.96, 40.54, 381.16, 15.64, 323.39, 15.79, 257.6, 21.41, 197.92, 17.5, 115.47, 21.86, 74.17, 16.78], (186.0389, 620.4114, 1389.99)]
[4537.58, [440.4, 68.58, 28.96, 38.68, 381.16, 15.29, 320.44, 15.57, 257.6, 17.92, 185.32, 20.8, 147.23, 21.53, 80.59, 14.65], (186.5636, 685.4261, 1520.842)]
[4751.24, [440.4, 68.58, 28.96, 20.13, 351.11, 17.41, 325.97, 17.25, 243.79, 18.07, 186.86, 20.97, 131.35, 20.23, 81.77, 15.03], (189.1078, 663.6746, 1468.076)]
[5054.36, [440.4, 68.58, 28.96, 47.09, 357.66, 17.53, 317.94, 17.73, 253.28, 19.22, 200.73, 17.79, 116.66, 21.75, 75.61, 17.24], (192.7015, 624.0114, 1393.009)]
[6057.76, [440.4, 68.58, 28.96, 37.07, 335.56, 20.66, 290.9, 17.18, 236.87, 19.42, 199.0, 15.57, 138.89, 22.09, 99.29, 20.11], (200.2601, 630.1436, 1471.627)]
[6775.8, [440.4, 68.58, 28.96, 54.38, 370.27, 21.07, 309.04, 14.58, 262.26, 14.89, 215.68, 18.89, 111.17, 19.52, 64.83, 22.22], (206.8198, 655.7354, 1325.026)]
[7694.88, [440.4, 68.58, 28.96, 19.74, 351.61, 17.98, 280.93, 23.66, 255.0, 15.45, 167.95, 15.56, 166.89, 17.03, 65.22, 21.78], (212.8598, 634.703, 1459.785)]
[10700.21, [440.4, 68.58, 28.96, 31.89, 342.53, 15.77, 290.54, 22.7, 271.4, 14.96, 166.38, 14.83, 158.97, 22.69, 65.75, 17.01], (28.45212, 630.953, 1544.424)]
[11178.74, [440.4, 68.58, 28.96, 47.03, 355.37, 19.05, 326.99, 21.14, 273.52, 21.41, 206.1, 18.23, 121.04, 18.85, 78.38, 16.96], (28.15667, 173.3629, 880.3631)]
[12663.36, [440.4, 68.58, 28.96, 31.89, 342.53, 15.25, 325.14, 21.35, 273.52, 18.94, 180.28, 21.99, 143.95, 19.31, 60.18, 15.23], (20.45927, 165.8997, 594.711)]
[20877.81, [440.4, 68.58, 28.96, 23.0, 356.61, 18.96, 323.39, 15.57, 261.24, 19.81, 175.36, 22.6, 142.51, 19.53, 92.11, 22.39], (291.2985, 409.4013, 874.9395)]
[92217.75, [440.4, 68.58, 28.96, 31.89, 342.53, 15.77, 324.34, 21.35, 276.5, 21.41, 197.92, 17.5, 116.4, 21.86, 74.17, 16.75], (564.2259, 1330.375, 2488.382)]

Population size: 30
Number of couples: 13
Number of kept parents: 0
Best parent kept: True
Mutation Probability: 0.3
Mutation range (x, y): 5, 0.5
Number of Parameters: 6

Written time: 25/03/2023 14:46:54