[23.33, [440.0, 68.58, 28.96, 38.66, 381.38, 15.11, 277.59, 22.36, 281.41, 22.0, 202.03, 22.51, 155.14, 22.65, 93.91, 15.02], (130.1278, 520.0266, 1298.119)]
[37.52, [440.0, 68.58, 28.96, 37.38, 381.11, 15.33, 277.99, 22.39, 277.46, 22.55, 212.37, 22.06, 158.23, 22.67, 85.67, 15.15], (131.244, 519.2651, 1283.277)]
[44.4, [440.0, 68.58, 28.96, 28.41, 377.8, 16.3, 280.65, 21.99, 272.61, 22.86, 207.76, 22.35, 154.83, 22.18, 90.22, 14.65], (129.2818, 522.1643, 1284.897)]
[61.37, [440.0, 69.0, 28.96, 42.68, 380.09, 16.05, 282.2, 22.12, 281.53, 22.55, 211.05, 22.0, 154.88, 22.06, 91.74, 15.57], (133.2103, 523.6316, 1285.125)]
[97.2, [440.0, 69.0, 28.96, 20.32, 371.46, 16.49, 280.28, 21.14, 270.91, 22.64, 205.85, 22.97, 150.18, 20.55, 60.09, 15.46], (132.0277, 537.3052, 1259.669)]
[130.13, [440.0, 68.58, 28.96, 31.96, 379.84, 15.59, 282.2, 22.12, 281.53, 22.43, 212.27, 21.71, 161.04, 22.67, 85.67, 15.15], (135.5908, 526.4022, 1290.738)]
[151.8, [440.0, 69.0, 29.0, 22.46, 362.96, 18.55, 276.58, 22.5, 270.91, 22.86, 205.85, 22.97, 150.18, 20.2, 60.09, 15.53], (128.1604, 516.6772, 1215.396)]
[226.23, [440.0, 68.58, 28.96, 41.94, 381.11, 14.93, 277.99, 22.39, 277.46, 22.94, 198.57, 22.34, 151.01, 22.65, 93.27, 14.96], (124.7575, 504.2852, 1277.592)]
[230.57, [440.0, 68.58, 28.96, 38.66, 381.38, 15.33, 277.59, 22.36, 281.41, 22.0, 203.38, 22.34, 158.51, 22.65, 93.91, 19.64], (128.2466, 491.216, 1198.187)]
[274.88, [440.0, 68.58, 28.96, 37.64, 384.61, 16.17, 276.58, 22.19, 276.43, 22.65, 209.71, 21.87, 157.8, 21.5, 60.09, 19.81], (132.2553, 488.964, 1136.262)]
[274.9, [440.0, 68.58, 28.96, 31.96, 377.8, 16.17, 271.59, 22.59, 280.34, 22.86, 207.78, 23.02, 159.84, 22.18, 88.74, 14.48], (122.7152, 513.7996, 1286.486)]
[301.71, [440.0, 68.58, 28.96, 35.44, 381.38, 16.47, 276.58, 22.41, 279.06, 22.65, 208.9, 21.4, 159.36, 21.5, 60.09, 15.43], (138.8471, 527.0729, 1244.25)]
[353.5, [440.0, 68.58, 28.96, 37.29, 390.55, 16.17, 276.58, 20.24, 267.82, 22.71, 204.21, 21.91, 159.51, 22.18, 86.06, 14.31], (138.7536, 561.179, 1342.249)]
[425.75, [440.0, 68.58, 28.96, 37.29, 382.44, 16.17, 276.58, 21.99, 272.53, 22.86, 209.01, 23.17, 154.47, 22.35, 85.27, 15.02], (120.7779, 504.4528, 1246.395)]
[438.32, [440.0, 69.0, 28.96, 42.68, 374.88, 16.54, 278.88, 22.44, 270.91, 22.86, 205.85, 22.62, 160.91, 21.78, 91.61, 20.52], (123.519, 482.5035, 1167.883)]
[626.16, [440.0, 68.58, 28.96, 35.44, 380.18, 16.5, 276.58, 22.19, 275.33, 22.65, 209.71, 21.95, 157.8, 21.5, 60.09, 15.29], (135.1768, 429.4862, 1007.693)]
[929.17, [440.0, 68.58, 28.96, 39.63, 382.07, 15.75, 286.58, 21.99, 268.36, 22.86, 206.48, 22.88, 154.48, 20.37, 79.64, 14.7], (128.9244, 539.5759, 2170.544)]
[1517.32, [440.0, 68.58, 28.96, 37.64, 382.63, 16.29, 276.92, 21.22, 278.7, 22.55, 211.05, 22.09, 154.88, 22.06, 91.74, 15.12], (135.399, 262.3399, 541.4618)]
[3078.51, [440.0, 68.58, 28.96, 35.44, 376.4, 16.17, 277.13, 20.37, 275.43, 22.77, 200.28, 20.8, 130.77, 19.38, 94.6, 15.67], (171.0857, 658.0179, 1492.49)]
[3743.83, [440.0, 68.58, 28.96, 45.94, 384.81, 15.91, 283.1, 22.12, 276.75, 22.24, 206.84, 22.34, 149.37, 23.06, 89.15, 15.02], (94.84441, 130.6081, 1914.342)]
[9280.49, [440, 69, 29, 23.48, 345.07, 19.3, 302.68, 17.31, 264.86, 22.73, 217.68, 15.83, 142.9, 18.66, 81.72, 21.34], (200.9725, 1420.721, 2466.401)]
[9853.93, [440, 69, 29, 17.63, 341.13, 15.95, 306.27, 16.68, 244.42, 15.22, 170.85, 20.25, 139.08, 19.51, 62.67, 14.77], (223.8242, 747.9984, 1627.833)]
[11218.4, [440, 69, 29, 53.62, 340.42, 20.17, 328.62, 18.22, 237.88, 18.36, 214.2, 14.97, 121.2, 16.92, 85.36, 17.47], (233.5036, 732.8812, 1593.929)]
[32811.91, [440.0, 69.0, 29.0, 37.89, 381.38, 15.33, 277.99, 22.02, 270.64, 22.54, 207.97, 22.06, 154.88, 20.2, 83.19, 14.72], (350.0044, 628.8477, 1401.363)]
[76081.66, [440.0, 68.58, 28.96, 33.97, 381.38, 16.29, 276.92, 20.94, 280.18, 22.94, 199.89, 21.91, 154.2, 22.65, 89.02, 14.96], (507.7271, 1294.812, 2281.706)]
[80999.68, [440.0, 68.58, 28.96, 38.66, 381.38, 15.33, 277.17, 22.36, 281.41, 22.0, 203.38, 22.13, 158.95, 22.67, 85.67, 15.15], (524.4123, 1289.616, 2300.275)]
[86894.37, [440.0, 69.0, 29.0, 32.71, 346.06, 22.99, 329.82, 18.01, 239.05, 22.64, 210.94, 22.68, 158.33, 22.18, 94.13, 14.72], (544.1987, 1270.82, 2280.238)]
[87013.51, [440.0, 68.58, 28.96, 34.78, 376.48, 15.77, 278.07, 19.11, 262.75, 22.87, 204.08, 23.08, 151.05, 21.91, 90.13, 20.0], (544.4834, 1294.491, 2253.356)]
[92995.06, [440.0, 68.58, 28.96, 33.35, 380.95, 16.65, 282.77, 20.02, 228.67, 22.67, 212.16, 14.48, 119.72, 21.58, 106.4, 20.25], (562.5402, 1353.537, 2518.689)]
[130833.11, [440.0, 69.0, 28.96, 47.34, 381.89, 16.05, 282.2, 22.12, 281.53, 22.55, 210.35, 22.34, 158.13, 22.65, 93.91, 15.02], (673.3968, 1581.275, 3105.016)]

Population size: 30
Number of couples: 13
Number of kept parents: 0
Best parent kept: True
Mutation Probability: 0.3
Mutation range (x, y): 5, 0.5
Number of Parameters: 6
Length, Width, Height: [440, 69, 29]
Target Frequencies: (130.8, 523.2, 1308.0)

Written time: 12/05/2023 17:31:33