[22.21, [440.0, 69.0, 28.96, 24.85, 373.57, 16.0, 277.62, 21.8, 271.6, 22.37, 209.1, 22.51, 162.39, 22.82, 87.21, 14.7], (130.739, 531.4905, 1309.329)]
[33.28, [440.0, 69.0, 28.96, 29.48, 365.14, 16.0, 282.09, 21.85, 271.6, 22.37, 205.67, 22.37, 162.39, 22.82, 87.21, 14.77], (131.1431, 530.5877, 1320.8)]
[34.54, [440.0, 68.58, 28.96, 36.68, 377.34, 16.18, 280.77, 21.11, 281.6, 22.71, 206.43, 22.46, 155.87, 22.11, 86.41, 15.47], (129.8435, 526.239, 1290.409)]
[35.48, [440.0, 69.0, 28.96, 27.98, 374.67, 16.16, 278.65, 21.76, 278.87, 22.68, 212.68, 22.51, 166.76, 22.11, 83.55, 15.4], (131.1296, 533.6884, 1300.637)]
[36.55, [440.0, 69.0, 28.96, 29.02, 372.86, 16.16, 280.63, 21.76, 279.31, 22.3, 204.03, 22.51, 155.87, 22.11, 83.75, 14.85], (131.6918, 527.7758, 1291.312)]
[54.92, [440.0, 69.0, 28.96, 24.85, 373.57, 16.22, 286.36, 21.44, 278.21, 22.39, 207.76, 22.46, 156.08, 22.11, 84.6, 14.69], (132.4172, 530.0656, 1290.812)]
[63.21, [440.0, 68.58, 28.96, 29.61, 377.96, 16.18, 276.92, 20.94, 277.3, 22.71, 204.08, 22.69, 155.14, 22.29, 86.41, 15.02], (128.3328, 528.2896, 1296.265)]
[74.51, [440.4, 69.0, 28.96, 20.0, 372.86, 17.05, 275.8, 21.54, 272.51, 22.38, 204.71, 22.35, 158.68, 22.39, 84.6, 15.27], (133.2668, 529.6334, 1288.321)]
[85.99, [440.0, 69.0, 28.96, 30.92, 375.17, 16.37, 284.17, 21.56, 274.38, 22.08, 211.24, 22.59, 157.75, 22.05, 81.23, 15.3], (133.1469, 531.2191, 1278.008)]
[100.39, [440.0, 69.0, 28.96, 27.79, 374.67, 17.05, 281.57, 21.44, 272.75, 22.77, 207.76, 22.09, 162.39, 22.11, 85.25, 15.18], (133.922, 534.4332, 1290.853)]
[101.6, [440.0, 69.0, 28.96, 23.51, 372.86, 17.05, 281.57, 21.44, 275.96, 22.39, 207.76, 22.46, 157.93, 21.89, 84.6, 14.71], (133.9064, 536.4738, 1294.338)]
[104.94, [440.0, 69.0, 28.96, 27.79, 374.67, 16.16, 276.26, 21.76, 275.36, 22.39, 207.76, 22.46, 157.93, 21.88, 84.6, 14.71], (133.8343, 540.8965, 1315.846)]
[110.88, [440.4, 69.0, 28.96, 29.02, 372.86, 17.05, 281.57, 21.44, 275.11, 22.77, 212.5, 22.89, 162.39, 22.11, 88.32, 15.18], (126.7461, 525.7304, 1285.07)]
[169.79, [440.0, 68.58, 28.96, 32.75, 377.96, 16.18, 276.92, 20.94, 281.15, 22.31, 207.76, 22.46, 155.87, 21.91, 90.8, 14.86], (134.7462, 548.213, 1336.862)]
[184.17, [440.4, 68.58, 28.96, 36.79, 374.54, 16.18, 274.01, 20.54, 287.33, 21.95, 206.28, 23.04, 166.8, 21.77, 85.8, 14.74], (132.7718, 560.8193, 1370.433)]
[198.69, [440.0, 69.0, 28.96, 24.04, 376.69, 15.95, 285.47, 21.72, 271.6, 22.37, 203.85, 22.92, 162.39, 22.82, 87.21, 15.64], (125.6572, 511.369, 1255.512)]
[213.09, [440.4, 69.0, 28.96, 23.51, 372.86, 17.05, 281.57, 21.61, 277.19, 23.14, 213.9, 22.3, 162.39, 22.36, 88.53, 15.18], (128.7327, 483.8604, 1222.987)]
[353.45, [440.0, 69.0, 29.0, 22.65, 360.9, 19.3, 311.71, 18.63, 226.16, 22.68, 205.25, 22.64, 162.39, 22.27, 68.28, 15.18], (138.8498, 554.3581, 1260.838)]
[482.58, [440.0, 69.0, 28.96, 30.87, 368.95, 16.22, 286.52, 21.33, 271.6, 22.68, 202.15, 22.51, 161.33, 22.36, 85.35, 21.57], (123.7793, 472.5317, 1138.12)]
[522.32, [440.0, 69.0, 28.96, 25.92, 376.65, 15.67, 281.17, 22.02, 272.28, 22.27, 212.8, 22.37, 159.76, 22.52, 65.34, 21.57], (124.9327, 460.6873, 1084.084)]
[1119.45, [440.0, 69.0, 28.96, 34.75, 369.12, 16.29, 276.38, 21.44, 275.63, 21.87, 206.57, 23.36, 162.39, 22.11, 88.25, 15.49], (127.842, 555.9169, 2294.785)]
[1890.21, [440.0, 69.0, 29.0, 28.23, 363.69, 22.4, 281.22, 18.26, 254.38, 20.25, 174.76, 20.59, 114.65, 21.12, 62.98, 22.41], (161.0796, 516.3482, 1101.108)]
[1994.82, [440.0, 69.0, 28.96, 26.77, 373.57, 16.2, 286.52, 21.73, 268.81, 22.68, 205.67, 22.51, 162.39, 22.36, 83.19, 14.95], (129.3865, 940.5673, 2242.596)]
[2729.79, [440.0, 69.0, 28.96, 30.87, 368.12, 16.0, 284.68, 21.73, 271.6, 22.37, 205.67, 22.03, 162.39, 23.28, 87.21, 15.18], (167.0229, 537.0586, 792.9506)]
[3001.71, [440.0, 69.0, 28.96, 32.14, 374.77, 16.16, 279.36, 21.76, 280.46, 22.68, 209.17, 22.51, 162.39, 22.11, 85.25, 15.18], (138.5773, 1242.906, 2293.555)]
[3004.78, [440, 69, 29, 12.18, 361.8, 18.7, 282.84, 22.89, 267.83, 20.48, 186.53, 16.08, 153.33, 22.67, 64.26, 16.73], (174.9079, 553.2095, 1307.618)]
[3205.79, [440, 69, 29, 40.44, 350.13, 21.53, 323.52, 22.45, 262.3, 19.56, 181.36, 16.72, 146.12, 22.63, 106.99, 15.97], (176.5658, 559.2608, 1327.567)]
[9065.86, [440, 69, 29, 26.91, 330.65, 14.86, 309.0, 19.86, 240.84, 18.63, 192.29, 15.48, 146.63, 21.29, 102.64, 15.19], (218.244, 719.2354, 1706.749)]
[68157.61, [440.0, 69.0, 28.96, 34.74, 368.95, 16.18, 276.92, 20.94, 281.86, 22.45, 207.76, 22.46, 155.87, 22.06, 86.41, 14.77], (478.9778, 1368.435, 2384.203)]
[83271.07, [440.0, 68.58, 28.96, 28.96, 380.78, 16.65, 277.83, 21.44, 275.63, 21.87, 206.57, 23.36, 164.11, 22.11, 85.25, 14.9], (532.2856, 1271.678, 2261.784)]

Population size: 30
Number of couples: 13
Number of kept parents: 0
Best parent kept: True
Mutation Probability: 0.3
Mutation range (x, y): 5, 0.5
Number of Parameters: 6
Length, Width, Height: [440, 69, 29]
Target Frequencies: (130.8, 523.2, 1308.0)

Written time: 12/05/2023 14:38:28