[196.06, [440.4, 68.58, 28.96, 34.83, 334.77, 14.62, 320.43, 16.12, 277.46, 21.4, 169.04, 22.64, 130.73, 21.88, 64.83, 22.54], (132.7971, 498.9376, 1164.331)]
[417.02, [440.4, 68.58, 28.96, 38.68, 381.16, 15.14, 321.12, 15.57, 259.58, 19.41, 173.0, 23.15, 108.18, 21.88, 64.83, 22.84], (139.3785, 523.8561, 1142.4)]
[508.27, [440.4, 68.58, 28.96, 54.07, 347.51, 15.3, 324.34, 21.35, 269.43, 21.88, 197.92, 22.43, 124.74, 16.84, 90.78, 16.85], (142.9944, 566.1181, 1348.376)]
[629.01, [440.4, 68.58, 28.96, 27.82, 342.53, 15.35, 324.34, 21.35, 269.43, 21.88, 202.36, 22.43, 127.0, 16.84, 87.89, 16.85], (145.1297, 572.7685, 1345.915)]
[874.51, [440.4, 68.58, 28.96, 34.83, 334.77, 14.68, 320.43, 16.12, 274.42, 21.29, 169.04, 22.93, 127.0, 16.84, 76.7, 22.09], (148.7982, 591.4248, 1351.736)]
[1119.71, [440.4, 68.58, 28.96, 34.2, 334.77, 14.55, 323.48, 15.81, 274.42, 21.4, 169.04, 22.64, 127.0, 16.96, 72.82, 19.95], (151.5803, 605.6346, 1399.072)]
[1346.08, [440.4, 68.58, 28.96, 27.82, 361.61, 20.5, 308.27, 22.88, 223.96, 20.31, 200.55, 20.84, 128.04, 15.84, 74.66, 17.69], (155.9181, 564.4146, 1261.104)]
[1401.66, [440.4, 68.58, 28.96, 20.78, 358.19, 19.21, 292.59, 21.18, 245.59, 18.94, 178.11, 22.33, 143.23, 19.01, 60.18, 15.11], (152.6224, 173.3648, 1274.864)]
[1441.12, [440.4, 68.58, 28.96, 29.89, 336.28, 14.62, 320.43, 15.68, 274.42, 21.24, 169.04, 22.64, 127.0, 16.98, 85.76, 17.28], (154.4797, 629.1288, 1492.025)]
[1472.14, [440.4, 68.58, 28.96, 26.3, 351.37, 18.96, 326.99, 21.12, 257.18, 21.85, 217.07, 18.98, 113.1, 21.88, 57.3, 15.11], (157.2422, 524.6962, 1196.139)]
[1500.61, [440.4, 68.58, 28.96, 27.34, 336.57, 18.5, 322.77, 18.5, 223.52, 22.39, 180.46, 20.94, 163.71, 17.47, 79.55, 22.22], (157.986, 592.0643, 1292.795)]
[2031.46, [440.4, 68.58, 28.96, 27.82, 342.53, 14.66, 321.72, 15.67, 259.08, 19.04, 176.11, 22.73, 145.87, 19.53, 92.11, 22.5], (163.2254, 622.361, 1395.178)]
[2101.89, [440.4, 68.58, 28.96, 35.47, 363.42, 15.77, 294.6, 15.37, 261.3, 21.27, 208.58, 19.28, 113.1, 21.88, 64.83, 22.58], (165.2765, 559.2399, 1265.433)]
[2280.02, [440.4, 68.58, 28.96, 40.32, 377.17, 17.59, 291.09, 22.13, 225.92, 18.54, 188.77, 20.8, 147.23, 21.53, 80.59, 14.65], (167.2139, 568.904, 1346.315)]
[2508.88, [440.4, 68.58, 28.96, 35.47, 363.42, 16.0, 283.89, 15.78, 258.01, 21.85, 216.65, 19.79, 113.61, 21.84, 57.3, 15.11], (168.5377, 617.5192, 1405.675)]
[2660.41, [440.4, 68.58, 28.96, 41.0, 381.15, 17.37, 295.12, 19.84, 252.61, 17.24, 173.41, 22.43, 125.33, 19.52, 86.6, 20.59], (171.2975, 585.5298, 1285.923)]
[3229.07, [440.4, 68.58, 28.96, 40.32, 377.17, 17.59, 294.45, 22.13, 223.86, 18.54, 200.25, 17.75, 120.61, 21.86, 90.02, 17.28], (177.3951, 568.4013, 1312.768)]
[3325.92, [440.4, 68.58, 28.96, 39.38, 340.42, 16.0, 283.89, 21.18, 248.2, 18.45, 176.71, 22.33, 145.09, 18.58, 60.18, 15.06], (174.096, 361.6232, 1624.84)]
[4080.79, [440.4, 68.58, 28.96, 38.68, 381.16, 15.14, 320.99, 15.57, 259.08, 21.41, 201.29, 17.92, 116.4, 21.8, 77.35, 16.79], (184.0159, 623.5323, 1408.007)]
[4381.16, [440.4, 68.58, 28.96, 40.32, 340.42, 15.77, 294.6, 15.57, 261.0, 20.94, 211.94, 18.84, 145.03, 19.53, 92.11, 22.5], (185.7319, 643.1072, 1499.542)]
[4679.92, [440.4, 68.58, 28.96, 31.89, 342.53, 15.79, 290.54, 15.2, 269.55, 21.41, 169.04, 17.82, 116.4, 21.86, 74.17, 16.81], (188.4044, 650.4669, 1490.278)]
[4801.25, [440.4, 68.58, 28.96, 52.57, 372.88, 15.05, 328.17, 15.37, 261.3, 21.44, 211.94, 19.23, 113.1, 21.88, 62.51, 22.54], (79.56349, 161.6245, 537.3925)]
[5003.06, [440.4, 68.58, 28.96, 43.13, 381.16, 15.06, 320.44, 15.57, 262.24, 18.21, 200.25, 17.59, 117.82, 21.86, 75.94, 22.09], (192.6327, 617.4311, 1356.401)]
[5566.13, [440.4, 68.58, 28.96, 32.2, 367.4, 20.43, 317.16, 20.01, 222.36, 17.58, 176.61, 18.38, 119.32, 19.0, 69.55, 18.96], (197.8344, 602.4148, 1307.977)]
[5915.85, [440.4, 68.58, 28.96, 52.57, 372.88, 15.05, 328.17, 18.67, 274.19, 19.41, 176.11, 23.49, 145.03, 19.5, 92.11, 22.5], (200.0171, 620.6715, 1246.717)]
[6488.94, [440.4, 68.58, 28.96, 40.32, 340.42, 15.5, 296.16, 14.88, 261.3, 21.27, 211.94, 19.03, 112.74, 16.84, 91.36, 17.27], (201.2366, 743.5483, 1666.91)]
[6907.9, [440.4, 68.58, 28.96, 23.6, 355.37, 19.39, 326.99, 20.99, 272.54, 21.65, 209.7, 18.9, 136.34, 22.48, 87.65, 17.28], (56.37126, 157.7697, 1188.514)]
[6935.54, [440.4, 68.58, 28.96, 33.39, 334.77, 14.95, 313.84, 16.12, 277.91, 21.32, 198.47, 17.81, 111.58, 22.16, 81.24, 22.2], (55.28149, 176.3931, 1332.457)]
[8458.8, [440.4, 68.58, 28.96, 40.32, 340.42, 16.22, 294.6, 18.67, 277.52, 21.41, 199.02, 17.79, 116.4, 21.8, 79.88, 16.79], (48.6422, 187.9218, 633.2912)]
[11928.17, [440.4, 68.58, 28.96, 38.68, 376.91, 15.24, 327.4, 21.35, 269.43, 21.88, 197.92, 22.91, 127.0, 16.72, 93.36, 16.98], (21.53146, 139.3235, 1187.945)]

Population size: 30
Number of couples: 13
Number of kept parents: 0
Best parent kept: True
Mutation Probability: 0.3
Mutation range (x, y): 5, 0.5
Number of Parameters: 6

Written time: 25/03/2023 14:55:53