[64.35, [440.4, 68.58, 28.96, 38.4, 373.52, 15.79, 329.22, 21.52, 270.23, 22.89, 198.77, 22.72, 133.17, 16.84, 95.8, 16.86], (130.4068, 533.1325, 1256.253)]
[88.01, [440.4, 68.58, 28.96, 39.68, 376.08, 15.59, 330.08, 21.52, 270.86, 22.89, 201.96, 22.43, 133.17, 17.27, 95.8, 16.56], (132.5546, 535.5555, 1255.405)]
[103.22, [440.4, 68.58, 28.96, 36.32, 378.8, 15.92, 327.79, 21.52, 269.29, 22.89, 201.96, 22.43, 128.92, 16.84, 95.8, 17.32], (133.0695, 535.9397, 1251.491)]
[126.66, [440.4, 68.58, 28.96, 34.34, 376.08, 15.33, 331.84, 21.52, 266.17, 22.75, 201.96, 22.51, 133.17, 16.84, 95.8, 16.86], (134.2417, 542.5789, 1264.283)]
[133.23, [440.4, 68.58, 28.96, 35.91, 377.58, 15.33, 328.5, 21.08, 268.93, 22.89, 200.18, 22.43, 134.09, 16.84, 95.8, 17.15], (134.6775, 547.9473, 1275.564)]
[145.89, [440.4, 68.58, 28.96, 49.94, 377.31, 18.6, 293.41, 15.17, 254.35, 20.5, 169.04, 23.48, 114.35, 22.35, 92.5, 22.76], (131.4855, 520.3511, 1170.654)]
[147.48, [440.4, 68.58, 28.96, 39.68, 376.08, 15.79, 329.22, 21.52, 266.17, 22.53, 203.2, 22.72, 118.28, 16.67, 88.01, 17.85], (133.7504, 530.4778, 1218.216)]
[157.35, [440.4, 68.58, 28.96, 31.43, 376.08, 15.59, 326.27, 21.52, 266.8, 22.89, 200.18, 22.23, 133.94, 16.84, 95.8, 16.86], (135.3203, 552.7536, 1275.974)]
[194.62, [440.4, 68.58, 28.96, 40.32, 387.33, 19.35, 287.5, 21.77, 266.17, 22.7, 201.96, 22.43, 129.73, 16.81, 95.8, 16.62], (135.8678, 545.0766, 1248.984)]
[218.49, [440.4, 68.58, 28.96, 36.52, 376.08, 15.59, 327.79, 21.25, 261.23, 22.7, 204.29, 22.43, 138.14, 16.84, 95.8, 16.86], (137.4244, 559.1083, 1295.497)]
[218.89, [440.4, 68.58, 28.96, 45.88, 370.34, 15.77, 287.5, 22.33, 278.92, 20.81, 171.37, 23.48, 110.31, 16.84, 96.88, 16.85], (137.9774, 537.0607, 1294.817)]
[328.9, [440.4, 68.58, 28.96, 22.97, 373.76, 15.37, 324.01, 22.3, 266.17, 22.52, 202.75, 22.14, 132.35, 16.36, 98.02, 22.8], (137.626, 522.6507, 1157.661)]
[412.92, [440.4, 68.58, 28.96, 47.04, 374.44, 18.51, 293.41, 15.17, 263.34, 19.59, 182.98, 22.04, 106.52, 23.64, 85.85, 21.27], (140.06, 526.2382, 1179.386)]
[713.6, [440.4, 68.58, 28.96, 42.2, 381.83, 15.68, 287.5, 22.52, 282.39, 20.56, 164.04, 23.67, 116.27, 22.21, 88.88, 22.8], (120.4446, 438.2349, 1013.412)]
[984.08, [440.4, 68.58, 28.96, 33.04, 376.08, 15.33, 334.44, 21.52, 266.17, 22.89, 201.96, 22.47, 133.17, 16.84, 95.8, 16.86], (132.9549, 340.0921, 538.5533)]
[1238.73, [440.4, 68.58, 28.96, 36.32, 376.08, 15.59, 327.79, 21.6, 266.17, 22.89, 201.96, 22.88, 133.17, 16.47, 95.8, 16.75], (130.6285, 199.5048, 2222.316)]
[1351.56, [440.4, 68.58, 28.96, 39.82, 376.08, 15.37, 329.22, 22.62, 285.29, 21.75, 169.04, 23.48, 115.55, 22.3, 64.65, 22.47], (112.1155, 397.1603, 891.1565)]
[1615.76, [440.4, 68.58, 28.96, 42.39, 377.31, 17.97, 283.79, 22.5, 279.9, 19.74, 206.49, 22.43, 133.17, 16.84, 93.19, 16.86], (159.2134, 587.8967, 1345.728)]
[1746.78, [440.4, 68.58, 28.96, 39.68, 376.08, 16.15, 330.37, 21.33, 266.17, 22.89, 201.96, 22.64, 133.17, 16.7, 98.45, 16.86], (132.3719, 1324.677, 2234.025)]
[2028.39, [440.4, 68.58, 28.96, 24.52, 372.16, 19.21, 294.88, 15.57, 276.79, 19.76, 172.44, 23.22, 118.62, 16.37, 98.39, 17.08], (162.6078, 641.1427, 1425.823)]
[2557.64, [440.4, 68.58, 28.96, 43.56, 337.82, 19.3, 283.77, 19.26, 244.45, 19.5, 204.06, 21.34, 130.64, 18.55, 70.93, 22.84], (170.1549, 584.9065, 1279.789)]
[2750.05, [440.4, 68.58, 28.96, 47.04, 380.25, 19.4, 296.89, 16.06, 272.65, 19.84, 169.24, 22.43, 129.42, 16.37, 101.56, 16.95], (170.1767, 655.0466, 1456.689)]
[2810.73, [440.4, 68.58, 28.96, 35.18, 381.45, 17.55, 287.5, 22.48, 279.28, 20.02, 182.98, 22.04, 105.28, 23.59, 85.85, 21.27], (101.9165, 131.5656, 442.4281)]
[3641.95, [440.4, 68.58, 28.96, 35.73, 347.84, 16.84, 304.42, 16.15, 234.19, 20.57, 206.6, 22.04, 128.21, 16.1, 88.39, 21.63], (178.9945, 678.3645, 1450.55)]
[5412.62, [440.4, 68.58, 28.96, 27.6, 373.76, 15.37, 327.07, 21.92, 262.04, 22.52, 202.75, 23.77, 110.44, 22.44, 92.38, 23.26], (75.74094, 106.9601, 398.733)]
[10485.18, [440.4, 68.58, 28.96, 38.15, 376.08, 16.09, 326.66, 21.32, 266.17, 22.89, 201.96, 22.72, 133.17, 16.84, 95.8, 16.94], (33.08068, 131.9234, 876.0672)]
[50448.0, [440.4, 68.58, 28.96, 36.32, 378.08, 15.59, 327.79, 21.5, 270.89, 22.89, 201.96, 22.43, 135.14, 16.63, 96.54, 16.86], (418.9376, 1128.936, 2243.504)]
[51992.72, [440.4, 68.58, 28.96, 39.82, 376.08, 15.28, 329.22, 21.52, 266.17, 22.7, 201.96, 22.43, 130.03, 16.36, 90.72, 23.2], (427.8364, 697.3364, 1936.668)]
[73680.1, [440.4, 68.58, 28.96, 13.18, 362.54, 19.13, 300.94, 19.32, 269.7, 18.66, 173.41, 20.83, 157.62, 21.79, 89.32, 21.96], (505.8799, 1077.63, 1795.979)]
[84330.78, [440.4, 68.58, 28.96, 44.45, 380.53, 15.2, 328.96, 21.68, 266.17, 22.86, 194.09, 22.01, 133.17, 16.84, 95.8, 16.86], (539.5734, 1266.058, 2253.648)]

Population size: 30
Number of couples: 13
Number of kept parents: 0
Best parent kept: True
Mutation Probability: 0.3
Mutation range (x, y): 5, 0.5
Number of Parameters: 6

Written time: 25/03/2023 19:04:57