[120.39, [440.4, 68.58, 28.96, 29.14, 371.5, 16.49, 278.64, 21.44, 279.67, 22.15, 203.42, 22.51, 162.94, 22.11, 84.6, 14.74], (134.0672, 542.1832, 1321.873)]
[364.02, [440.0, 69.0, 28.96, 25.23, 362.26, 16.12, 278.95, 21.7, 283.14, 22.79, 205.49, 22.92, 129.54, 16.44, 92.67, 17.42], (137.1864, 579.2843, 1370.421)]
[499.11, [440.0, 69.0, 28.96, 30.21, 362.26, 16.12, 278.95, 21.07, 283.14, 22.79, 208.24, 22.92, 129.31, 16.39, 96.81, 17.42], (138.9905, 591.7369, 1401.368)]
[572.12, [440.4, 68.58, 28.96, 29.9, 366.57, 16.83, 273.64, 21.72, 275.95, 22.54, 203.71, 22.81, 137.55, 16.8, 96.07, 15.88], (140.3452, 594.3008, 1407.466)]
[669.21, [440.4, 68.58, 28.96, 32.75, 372.99, 16.04, 278.98, 21.44, 270.08, 22.63, 205.29, 22.4, 136.01, 17.27, 100.58, 16.96], (142.7266, 593.0659, 1390.657)]
[817.23, [440.0, 68.58, 28.96, 32.85, 366.57, 16.59, 278.16, 21.67, 276.56, 22.41, 211.76, 22.51, 144.38, 17.27, 100.58, 17.49], (145.0857, 598.4882, 1397.063)]
[854.66, [440.4, 68.58, 28.96, 33.82, 370.45, 17.07, 272.41, 20.74, 283.34, 22.56, 203.51, 22.83, 137.88, 15.4, 96.19, 16.96], (144.2659, 617.5156, 1432.73)]
[864.79, [440.0, 69.0, 28.96, 32.64, 363.67, 16.36, 276.88, 21.59, 283.01, 22.14, 209.69, 22.77, 135.39, 16.81, 97.86, 16.3], (145.1646, 603.7548, 1426.977)]
[875.31, [440.0, 68.58, 28.96, 32.85, 366.97, 16.42, 273.08, 21.67, 276.56, 21.96, 209.06, 22.92, 129.31, 16.44, 96.85, 16.83], (145.6721, 603.1645, 1409.866)]
[876.26, [440.4, 69.0, 28.96, 30.21, 362.26, 15.97, 279.68, 21.42, 283.14, 22.47, 208.24, 22.32, 142.59, 17.27, 95.94, 17.49], (145.9175, 599.0883, 1406.748)]
[879.99, [440.0, 69.0, 28.96, 31.7, 363.67, 16.36, 273.73, 21.59, 282.26, 22.14, 212.1, 23.06, 139.27, 16.32, 97.86, 16.79], (144.8414, 612.8882, 1437.61)]
[895.08, [440.0, 69.0, 28.96, 30.21, 358.7, 16.31, 277.56, 21.36, 278.84, 22.06, 213.0, 22.91, 135.39, 16.96, 97.86, 16.79], (145.7713, 607.6579, 1412.651)]
[1010.06, [440.0, 69.0, 28.96, 34.15, 368.67, 16.67, 286.45, 20.75, 271.42, 22.65, 203.76, 22.23, 135.8, 15.89, 98.57, 16.96], (147.2146, 615.276, 1422.837)]
[1026.29, [440.4, 68.58, 28.96, 29.6, 359.57, 16.74, 286.56, 21.34, 283.35, 21.52, 209.69, 22.91, 135.39, 16.81, 101.99, 16.79], (148.1089, 602.972, 1414.741)]
[1047.05, [440.4, 69.0, 28.96, 41.73, 368.94, 16.67, 286.45, 20.75, 271.42, 22.65, 203.76, 22.08, 135.8, 15.89, 98.57, 17.3], (147.798, 615.5315, 1423.421)]
[1140.86, [440.0, 69.0, 29.0, 14.58, 338.59, 21.3, 297.71, 18.28, 265.86, 22.63, 205.29, 22.4, 136.01, 17.27, 103.19, 17.11], (150.081, 610.7935, 1383.24)]
[1429.69, [440.4, 68.58, 28.96, 33.78, 371.5, 16.04, 278.72, 21.44, 265.86, 22.63, 209.6, 22.4, 136.01, 17.27, 100.58, 17.29], (153.093, 614.4175, 1457.069)]
[1726.78, [440.0, 69.0, 28.96, 34.79, 362.98, 16.99, 278.06, 21.38, 284.25, 21.73, 203.51, 22.13, 133.14, 15.04, 96.81, 17.42], (156.6306, 631.5066, 1451.207)]
[1786.19, [440.0, 69.0, 28.96, 32.79, 363.67, 16.26, 277.56, 21.59, 283.55, 21.73, 203.51, 22.15, 133.96, 15.04, 98.57, 16.66], (156.7836, 638.5032, 1481.444)]
[1830.09, [440.0, 69.0, 28.96, 33.3, 366.44, 16.67, 282.2, 20.37, 278.97, 22.33, 203.19, 22.1, 139.46, 16.45, 93.45, 16.74], (157.113, 646.0149, 1481.3)]
[3097.66, [440.0, 69.0, 28.96, 30.21, 362.26, 16.58, 275.93, 20.99, 278.84, 22.14, 209.69, 22.91, 135.81, 16.81, 98.51, 16.79], (145.856, 1061.56, 2475.552)]
[5392.62, [440.4, 68.58, 28.96, 29.86, 376.68, 16.85, 281.31, 21.57, 279.67, 22.52, 203.08, 22.25, 129.63, 16.47, 97.28, 16.61], (175.8629, 1043.393, 2375.114)]
[7905.36, [440, 69, 29, 38.27, 340.51, 21.67, 296.97, 21.47, 262.29, 14.92, 173.37, 16.53, 155.33, 20.06, 94.77, 18.83], (212.9367, 626.0041, 1512.363)]
[9236.62, [440.0, 69.0, 29.0, 16.98, 338.59, 21.3, 297.71, 18.28, 227.08, 20.15, 212.07, 14.63, 129.63, 16.52, 97.28, 16.51], (219.5059, 380.9283, 1834.282)]
[10486.11, [440.4, 68.58, 28.96, 36.13, 373.34, 15.95, 278.72, 21.44, 227.08, 19.82, 210.94, 14.63, 158.26, 22.11, 87.81, 14.74], (194.4634, 2024.445, 2961.337)]
[13251.1, [440, 69, 29, 21.43, 348.88, 19.98, 281.25, 19.64, 252.21, 15.49, 205.99, 15.68, 117.37, 15.42, 92.0, 16.18], (245.5992, 757.5689, 1673.088)]
[13349.41, [440, 69, 29, 26.8, 354.84, 17.5, 297.18, 22.6, 229.43, 18.46, 199.31, 22.59, 138.67, 22.39, 64.73, 16.16], (234.4413, 1269.826, 2239.711)]
[105551.42, [440.0, 68.58, 28.96, 29.69, 363.85, 16.59, 273.64, 21.67, 274.97, 22.05, 209.06, 22.13, 139.64, 17.17, 100.58, 17.49], (601.5439, 1415.152, 2493.966)]
[106845.58, [440.4, 68.58, 28.96, 40.47, 366.15, 16.81, 284.13, 21.22, 281.48, 22.95, 203.51, 22.51, 135.8, 15.11, 94.58, 16.85], (605.8883, 1384.357, 2447.97)]
[395238.99, [440.0, 69.0, 28.96, 28.84, 362.26, 16.58, 278.95, 21.61, 283.06, 22.95, 212.95, 22.87, 135.39, 16.16, 101.84, 16.85], (1283.693, 1526.093, 2583.264)]

Population size: 30
Number of couples: 13
Number of kept parents: 0
Best parent kept: True
Mutation Probability: 0.3
Mutation range (x, y): 5, 0.5
Number of Parameters: 6
Length, Width, Height: [440, 69, 29]
Target Frequencies: (130.8, 523.2, 1308.0)

Written time: 11/05/2023 16:57:21