[237.18, [440.4, 68.58, 28.96, 27.82, 358.19, 18.9, 292.59, 15.36, 278.59, 21.64, 166.11, 22.64, 127.0, 21.88, 62.08, 22.84], (132.7842, 496.9886, 1124.888)]
[251.8, [440.4, 68.58, 28.96, 41.67, 381.45, 17.55, 287.5, 22.09, 277.46, 20.75, 169.04, 23.48, 114.35, 17.43, 85.76, 17.28], (136.8634, 517.772, 1210.632)]
[254.38, [440.4, 68.58, 28.96, 47.04, 376.08, 15.14, 327.01, 21.48, 269.43, 22.52, 202.39, 22.43, 129.29, 16.84, 95.03, 22.92], (135.306, 518.0222, 1154.221)]
[281.33, [440.4, 68.58, 28.96, 40.32, 377.17, 19.21, 292.59, 15.57, 274.42, 19.5, 165.69, 23.48, 106.46, 22.03, 62.08, 22.33], (133.8632, 506.9615, 1096.36)]
[364.11, [440.4, 68.58, 28.96, 44.9, 381.45, 17.12, 291.09, 22.45, 280.06, 21.11, 166.18, 22.46, 130.11, 21.03, 65.27, 22.92], (130.9812, 453.9243, 1014.034)]
[384.77, [440.4, 68.58, 28.96, 38.41, 381.16, 16.05, 325.72, 21.41, 269.43, 22.39, 202.39, 22.21, 129.29, 16.84, 92.38, 23.16], (138.3504, 517.9507, 1135.593)]
[403.44, [440.4, 68.58, 28.96, 43.85, 381.45, 16.67, 291.09, 22.36, 274.41, 21.11, 169.04, 22.46, 130.11, 22.05, 67.08, 22.28], (128.5561, 447.3749, 1014.475)]
[438.32, [440.4, 68.58, 28.96, 29.42, 341.09, 15.94, 320.8, 16.06, 257.64, 18.78, 179.54, 23.06, 112.43, 22.3, 64.65, 22.47], (140.3539, 534.6504, 1175.907)]
[478.24, [440.4, 68.58, 28.96, 22.41, 358.19, 18.78, 292.59, 21.52, 259.58, 19.41, 168.17, 23.17, 112.81, 21.41, 64.89, 22.47], (137.8959, 473.7027, 1067.943)]
[716.41, [440.4, 68.58, 28.96, 38.41, 380.53, 15.74, 324.72, 15.99, 258.69, 19.03, 178.97, 22.33, 109.24, 22.79, 61.03, 20.63], (145.4685, 535.9284, 1165.445)]
[857.89, [440.4, 68.58, 28.96, 47.04, 379.54, 15.36, 323.41, 21.48, 269.43, 22.39, 202.39, 22.88, 108.18, 21.41, 64.31, 22.47], (118.8958, 428.2891, 956.6002)]
[1056.79, [440.4, 68.58, 28.96, 20.6, 358.19, 19.06, 292.59, 21.52, 259.58, 19.72, 173.0, 23.17, 129.29, 17.25, 90.78, 23.1], (151.2709, 535.7524, 1189.162)]
[1077.39, [440.4, 68.58, 28.96, 40.4, 345.45, 15.66, 327.82, 15.27, 263.52, 19.38, 171.03, 22.11, 130.11, 21.44, 62.08, 23.29], (151.7979, 549.6616, 1218.457)]
[1205.46, [440.4, 68.58, 28.96, 40.32, 378.07, 19.32, 292.59, 15.99, 258.69, 18.55, 178.97, 22.35, 105.87, 22.79, 61.03, 22.84], (143.6956, 518.5283, 569.7847)]
[1603.14, [440.4, 68.58, 28.96, 40.32, 377.17, 19.21, 292.59, 15.16, 274.42, 20.96, 167.77, 22.64, 123.51, 16.89, 85.76, 17.28], (157.78, 629.1211, 1405.007)]
[3007.68, [440.4, 68.58, 28.96, 28.37, 337.17, 16.67, 321.17, 17.98, 236.79, 21.88, 171.8, 19.92, 155.32, 18.02, 94.88, 17.76], (172.3516, 660.766, 1501.116)]
[4834.37, [440.4, 68.58, 28.96, 51.15, 360.28, 18.9, 292.33, 15.53, 229.29, 18.37, 199.34, 21.98, 118.1, 16.41, 73.05, 22.84], (190.5846, 669.4174, 1375.263)]
[5091.03, [440.4, 68.58, 28.96, 54.91, 360.28, 18.62, 292.33, 15.53, 234.16, 18.0, 199.34, 22.12, 109.0, 16.41, 73.05, 20.24], (192.0359, 691.9646, 1440.057)]
[5166.28, [440.4, 68.58, 28.96, 47.04, 379.1, 15.14, 324.72, 15.99, 257.32, 18.66, 178.97, 22.73, 109.24, 22.79, 65.98, 22.84], (69.9175, 140.0639, 1277.052)]
[5673.37, [440.4, 68.58, 28.96, 54.07, 347.51, 15.3, 321.06, 21.35, 271.71, 22.25, 190.29, 22.38, 124.74, 16.84, 95.23, 16.45], (66.93943, 141.0731, 1121.774)]
[7723.93, [440.4, 68.58, 28.96, 34.72, 347.69, 15.55, 323.53, 16.56, 224.81, 16.6, 205.31, 22.46, 123.84, 14.95, 98.97, 17.42], (210.5992, 770.5602, 1657.996)]
[8040.26, [440.4, 68.58, 28.96, 38.45, 381.16, 17.12, 291.09, 22.45, 280.06, 21.11, 169.04, 22.46, 130.11, 21.16, 65.27, 22.98], (53.20894, 217.6999, 409.8067)]
[8421.94, [440.4, 68.58, 28.96, 39.68, 381.16, 15.44, 323.95, 18.17, 267.0, 22.43, 213.25, 22.4, 111.19, 20.22, 95.43, 14.64], (48.55382, 138.1563, 731.9335)]
[11397.75, [440.4, 68.58, 28.96, 43.85, 381.45, 15.9, 324.72, 15.99, 258.69, 19.03, 178.97, 22.31, 108.59, 22.29, 59.55, 22.84], (28.60866, 146.144, 619.9516)]
[13990.02, [440.4, 68.58, 28.96, 51.19, 340.35, 15.15, 286.95, 17.39, 234.88, 15.01, 176.82, 15.0, 124.37, 20.77, 91.06, 17.41], (251.6602, 769.4488, 1767.154)]
[16538.14, [440.4, 68.58, 28.96, 35.4, 377.88, 15.9, 324.72, 15.67, 264.15, 19.55, 170.25, 23.48, 109.56, 22.03, 62.08, 22.78], (264.504, 948.3649, 1963.157)]
[61306.68, [440.4, 68.58, 28.96, 38.68, 386.03, 15.14, 323.61, 20.85, 265.19, 21.56, 202.24, 20.37, 131.56, 21.52, 62.08, 22.84], (461.553, 1047.787, 1941.046)]
[67873.11, [440.4, 68.58, 28.96, 40.4, 349.48, 15.3, 325.83, 15.1, 259.58, 19.18, 170.57, 22.99, 110.83, 17.34, 67.79, 22.84], (487.6724, 723.8174, 1567.352)]
[81755.19, [440.4, 68.58, 28.96, 43.04, 384.64, 15.14, 319.86, 21.15, 265.19, 21.56, 204.77, 20.39, 130.85, 17.77, 67.79, 22.84], (531.7906, 1163.18, 2129.928)]
[112181.31, [440.4, 68.58, 28.96, 40.32, 378.07, 19.16, 292.59, 15.67, 260.58, 20.96, 167.77, 22.64, 122.47, 17.39, 85.76, 17.28], (626.1088, 1387.319, 2396.098)]

Population size: 30
Number of couples: 13
Number of kept parents: 0
Best parent kept: True
Mutation Probability: 0.3
Mutation range (x, y): 5, 0.5
Number of Parameters: 6

Written time: 25/03/2023 16:05:53