[189.01, [440.4, 68.58, 28.96, 47.04, 376.08, 15.37, 329.22, 21.52, 266.17, 22.52, 202.39, 22.43, 133.17, 16.84, 98.68, 17.28], (136.8683, 550.1065, 1294.977)]
[279.51, [440.4, 68.58, 28.96, 42.0, 373.76, 19.21, 293.41, 15.57, 274.42, 19.6, 169.24, 23.86, 106.46, 22.44, 92.38, 22.88], (127.0258, 499.8824, 1125.69)]
[285.2, [440.4, 68.58, 28.96, 35.75, 380.67, 17.21, 298.02, 23.13, 280.06, 21.11, 166.18, 22.46, 132.57, 21.03, 68.18, 17.42], (132.7179, 472.3329, 1100.137)]
[292.86, [440.4, 68.58, 28.96, 42.62, 381.45, 17.07, 292.03, 21.89, 282.29, 20.75, 169.04, 23.6, 114.35, 16.36, 90.72, 22.02], (137.1935, 518.8297, 1180.865)]
[302.49, [440.4, 68.58, 28.96, 40.32, 378.07, 19.32, 287.5, 22.13, 282.29, 20.86, 169.04, 23.48, 114.35, 16.36, 93.52, 22.62], (135.7503, 502.6116, 1135.984)]
[322.41, [440.4, 68.58, 28.96, 42.2, 380.53, 15.77, 287.5, 22.33, 282.19, 20.75, 173.94, 23.48, 110.31, 16.36, 90.72, 22.8], (138.2136, 522.5964, 1187.705)]
[462.48, [440.4, 68.58, 28.96, 29.42, 341.73, 15.94, 325.72, 16.06, 257.64, 18.64, 179.54, 23.06, 115.55, 22.3, 64.65, 22.47], (140.8452, 536.235, 1176.393)]
[477.59, [440.4, 68.58, 28.96, 39.82, 377.31, 17.6, 284.36, 22.09, 279.9, 19.03, 182.5, 22.25, 109.24, 22.94, 61.03, 20.63], (136.6625, 465.7713, 1029.499)]
[478.21, [440.4, 68.58, 28.96, 29.42, 341.73, 15.86, 326.7, 16.06, 257.64, 18.64, 179.54, 23.06, 109.83, 22.25, 64.65, 22.47], (141.0789, 534.5549, 1170.15)]
[503.05, [440.4, 68.58, 28.96, 44.45, 380.53, 15.77, 324.72, 15.77, 255.47, 19.03, 184.38, 22.53, 109.24, 22.94, 85.85, 21.37], (142.0863, 538.7192, 1199.053)]
[504.28, [440.4, 68.58, 28.96, 40.22, 380.53, 15.77, 324.72, 15.77, 258.69, 20.67, 166.5, 23.96, 118.79, 17.43, 85.01, 22.8], (142.9332, 573.1731, 1275.728)]
[738.97, [440.4, 68.58, 28.96, 24.52, 343.29, 15.02, 303.07, 15.99, 257.42, 18.59, 178.97, 22.35, 103.47, 22.79, 87.46, 22.98], (146.8916, 552.736, 1243.364)]
[791.06, [440.4, 68.58, 28.96, 42.2, 381.45, 17.55, 287.5, 22.33, 283.42, 20.75, 169.04, 23.48, 114.35, 22.35, 92.5, 23.16], (119.6591, 429.1237, 983.7059)]
[1216.92, [440.4, 68.58, 28.96, 39.82, 382.22, 17.6, 287.5, 22.09, 278.91, 20.75, 169.02, 23.84, 115.36, 22.94, 61.03, 20.55], (119.4332, 890.1572, 1774.262)]
[1352.32, [440.4, 68.58, 28.96, 37.91, 373.76, 19.21, 293.41, 15.57, 274.42, 19.5, 169.24, 23.64, 106.46, 16.36, 90.72, 22.43], (156.0581, 606.0052, 1309.273)]
[1716.27, [440.4, 68.58, 28.96, 40.32, 377.17, 19.21, 295.33, 14.74, 279.2, 20.96, 165.97, 22.44, 122.21, 16.89, 83.14, 17.28], (159.1635, 629.8699, 1408.255)]
[2104.19, [440.4, 68.58, 28.96, 52.72, 380.53, 15.77, 323.02, 15.77, 257.54, 19.03, 182.5, 22.04, 109.24, 22.94, 61.03, 20.49], (148.0843, 1069.684, 2148.117)]
[2120.45, [440.4, 68.58, 28.96, 19.56, 344.0, 20.88, 309.95, 15.4, 229.12, 21.33, 176.14, 20.67, 111.97, 22.12, 105.46, 17.88], (165.4447, 594.5575, 1319.247)]
[2271.64, [440.4, 68.58, 28.96, 45.38, 381.45, 15.36, 323.92, 21.48, 269.43, 22.39, 202.39, 22.88, 108.18, 21.41, 56.92, 22.02], (102.3515, 329.0722, 749.0733)]
[2889.03, [440.4, 68.58, 28.96, 40.22, 380.53, 15.77, 324.72, 15.77, 258.69, 19.03, 185.34, 21.98, 106.32, 17.9, 85.76, 22.8], (173.3306, 622.267, 1325.758)]
[3354.0, [440.4, 68.58, 28.96, 38.07, 378.07, 19.32, 287.71, 16.21, 256.87, 18.55, 178.97, 22.43, 129.29, 17.03, 93.72, 22.92], (177.7498, 636.0937, 1333.632)]
[3458.18, [440.4, 68.58, 28.96, 39.77, 378.07, 19.32, 292.59, 16.21, 258.48, 18.53, 178.97, 22.36, 129.29, 16.84, 93.72, 22.92], (178.6966, 638.1878, 1337.929)]
[3601.07, [440.4, 68.58, 28.96, 41.67, 377.04, 17.55, 288.84, 16.21, 256.87, 18.55, 178.97, 22.43, 129.29, 16.84, 97.66, 22.92], (179.3763, 655.6051, 1392.596)]
[4521.87, [440.4, 68.58, 28.96, 35.24, 378.15, 14.32, 291.39, 21.96, 244.17, 20.82, 190.04, 15.0, 124.13, 17.88, 63.64, 20.63], (188.2422, 635.2405, 1365.913)]
[4908.69, [440.4, 68.58, 28.96, 40.22, 372.12, 16.28, 299.85, 18.96, 253.12, 17.65, 179.29, 21.22, 143.37, 17.91, 79.73, 19.81], (190.9674, 653.1575, 1421.381)]
[6984.75, [440.4, 68.58, 28.96, 41.67, 381.45, 17.55, 324.72, 15.77, 258.69, 19.01, 182.5, 22.33, 113.32, 22.7, 61.03, 20.63], (56.09986, 148.1058, 1156.49)]
[10202.23, [440.4, 68.58, 28.96, 40.32, 374.29, 19.03, 288.19, 16.83, 252.0, 20.21, 200.35, 16.94, 151.16, 14.54, 70.0, 14.51], (228.218, 785.4226, 1634.902)]
[10462.89, [440.4, 68.58, 28.96, 54.99, 372.75, 14.68, 289.39, 17.09, 258.7, 16.26, 211.23, 20.25, 135.92, 15.76, 104.05, 14.54], (228.6986, 818.1333, 1791.615)]
[10910.87, [440.4, 68.58, 28.96, 16.35, 351.13, 16.09, 289.96, 15.38, 254.53, 14.57, 193.38, 20.56, 122.11, 17.29, 108.56, 15.65], (232.1283, 807.8144, 1736.493)]
[63163.72, [440.4, 68.58, 28.96, 47.19, 375.63, 17.6, 284.53, 22.09, 279.9, 21.17, 166.5, 24.05, 118.79, 17.43, 85.76, 22.67], (467.8497, 1097.828, 2022.189)]

Population size: 30
Number of couples: 13
Number of kept parents: 0
Best parent kept: True
Mutation Probability: 0.3
Mutation range (x, y): 5, 0.5
Number of Parameters: 6

Written time: 25/03/2023 18:25:08