[87.35, [440.0, 69.0, 28.96, 29.14, 371.5, 16.59, 277.32, 21.72, 278.84, 22.41, 208.24, 22.51, 136.01, 17.27, 100.58, 17.2], (130.8829, 535.3815, 1251.346)]
[90.16, [440.0, 68.58, 28.96, 29.9, 362.81, 16.59, 270.06, 21.72, 275.95, 22.54, 205.02, 22.77, 136.48, 16.4, 95.97, 17.02], (130.116, 551.3163, 1293.79)]
[90.43, [440.4, 68.58, 28.96, 32.75, 373.82, 16.49, 278.72, 21.44, 278.84, 22.54, 204.75, 22.51, 137.55, 16.8, 93.45, 16.24], (130.4078, 542.0135, 1267.059)]
[95.12, [440.0, 68.58, 28.96, 29.13, 363.03, 16.37, 270.06, 21.9, 270.0, 22.63, 201.3, 22.4, 129.31, 15.97, 96.81, 17.32], (131.5148, 552.9207, 1293.228)]
[103.65, [440.4, 68.58, 28.96, 30.21, 363.84, 16.58, 278.95, 21.35, 284.25, 22.36, 205.72, 22.91, 135.39, 16.81, 97.86, 16.79], (128.6355, 539.0516, 1275.82)]
[108.53, [440.0, 69.0, 29.0, 13.46, 330.2, 19.02, 279.55, 20.71, 271.42, 22.83, 197.78, 22.83, 133.38, 16.03, 96.81, 16.74], (129.59, 556.9783, 1318.773)]
[118.64, [440.0, 68.58, 28.96, 33.3, 369.75, 16.83, 280.97, 21.03, 272.1, 22.06, 202.54, 23.15, 132.91, 16.8, 86.79, 16.74], (129.0887, 535.6718, 1242.925)]
[125.62, [440.0, 68.58, 28.96, 29.9, 366.57, 16.59, 273.64, 21.72, 278.84, 22.54, 203.71, 22.51, 135.8, 15.42, 98.57, 16.96], (132.8734, 561.1928, 1308.784)]
[129.73, [440.0, 68.58, 28.96, 29.9, 366.57, 16.17, 270.86, 20.97, 271.42, 22.83, 197.78, 22.83, 133.38, 16.03, 96.81, 16.74], (128.1284, 556.2336, 1311.482)]
[135.21, [440.4, 68.58, 28.96, 33.82, 368.69, 17.07, 281.62, 21.22, 282.77, 22.95, 201.67, 22.29, 135.8, 16.87, 93.45, 16.74], (127.7019, 531.4299, 1247.892)]
[159.86, [440.0, 68.58, 28.96, 33.3, 365.33, 16.83, 276.42, 20.58, 275.88, 22.51, 202.54, 23.15, 136.75, 17.25, 95.8, 16.41], (126.3415, 541.4295, 1287.859)]
[160.92, [440.4, 69.0, 28.96, 33.78, 364.63, 16.67, 282.88, 20.75, 271.42, 22.63, 203.76, 23.01, 134.31, 16.8, 97.28, 16.74], (126.6368, 540.9317, 1276.353)]
[163.62, [440.4, 68.58, 28.96, 32.64, 364.63, 16.1, 280.03, 21.02, 271.42, 22.83, 197.78, 22.83, 133.38, 16.03, 92.33, 16.73], (126.4637, 545.7651, 1291.091)]
[167.98, [440.0, 69.0, 28.96, 29.9, 372.57, 16.1, 278.37, 21.02, 269.03, 22.29, 201.52, 22.33, 135.8, 17.33, 89.95, 16.67], (134.3101, 547.7172, 1267.075)]
[223.01, [440.0, 69.0, 29.0, 47.7, 337.5, 16.65, 275.16, 21.67, 279.72, 22.84, 205.72, 22.91, 135.39, 16.81, 95.8, 16.79], (126.0723, 550.9435, 1358.859)]
[225.24, [440.4, 68.58, 28.96, 33.78, 371.5, 16.13, 284.27, 20.71, 271.42, 22.23, 201.3, 22.42, 132.89, 16.49, 96.81, 16.74], (134.9137, 562.6273, 1351.234)]
[240.15, [440.4, 68.58, 28.96, 28.62, 364.28, 16.13, 277.67, 21.44, 279.75, 22.8, 211.13, 21.72, 140.61, 17.08, 93.62, 16.4], (136.7705, 560.4655, 1306.902)]
[301.39, [440.4, 68.58, 28.96, 33.78, 371.5, 16.51, 282.88, 20.71, 274.33, 22.3, 205.91, 22.06, 135.8, 16.72, 88.26, 15.79], (137.9478, 561.9112, 1294.486)]
[541.95, [440.4, 68.58, 28.96, 29.99, 364.63, 16.37, 279.55, 20.71, 269.03, 22.74, 198.11, 22.33, 144.62, 21.37, 74.26, 16.78], (121.3314, 483.9411, 1155.559)]
[617.65, [440.0, 69.0, 28.96, 32.64, 364.63, 16.1, 280.03, 21.02, 270.61, 22.89, 201.52, 22.33, 144.62, 21.37, 74.26, 16.78], (119.9972, 479.8524, 1153.785)]
[1459.59, [440, 69, 29, 24.95, 332.71, 20.43, 300.07, 15.81, 233.78, 22.94, 212.29, 22.22, 158.47, 16.21, 55.28, 14.86], (153.6619, 644.1197, 1372.168)]
[2521.45, [440.4, 68.58, 28.96, 32.82, 362.09, 16.45, 273.33, 20.93, 279.99, 22.36, 205.72, 22.69, 135.39, 16.81, 95.8, 16.78], (132.456, 1160.869, 2213.964)]
[5340.4, [440.0, 69.0, 28.96, 33.78, 371.5, 16.49, 278.44, 21.16, 272.48, 22.63, 201.39, 22.53, 133.38, 15.7, 92.07, 17.16], (194.0801, 434.5937, 1222.972)]
[6052.35, [440, 69, 29, 48.64, 369.83, 18.33, 286.4, 16.46, 251.06, 15.36, 197.04, 19.34, 119.11, 19.29, 83.72, 17.45], (199.1147, 649.8279, 1397.39)]
[9763.07, [440.4, 68.58, 28.96, 37.01, 370.37, 16.49, 278.72, 21.44, 270.0, 22.51, 202.74, 22.18, 137.48, 16.68, 93.62, 16.4], (209.0941, 1281.669, 2247.122)]
[12311.34, [440.4, 68.58, 28.96, 29.99, 364.63, 16.97, 294.33, 21.48, 262.75, 22.25, 182.56, 22.0, 156.29, 20.55, 70.14, 15.6], (229.8719, 1193.068, 2083.562)]
[82961.25, [440.4, 68.58, 28.96, 29.99, 367.59, 16.49, 279.55, 21.72, 278.84, 22.64, 203.71, 22.32, 135.8, 16.8, 93.45, 16.78], (531.5847, 1259.844, 2192.11)]
[90747.65, [440.4, 68.58, 28.96, 33.42, 371.5, 16.49, 278.44, 20.71, 272.48, 22.15, 201.3, 22.53, 133.38, 15.59, 92.23, 16.74], (556.5356, 1305.103, 2257.327)]
[97414.92, [440.4, 68.58, 28.96, 30.45, 367.61, 16.45, 275.49, 21.4, 279.99, 22.36, 195.5, 21.93, 151.83, 15.58, 96.81, 16.82], (577.384, 1338.966, 2308.993)]
[155755.87, [440, 69, 29, 20.11, 361.69, 17.43, 285.26, 14.91, 268.17, 15.27, 212.59, 20.06, 112.56, 18.57, 109.2, 21.83], (743.3035, 1414.934, 3247.219)]

Population size: 30
Number of couples: 13
Number of kept parents: 0
Best parent kept: True
Mutation Probability: 0.3
Mutation range (x, y): 5, 0.5
Number of Parameters: 6
Length, Width, Height: [440, 69, 29]
Target Frequencies: (130.8, 523.2, 1308.0)

Written time: 11/05/2023 14:59:51