[21.04, [440.0, 68.58, 28.96, 32.75, 382.49, 15.82, 276.92, 21.43, 281.15, 22.37, 203.38, 22.37, 162.39, 22.82, 87.21, 14.77], (131.1045, 529.3463, 1304.004)]
[25.99, [440.0, 69.0, 28.96, 30.87, 372.98, 16.22, 286.52, 20.94, 277.3, 22.71, 204.08, 22.33, 157.11, 22.29, 86.41, 15.02], (131.1154, 529.4719, 1299.46)]
[32.49, [440.0, 69.0, 28.96, 27.98, 377.98, 16.16, 278.65, 21.76, 278.87, 22.76, 212.68, 22.51, 166.76, 22.11, 85.24, 14.91], (130.8663, 535.5824, 1309.364)]
[35.6, [440.4, 68.58, 28.96, 36.79, 374.67, 16.16, 274.15, 21.74, 275.36, 22.71, 207.76, 22.53, 155.38, 21.88, 84.6, 14.71], (130.2208, 534.0479, 1312.072)]
[62.94, [440.0, 69.0, 28.96, 24.85, 374.32, 15.79, 276.92, 20.94, 277.3, 22.71, 204.08, 22.69, 154.64, 22.26, 90.13, 15.02], (128.9972, 533.8496, 1320.111)]
[63.21, [440.0, 68.58, 28.96, 29.61, 377.96, 16.18, 276.92, 20.94, 277.3, 22.71, 204.08, 22.69, 155.14, 22.29, 86.41, 15.02], (128.3328, 528.2896, 1296.265)]
[63.48, [440.0, 68.58, 28.96, 36.68, 378.82, 16.28, 281.46, 21.11, 281.6, 22.74, 206.43, 22.46, 162.39, 22.82, 87.21, 14.7], (127.8859, 523.0909, 1321.461)]
[66.61, [440.0, 69.0, 28.96, 30.87, 368.95, 16.22, 288.82, 21.33, 271.82, 22.68, 201.1, 22.51, 162.27, 22.73, 85.35, 14.8], (128.0366, 521.2813, 1292.127)]
[66.62, [440.4, 69.0, 28.96, 29.02, 372.86, 17.05, 281.57, 21.09, 276.87, 22.44, 212.76, 22.89, 162.39, 22.11, 83.56, 15.4], (129.0822, 530.5553, 1282.279)]
[70.64, [440.0, 69.0, 28.96, 24.85, 373.57, 16.0, 277.62, 21.56, 271.6, 22.37, 209.1, 22.51, 155.87, 22.11, 86.41, 15.47], (132.9797, 535.9186, 1301.341)]
[82.42, [440.0, 69.0, 28.96, 27.98, 374.67, 16.16, 274.29, 21.94, 278.87, 22.68, 217.15, 22.51, 171.48, 22.05, 83.55, 15.4], (132.5195, 542.6737, 1319.19)]
[97.19, [440.0, 69.0, 29.0, 22.65, 360.9, 19.3, 311.71, 18.63, 278.87, 22.68, 212.68, 22.73, 171.71, 22.11, 83.55, 15.4], (132.7805, 543.8455, 1290.293)]
[110.57, [440.0, 69.0, 28.96, 27.98, 374.67, 16.16, 279.37, 21.53, 228.02, 22.68, 205.25, 22.64, 162.39, 22.27, 66.52, 15.18], (133.0549, 539.3603, 1271.688)]
[114.52, [440.0, 68.58, 28.96, 32.75, 380.17, 16.58, 276.92, 20.94, 281.15, 22.31, 207.76, 22.46, 152.57, 21.91, 90.8, 14.86], (134.1482, 541.7638, 1314.843)]
[124.15, [440.0, 69.0, 28.96, 30.18, 374.54, 15.86, 274.01, 20.54, 288.45, 22.09, 209.81, 23.04, 163.27, 21.77, 83.82, 15.22], (131.7893, 552.8206, 1348.259)]
[140.47, [440.0, 69.0, 28.96, 29.48, 360.18, 16.0, 281.94, 21.85, 271.6, 22.49, 203.52, 22.28, 155.87, 21.91, 90.8, 14.99], (133.8987, 542.1004, 1346.675)]
[254.72, [440.0, 69.0, 28.96, 20.0, 372.86, 17.05, 274.07, 21.54, 272.51, 22.37, 204.71, 22.03, 158.68, 22.0, 84.6, 15.27], (138.1291, 543.0899, 1301.416)]
[506.42, [440.0, 68.58, 28.96, 29.61, 377.96, 16.18, 276.92, 21.33, 271.6, 22.68, 202.15, 22.51, 161.33, 22.55, 82.88, 21.57], (123.4497, 471.609, 1129.834)]
[594.81, [440.0, 69.0, 28.96, 21.38, 373.57, 15.81, 277.62, 21.82, 271.6, 22.37, 209.1, 22.23, 162.37, 22.86, 89.35, 14.7], (133.5175, 536.848, 792.105)]
[669.7, [440.0, 69.0, 28.96, 24.85, 373.57, 16.22, 289.99, 21.44, 278.21, 22.39, 174.76, 20.59, 114.65, 21.12, 62.98, 22.41], (141.172, 480.4037, 1079.332)]
[837.78, [440.0, 69.0, 29.0, 28.23, 363.69, 22.82, 281.22, 18.26, 251.54, 20.25, 207.76, 22.73, 156.08, 22.11, 82.31, 14.94], (147.7745, 558.9297, 1258.892)]
[1463.88, [440, 69, 29, 33.7, 336.68, 19.23, 301.62, 22.9, 257.75, 19.82, 192.33, 21.33, 139.47, 18.68, 81.56, 22.36], (157.1085, 531.7423, 1214.891)]
[1749.25, [440.0, 69.0, 29.0, 28.23, 363.43, 22.82, 281.22, 18.26, 254.09, 20.25, 172.4, 20.78, 114.65, 21.12, 62.98, 22.75], (158.8624, 507.7866, 1083.864)]
[3048.91, [440.4, 69.0, 28.96, 29.48, 365.97, 15.77, 280.75, 21.85, 268.59, 22.37, 205.67, 22.37, 162.39, 22.82, 87.21, 14.77], (131.4996, 1321.522, 2355.251)]
[5641.21, [440.0, 69.0, 28.96, 32.18, 368.95, 16.22, 274.01, 20.54, 287.33, 21.95, 202.14, 22.7, 168.1, 21.77, 85.8, 14.74], (190.8642, 748.2648, 1731.507)]
[8908.23, [440, 69, 29, 47.32, 343.61, 20.85, 278.23, 18.29, 256.87, 20.05, 179.57, 15.3, 131.13, 14.69, 83.54, 14.55], (221.3284, 439.6407, 1393.883)]
[12028.31, [440, 69, 29, 45.74, 344.52, 20.31, 300.37, 16.74, 246.48, 17.32, 175.31, 15.56, 155.36, 19.55, 73.93, 14.71], (238.2315, 743.1772, 1651.183)]
[50232.37, [440.0, 69.0, 29.0, 20.7, 362.5, 19.3, 311.71, 18.63, 226.16, 22.68, 203.9, 22.64, 162.75, 22.27, 68.28, 21.57], (416.1969, 1071.943, 1954.435)]
[71735.51, [440.4, 68.58, 28.96, 36.79, 374.54, 16.18, 286.52, 21.28, 271.6, 22.68, 205.66, 22.51, 161.33, 22.64, 85.35, 21.88], (493.2732, 1216.57, 2299.797)]
[77169.5, [440.0, 68.58, 28.96, 29.61, 373.57, 16.22, 286.36, 21.44, 277.75, 22.56, 209.51, 22.09, 156.08, 22.04, 84.6, 15.11], (511.7177, 1259.294, 2293.127)]

Population size: 30
Number of couples: 13
Number of kept parents: 0
Best parent kept: True
Mutation Probability: 0.3
Mutation range (x, y): 5, 0.5
Number of Parameters: 6
Length, Width, Height: [440, 69, 29]
Target Frequencies: (130.8, 523.2, 1308.0)

Written time: 12/05/2023 15:02:13