[96.13, [440.4, 68.58, 28.96, 35.91, 376.08, 15.33, 331.84, 21.52, 266.17, 22.89, 200.18, 22.43, 133.17, 16.84, 95.8, 16.86], (133.0213, 539.8375, 1261.404)]
[104.62, [440.4, 68.58, 28.96, 39.68, 376.08, 15.79, 329.22, 21.52, 266.17, 22.89, 201.96, 22.72, 133.17, 16.84, 95.8, 16.86], (131.0102, 576.6025, 1257.738)]
[104.91, [440.4, 68.58, 28.96, 44.45, 380.53, 15.2, 331.88, 21.52, 266.17, 22.86, 197.85, 22.43, 122.21, 16.67, 88.01, 17.61], (131.8211, 527.2457, 1217.334)]
[107.34, [440.4, 68.58, 28.96, 36.32, 376.08, 15.59, 327.79, 21.52, 266.17, 22.89, 201.96, 22.43, 133.17, 16.84, 95.8, 16.86], (133.6423, 543.7101, 1268.839)]
[147.43, [440.4, 68.58, 28.96, 39.82, 376.08, 15.37, 329.22, 21.52, 266.17, 22.7, 201.96, 22.43, 130.03, 16.84, 95.8, 16.79], (135.0988, 544.5838, 1270.758)]
[217.35, [440.4, 68.58, 28.96, 44.24, 374.86, 19.32, 284.59, 21.78, 282.2, 21.27, 169.04, 23.48, 114.74, 16.36, 98.02, 22.8], (133.493, 506.1402, 1151.765)]
[231.55, [440.4, 68.58, 28.96, 24.86, 373.76, 15.37, 327.07, 21.92, 266.17, 22.52, 202.75, 22.43, 129.42, 16.37, 98.68, 17.08], (137.5424, 550.2039, 1278.095)]
[236.89, [440.4, 68.58, 28.96, 49.64, 380.53, 15.37, 328.99, 15.69, 273.29, 19.6, 165.07, 23.77, 107.82, 22.44, 92.38, 22.93], (128.1871, 496.9363, 1140.112)]
[264.24, [440.4, 68.58, 28.96, 47.04, 380.25, 19.21, 296.89, 16.06, 272.89, 19.6, 169.24, 23.77, 110.44, 22.44, 92.38, 22.88], (128.0209, 498.3888, 1115.407)]
[288.08, [440.4, 68.58, 28.96, 45.88, 373.39, 15.77, 287.5, 22.33, 282.19, 20.81, 171.37, 23.48, 110.31, 16.36, 90.72, 23.2], (137.4476, 521.6952, 1192.501)]
[445.91, [440.4, 68.58, 28.96, 35.49, 342.63, 22.2, 310.45, 22.19, 265.53, 20.58, 198.01, 22.37, 111.05, 20.81, 67.28, 22.02], (134.2809, 451.0567, 998.9935)]
[468.31, [440.4, 68.58, 28.96, 47.04, 377.31, 18.44, 293.41, 15.17, 258.77, 19.57, 182.98, 22.04, 105.28, 23.59, 85.85, 21.27], (141.143, 529.7515, 1178.332)]
[468.73, [440.4, 68.58, 28.96, 39.27, 377.79, 15.37, 326.97, 22.43, 282.19, 20.75, 173.94, 22.99, 110.31, 16.36, 92.29, 22.12], (140.4303, 511.1838, 1149.713)]
[675.58, [440.4, 68.58, 28.96, 35.18, 381.45, 17.55, 287.5, 22.48, 279.28, 20.5, 169.04, 23.48, 114.35, 22.35, 92.5, 22.76], (121.75, 434.2641, 994.3807)]
[743.72, [440.4, 68.58, 28.96, 42.2, 380.53, 15.93, 287.5, 22.52, 282.19, 20.56, 169.04, 23.67, 114.35, 22.21, 88.88, 22.8], (119.9527, 437.193, 1008.368)]
[1012.4, [440.4, 68.58, 28.96, 42.2, 378.7, 15.77, 288.51, 22.43, 282.19, 20.75, 165.07, 23.77, 102.35, 22.44, 96.24, 22.93], (117.11, 774.6313, 1561.898)]
[1131.65, [440.4, 68.58, 28.96, 40.32, 382.86, 19.67, 287.5, 22.62, 281.76, 21.27, 169.04, 23.48, 115.55, 22.3, 64.65, 22.47], (115.3333, 404.3667, 904.4049)]
[1182.83, [440.4, 68.58, 28.96, 47.04, 380.25, 15.37, 327.07, 21.92, 266.17, 22.52, 203.74, 23.01, 108.51, 22.13, 87.8, 22.88], (113.7557, 410.8175, 942.2066)]
[1215.75, [440.4, 68.58, 28.96, 40.32, 378.07, 19.32, 287.5, 22.13, 281.76, 21.27, 165.13, 23.77, 106.46, 22.44, 88.65, 22.88], (113.5271, 408.7814, 925.5321)]
[1241.24, [440.4, 68.58, 28.96, 43.37, 372.34, 19.21, 284.36, 22.09, 279.9, 19.03, 184.26, 22.22, 109.24, 22.94, 61.03, 20.97], (135.2808, 229.7022, 454.8763)]
[1363.65, [440.4, 68.58, 28.96, 42.0, 377.62, 19.21, 293.41, 15.57, 274.42, 19.6, 169.24, 23.53, 114.74, 16.73, 100.52, 22.8], (156.0508, 607.1444, 1320.009)]
[1418.12, [440.4, 68.58, 28.96, 44.45, 381.64, 15.32, 324.72, 15.71, 274.42, 19.6, 173.94, 23.48, 110.31, 16.36, 92.29, 22.3], (156.373, 609.6235, 1347.645)]
[1479.52, [440.4, 68.58, 28.96, 24.52, 373.76, 19.21, 296.89, 15.57, 276.79, 19.75, 169.04, 23.48, 118.62, 16.36, 98.02, 22.8], (157.6326, 608.3161, 1313.666)]
[1838.96, [440.4, 68.58, 28.96, 42.39, 377.31, 17.97, 283.79, 22.5, 279.9, 19.36, 206.49, 22.43, 133.17, 16.84, 93.19, 16.94], (161.8387, 591.4041, 1350.787)]
[2563.19, [440.4, 68.58, 28.96, 39.82, 376.08, 15.68, 333.89, 21.52, 266.79, 23.14, 185.34, 22.22, 109.24, 22.94, 61.03, 20.97], (163.7512, 904.4002, 1599.793)]
[4358.57, [440.4, 68.58, 28.96, 29.17, 337.65, 15.74, 324.15, 16.06, 259.75, 18.64, 184.5, 22.43, 129.42, 16.37, 98.68, 17.28], (184.0424, 711.512, 1594.904)]
[5850.08, [440.4, 68.58, 28.96, 50.11, 345.69, 18.51, 286.15, 20.04, 233.07, 14.5, 194.23, 19.54, 127.07, 19.37, 79.33, 22.82], (199.4204, 614.6026, 1384.137)]
[10487.48, [440.4, 68.58, 28.96, 19.85, 364.05, 14.98, 326.18, 15.87, 259.23, 16.18, 196.19, 19.29, 163.07, 18.58, 100.7, 16.08], (229.6663, 787.7908, 1702.584)]
[10749.82, [440.4, 68.58, 28.96, 46.63, 380.53, 15.43, 287.5, 21.52, 268.72, 23.22, 201.96, 22.43, 133.17, 16.43, 95.8, 17.12], (28.4669, 136.0767, 1299.454)]
[72914.52, [440.4, 68.58, 28.96, 43.99, 381.45, 17.55, 287.5, 22.14, 279.06, 20.28, 171.98, 23.48, 110.31, 16.26, 93.32, 22.3], (501.8003, 1160.435, 2129.489)]

Population size: 30
Number of couples: 13
Number of kept parents: 0
Best parent kept: True
Mutation Probability: 0.3
Mutation range (x, y): 5, 0.5
Number of Parameters: 6

Written time: 25/03/2023 18:44:11