[21.38, [440.0, 68.58, 28.96, 36.93, 379.38, 15.91, 276.58, 22.63, 280.63, 22.71, 212.47, 22.37, 155.38, 21.63, 84.44, 14.27], (130.7834, 527.7636, 1298.051)]
[30.1, [440.0, 68.58, 28.96, 38.66, 381.38, 15.33, 277.59, 22.39, 281.41, 21.87, 203.38, 22.34, 155.14, 22.65, 93.27, 15.02], (132.3844, 523.0783, 1298.145)]
[39.28, [440.0, 68.58, 28.96, 31.96, 377.8, 16.17, 276.58, 22.44, 270.91, 22.86, 205.85, 21.91, 159.51, 22.18, 90.22, 14.72], (132.4105, 529.8823, 1305.863)]
[44.58, [440.0, 68.58, 28.96, 35.44, 381.38, 16.17, 276.58, 21.99, 268.36, 22.86, 207.76, 22.35, 154.83, 22.18, 90.22, 15.2], (129.2734, 523.3877, 1282.755)]
[48.0, [440.0, 68.58, 28.96, 32.73, 384.61, 16.29, 276.92, 20.94, 280.18, 22.94, 199.89, 22.41, 151.97, 21.3, 84.44, 14.27], (131.2501, 540.2781, 1310.285)]
[55.2, [440.0, 69.0, 29.0, 40.54, 381.38, 15.33, 277.99, 22.39, 277.46, 22.55, 207.97, 22.06, 154.88, 22.35, 84.18, 15.02], (132.5847, 527.9545, 1288.524)]
[61.81, [440.0, 69.0, 28.96, 39.52, 381.27, 16.05, 282.2, 22.12, 281.53, 22.55, 212.27, 22.06, 154.88, 22.61, 89.15, 15.07], (130.8768, 514.4858, 1268.187)]
[108.59, [440.0, 68.58, 28.96, 38.99, 381.11, 15.75, 286.58, 20.36, 267.82, 22.71, 204.21, 22.97, 150.18, 20.2, 60.09, 15.46], (132.3438, 547.5253, 1279.407)]
[110.31, [440.0, 68.58, 28.96, 36.6, 381.38, 15.33, 277.99, 22.39, 277.46, 22.55, 211.05, 21.94, 154.88, 22.06, 94.97, 15.14], (134.6088, 533.4947, 1318.241)]
[115.65, [440.0, 68.58, 28.96, 35.44, 381.27, 16.3, 285.08, 22.12, 281.53, 22.24, 206.84, 22.34, 153.08, 22.65, 89.15, 15.02], (129.5112, 507.5982, 1245.989)]
[116.87, [440.0, 69.0, 28.96, 20.32, 367.42, 16.49, 280.28, 21.14, 284.48, 22.68, 211.35, 23.02, 159.84, 22.18, 88.74, 15.37], (126.0704, 525.5063, 1299.758)]
[125.32, [440.0, 68.58, 28.96, 35.44, 376.4, 16.17, 284.2, 20.37, 275.43, 22.71, 209.71, 22.35, 155.57, 21.79, 91.27, 20.2], (130.5326, 508.941, 1219.714)]
[139.36, [440.0, 68.58, 28.96, 39.02, 381.11, 15.82, 286.58, 20.76, 276.22, 22.71, 202.93, 21.88, 158.23, 22.22, 85.67, 15.15], (135.4125, 538.5013, 1310.043)]
[167.3, [440.0, 68.58, 28.96, 35.44, 378.21, 16.17, 281.46, 19.89, 262.75, 22.87, 204.08, 23.08, 151.05, 21.44, 90.13, 15.72], (128.5492, 567.577, 1330.585)]
[188.05, [440.0, 68.58, 28.96, 38.99, 381.11, 15.82, 290.46, 20.76, 271.65, 22.23, 204.21, 22.97, 150.18, 20.2, 84.12, 14.7], (135.0676, 557.6871, 1321.669)]
[194.96, [440.0, 69.0, 29.0, 54.09, 350.33, 21.01, 326.89, 20.36, 278.67, 22.11, 201.17, 22.06, 154.88, 22.04, 89.15, 15.02], (135.2879, 514.1615, 1230.706)]
[199.65, [440.0, 69.0, 29.0, 56.24, 374.67, 16.26, 277.34, 21.5, 271.65, 22.58, 203.47, 22.97, 146.97, 20.2, 60.09, 20.01], (129.0167, 507.9075, 1170.395)]
[233.54, [440.4, 68.58, 28.96, 27.96, 373.02, 15.79, 276.92, 20.39, 275.43, 22.71, 209.71, 22.35, 155.57, 21.79, 91.27, 15.39], (135.3533, 557.1856, 1359.418)]
[245.83, [440.0, 68.58, 28.96, 54.09, 350.33, 21.22, 326.89, 20.36, 278.67, 22.23, 201.17, 21.87, 168.47, 21.7, 86.87, 14.82], (137.827, 528.244, 1261.056)]
[312.45, [440.0, 68.58, 28.96, 41.93, 384.81, 15.91, 280.42, 22.19, 275.36, 22.65, 209.71, 21.87, 157.8, 21.91, 60.09, 20.01], (129.82, 478.1465, 1117.883)]
[350.66, [440.0, 68.58, 28.96, 38.59, 381.38, 15.33, 277.99, 22.39, 277.46, 22.2, 207.97, 21.87, 168.47, 21.93, 86.87, 14.82], (139.1764, 551.2658, 1346.07)]
[2423.6, [440.0, 69.0, 29.0, 56.11, 381.95, 15.79, 270.69, 20.9, 274.68, 22.94, 204.33, 22.43, 155.38, 21.38, 82.24, 14.27], (103.7145, 148.3886, 1231.062)]
[2823.91, [440.0, 68.58, 28.96, 35.44, 381.38, 16.05, 276.58, 22.19, 275.36, 22.71, 209.71, 22.35, 155.57, 21.79, 89.9, 15.46], (132.6488, 1257.069, 2272.104)]
[2965.7, [440.0, 68.58, 28.96, 36.93, 377.8, 15.91, 274.21, 21.79, 275.36, 22.71, 209.71, 22.35, 153.34, 22.13, 94.86, 15.64], (131.7759, 1297.148, 2329.188)]
[3017.32, [440.0, 68.58, 28.96, 32.87, 383.48, 15.18, 281.46, 20.6, 278.32, 22.9, 199.6, 22.81, 154.88, 21.56, 82.73, 14.57], (128.325, 1317.276, 2301.188)]
[3160.05, [440, 69, 29, 30.69, 372.21, 16.87, 284.61, 14.63, 233.63, 16.64, 187.25, 22.17, 117.0, 21.8, 72.73, 19.09], (173.2383, 656.9193, 1369.127)]
[4939.34, [440, 69, 29, 41.4, 357.9, 20.73, 303.29, 15.72, 263.54, 22.88, 170.06, 19.74, 129.1, 14.66, 109.92, 18.12], (187.4142, 710.262, 1519.897)]
[12543.18, [440, 69, 29, 33.03, 356.53, 17.6, 309.0, 15.5, 262.92, 17.27, 201.19, 15.55, 153.0, 18.08, 109.99, 21.05], (241.3555, 748.6922, 1663.048)]
[85346.45, [440.0, 69.0, 28.96, 37.76, 381.38, 15.72, 281.46, 20.8, 275.43, 22.9, 205.65, 22.48, 160.44, 21.45, 85.9, 14.81], (538.3497, 1338.081, 2341.685)]
[372549.28, [440.0, 68.58, 28.96, 37.81, 380.09, 16.29, 276.32, 20.94, 277.87, 22.94, 199.89, 21.94, 155.57, 21.53, 90.13, 15.01], (1232.45, 2352.153, 3635.003)]

Population size: 30
Number of couples: 13
Number of kept parents: 0
Best parent kept: True
Mutation Probability: 0.3
Mutation range (x, y): 5, 0.5
Number of Parameters: 6
Length, Width, Height: [440, 69, 29]
Target Frequencies: (130.8, 523.2, 1308.0)

Written time: 12/05/2023 17:15:10