[69.73, [440.4, 68.58, 28.96, 39.68, 376.08, 15.79, 329.22, 21.52, 266.17, 22.89, 201.96, 22.71, 130.38, 16.84, 95.8, 17.07], (130.8509, 533.9388, 1249.159)]
[85.8, [440.4, 68.58, 28.96, 35.18, 377.68, 15.79, 329.22, 21.05, 266.17, 22.89, 201.96, 22.72, 133.17, 16.84, 95.8, 16.86], (132.6595, 543.9901, 1268.162)]
[91.45, [440.4, 68.58, 28.96, 35.91, 376.08, 15.33, 331.84, 21.52, 266.17, 22.89, 200.87, 22.43, 128.43, 16.84, 99.71, 16.86], (132.8342, 537.9877, 1260.155)]
[126.99, [440.4, 68.58, 28.96, 35.91, 376.08, 15.33, 331.84, 21.52, 269.09, 22.89, 202.86, 22.43, 137.03, 16.69, 95.81, 16.61], (133.9978, 547.681, 1353.852)]
[136.89, [440.4, 68.58, 28.96, 32.14, 376.08, 15.33, 331.84, 21.65, 266.17, 22.89, 200.18, 22.19, 133.17, 16.84, 98.39, 16.86], (134.6347, 542.7906, 1265.491)]
[147.05, [440.4, 68.58, 28.96, 39.11, 378.44, 15.79, 329.22, 21.52, 266.17, 22.89, 201.96, 23.2, 133.17, 16.84, 94.58, 17.12], (127.071, 526.1036, 1236.32)]
[163.09, [440.4, 68.58, 28.96, 43.76, 373.39, 16.09, 287.18, 22.33, 277.71, 22.48, 201.96, 22.87, 135.19, 16.91, 95.8, 16.86], (135.2009, 561.8553, 1340.704)]
[181.87, [440.4, 68.58, 28.96, 40.54, 377.31, 15.04, 328.99, 15.35, 273.29, 19.6, 165.07, 23.77, 107.82, 22.44, 93.87, 22.52], (129.1665, 505.5159, 1165.127)]
[273.64, [440.4, 68.58, 28.96, 47.04, 383.64, 19.21, 296.89, 16.06, 272.89, 19.6, 169.24, 23.77, 110.44, 22.44, 89.75, 22.76], (127.9863, 497.3786, 1107.893)]
[275.07, [440.4, 68.58, 28.96, 39.68, 380.03, 16.12, 329.22, 21.9, 266.17, 21.21, 174.07, 23.48, 113.75, 16.57, 86.4, 23.2], (133.3705, 494.7364, 1102.476)]
[305.34, [440.4, 68.58, 28.96, 39.27, 377.79, 15.37, 326.97, 22.43, 282.19, 21.24, 173.94, 22.99, 110.31, 16.36, 96.41, 21.81], (136.2243, 504.1153, 1147.801)]
[532.67, [440.4, 68.58, 28.96, 35.18, 383.48, 17.55, 287.5, 22.92, 274.6, 20.5, 169.04, 23.27, 114.35, 21.93, 92.5, 22.66], (124.9305, 437.9166, 1003.471)]
[747.44, [440.4, 68.58, 28.96, 39.68, 376.08, 17.55, 287.17, 22.48, 279.28, 20.5, 169.04, 23.64, 114.35, 22.34, 92.5, 22.76], (120.1536, 433.6372, 998.3224)]
[949.71, [440.4, 68.58, 28.96, 44.61, 376.08, 15.79, 325.86, 21.08, 266.17, 22.89, 201.6, 22.72, 137.95, 22.44, 92.38, 22.62], (115.6786, 588.1177, 1012.063)]
[1234.19, [440.4, 68.58, 28.96, 47.04, 377.84, 15.2, 327.07, 22.27, 266.17, 22.52, 203.74, 23.01, 108.51, 22.13, 86.17, 22.88], (113.134, 406.927, 933.6003)]
[1256.62, [440.4, 68.58, 28.96, 47.04, 382.46, 19.21, 296.89, 16.06, 272.89, 19.6, 165.67, 23.77, 114.34, 16.84, 95.8, 16.86], (153.8596, 611.4763, 1370.13)]
[1416.66, [440.4, 68.58, 28.96, 42.0, 377.62, 19.21, 293.41, 15.68, 274.42, 19.48, 169.24, 23.53, 114.74, 16.71, 100.52, 22.95], (156.7903, 607.165, 1316.871)]
[1560.76, [440.4, 68.58, 28.96, 47.04, 373.39, 15.77, 287.5, 22.33, 282.19, 20.96, 171.37, 23.57, 110.31, 16.36, 90.72, 22.82], (135.7174, 1151.753, 2131.777)]
[1584.79, [440.4, 68.58, 28.96, 40.32, 382.86, 15.33, 331.84, 21.54, 267.12, 22.89, 199.84, 22.11, 133.17, 16.84, 95.8, 16.86], (118.2241, 146.1074, 547.1479)]
[1729.17, [440.4, 68.58, 28.96, 47.04, 377.31, 18.44, 293.41, 15.17, 257.59, 19.67, 182.98, 22.04, 109.67, 23.59, 85.93, 21.27], (142.2875, 1127.8, 2044.064)]
[2740.6, [440.4, 68.58, 28.96, 49.64, 381.23, 17.97, 283.79, 22.5, 280.83, 19.45, 206.49, 22.43, 133.29, 16.84, 90.03, 16.94], (160.553, 602.18, 2347.945)]
[5840.61, [440.4, 68.58, 28.96, 46.66, 367.1, 15.67, 282.16, 18.27, 220.81, 19.84, 168.04, 20.22, 132.71, 15.01, 63.32, 16.8], (196.9771, 718.0937, 1572.021)]
[5898.33, [440.4, 68.58, 28.96, 35.91, 376.08, 19.18, 289.93, 22.62, 279.88, 21.3, 173.73, 23.48, 115.55, 22.3, 62.8, 22.71], (71.31737, 115.5686, 406.5822)]
[11690.88, [440.4, 68.58, 28.96, 44.05, 377.62, 19.29, 293.41, 15.57, 258.77, 19.67, 182.98, 22.04, 101.85, 23.59, 85.85, 21.34], (27.38381, 140.3512, 518.9188)]
[12299.27, [440.4, 68.58, 28.96, 46.98, 380.25, 18.99, 292.05, 16.06, 272.89, 19.39, 169.24, 23.77, 109.1, 22.05, 92.03, 22.45], (24.25466, 29.46309, 502.3536)]
[14467.33, [440.4, 68.58, 28.96, 18.33, 343.76, 19.3, 278.09, 16.44, 234.89, 14.88, 174.11, 14.61, 115.13, 20.67, 63.57, 15.58], (255.633, 732.2432, 1621.216)]
[49330.97, [440.4, 68.58, 28.96, 35.18, 385.78, 17.35, 287.5, 22.5, 279.28, 20.5, 169.04, 23.54, 114.35, 22.82, 92.5, 22.76], (416.7218, 975.2417, 1843.25)]
[63830.54, [440.4, 68.58, 28.96, 45.69, 377.31, 18.44, 290.8, 14.89, 274.42, 19.6, 167.58, 23.53, 119.48, 16.73, 104.4, 22.8], (474.1853, 641.0634, 1392.92)]
[84866.96, [440.4, 68.58, 28.96, 37.84, 376.08, 15.79, 329.22, 21.21, 266.17, 22.89, 201.96, 22.72, 134.3, 16.84, 95.8, 17.18], (541.4184, 1260.438, 2235.288)]
[126005.61, [440.4, 68.58, 28.96, 26.81, 365.17, 17.23, 286.51, 18.42, 234.07, 22.49, 194.05, 20.93, 161.05, 21.54, 107.28, 16.71], (666.0607, 1442.962, 2562.224)]

Population size: 30
Number of couples: 13
Number of kept parents: 0
Best parent kept: True
Mutation Probability: 0.3
Mutation range (x, y): 5, 0.5
Number of Parameters: 6

Written time: 25/03/2023 18:55:44