[84.02, [440.4, 68.58, 28.96, 29.9, 367.79, 16.59, 274.19, 21.72, 278.84, 22.51, 203.71, 22.51, 135.8, 16.8, 96.81, 16.74], (130.4223, 542.0318, 1273.384)]
[87.05, [440.4, 68.58, 28.96, 29.63, 367.79, 16.73, 274.19, 21.44, 275.28, 22.51, 201.52, 22.51, 138.22, 17.39, 95.8, 16.4], (129.9651, 539.8091, 1270.097)]
[87.5, [440.4, 68.58, 28.96, 33.42, 364.28, 16.45, 277.36, 21.44, 279.99, 22.36, 205.72, 22.64, 136.75, 16.81, 95.8, 16.55], (131.2579, 547.5794, 1331.457)]
[95.15, [440.4, 68.58, 28.96, 29.63, 369.75, 16.83, 281.54, 21.03, 270.73, 22.51, 197.92, 22.33, 135.8, 17.14, 93.95, 16.65], (131.2427, 539.1754, 1255.738)]
[99.52, [440.4, 68.58, 28.96, 33.78, 367.65, 16.49, 282.88, 20.71, 271.42, 22.63, 201.3, 22.53, 133.38, 16.03, 96.81, 16.74], (131.5788, 555.9416, 1297.209)]
[110.38, [440.4, 68.58, 28.96, 31.73, 372.19, 16.83, 281.93, 21.03, 273.36, 22.46, 201.52, 22.33, 135.8, 17.14, 91.84, 16.75], (131.8953, 538.7249, 1247.892)]
[123.49, [440.4, 68.58, 28.96, 32.64, 364.63, 16.1, 278.37, 20.91, 276.2, 22.58, 202.54, 22.33, 136.31, 16.67, 96.77, 16.88], (133.1988, 557.2719, 1306.84)]
[156.3, [440.4, 68.58, 28.96, 33.82, 366.81, 15.82, 273.41, 20.69, 279.01, 22.63, 200.78, 23.09, 133.95, 16.69, 96.81, 16.67], (126.34, 547.469, 1306.561)]
[168.89, [440.0, 69.0, 29.0, 50.64, 336.1, 16.93, 278.37, 21.22, 279.36, 22.47, 202.54, 22.77, 141.2, 16.67, 93.95, 17.02], (130.9089, 563.913, 1374.744)]
[201.29, [440.4, 68.58, 29.0, 54.67, 336.1, 16.96, 278.37, 21.01, 276.2, 22.58, 198.83, 22.33, 135.5, 16.71, 93.63, 17.05], (132.7989, 564.8929, 1376.795)]
[249.53, [440.4, 68.58, 28.96, 29.63, 367.79, 16.49, 272.13, 21.44, 274.78, 22.07, 201.52, 22.41, 129.44, 15.84, 95.67, 17.03], (136.7533, 561.0825, 1298.437)]
[276.09, [440.0, 69.0, 29.0, 47.7, 337.5, 16.65, 275.16, 21.22, 276.2, 22.84, 202.54, 23.15, 136.87, 17.0, 91.44, 16.95], (124.0652, 547.7813, 1347.854)]
[419.54, [440.4, 68.58, 28.96, 29.63, 363.76, 16.22, 286.01, 20.55, 270.81, 21.95, 210.43, 22.45, 140.51, 16.6, 95.8, 16.55], (139.9253, 574.6607, 1323.227)]
[597.65, [440.4, 68.58, 28.96, 35.32, 369.75, 16.83, 278.53, 21.5, 274.78, 22.51, 201.52, 22.22, 135.8, 17.14, 91.23, 17.02], (131.2602, 751.4387, 1331.927)]
[1001.92, [440.0, 69.0, 28.96, 33.07, 362.9, 17.96, 324.17, 22.16, 245.85, 21.99, 194.89, 17.86, 151.83, 15.58, 96.81, 16.78], (149.7103, 579.5514, 1269.289)]
[1284.89, [440.4, 68.58, 29.0, 50.92, 339.43, 16.96, 278.37, 21.07, 273.21, 23.13, 203.68, 22.45, 134.45, 22.38, 88.47, 20.78], (111.3771, 435.9986, 1097.109)]
[1988.89, [440, 69, 29, 48.52, 372.59, 19.44, 329.86, 19.52, 232.69, 22.14, 180.34, 16.3, 118.81, 16.66, 109.66, 16.1], (162.4469, 602.1704, 1296.853)]
[2138.94, [440.4, 68.58, 28.96, 32.75, 367.22, 16.49, 274.19, 21.44, 274.78, 22.51, 204.59, 22.26, 135.8, 16.8, 89.3, 16.98], (165.4179, 550.8889, 1275.091)]
[2520.71, [440.4, 68.58, 28.96, 32.64, 365.01, 16.11, 278.37, 20.52, 279.72, 22.63, 208.08, 22.89, 135.39, 16.34, 95.8, 17.73], (130.0259, 1176.309, 2189.124)]
[2679.39, [440.4, 68.58, 28.96, 33.78, 359.42, 16.91, 272.06, 21.44, 278.86, 22.51, 200.99, 22.33, 139.37, 17.14, 96.81, 16.82], (132.1659, 1195.232, 2291.342)]
[2790.79, [440.4, 68.58, 28.96, 30.6, 367.22, 16.49, 274.19, 21.89, 270.61, 22.52, 206.84, 22.53, 134.43, 16.67, 94.34, 16.55], (131.1764, 1272.977, 2222.041)]
[3245.93, [440.4, 68.58, 28.96, 32.68, 365.01, 15.26, 275.62, 20.72, 282.63, 22.63, 205.72, 22.45, 136.44, 16.81, 95.8, 16.42], (139.4908, 1322.285, 2300.015)]
[3264.84, [440.4, 68.58, 28.96, 29.63, 369.26, 16.46, 281.32, 20.89, 271.42, 22.33, 204.13, 22.22, 131.93, 17.68, 96.81, 16.74], (173.3288, 659.6608, 1458.212)]
[66220.62, [440, 69, 29, 47.3, 355.61, 20.31, 284.65, 21.71, 266.39, 16.59, 165.13, 19.76, 141.16, 21.37, 74.55, 17.42], (475.5709, 1151.249, 1941.408)]
[71535.36, [440.4, 68.58, 28.96, 36.07, 368.56, 16.1, 278.46, 21.5, 276.2, 22.58, 198.83, 22.33, 136.76, 16.23, 93.04, 17.05], (492.515, 1254.393, 2221.498)]
[83930.54, [440.0, 69.0, 29.0, 50.64, 332.8, 16.65, 327.59, 20.75, 276.0, 21.7, 205.96, 22.44, 131.63, 16.87, 91.84, 17.08], (535.6508, 1117.425, 2293.333)]
[92714.8, [440, 69, 29, 27.07, 361.49, 19.52, 325.08, 14.54, 271.14, 22.95, 196.93, 18.06, 136.98, 20.44, 85.73, 18.35], (563.4488, 1249.22, 2215.883)]
[95243.7, [440.4, 68.58, 28.96, 32.64, 365.01, 16.1, 278.37, 20.91, 276.2, 22.63, 200.39, 21.65, 138.49, 16.11, 87.53, 17.03], (570.8981, 1303.79, 2274.183)]
[96337.84, [440.4, 68.58, 28.96, 32.68, 361.88, 16.1, 281.35, 21.31, 277.78, 23.13, 203.73, 22.25, 138.49, 16.67, 94.34, 16.47], (573.9964, 1349.79, 2276.634)]
[164014.4, [440.4, 68.58, 28.96, 29.63, 367.79, 16.96, 274.19, 21.44, 275.97, 22.51, 201.52, 22.51, 131.84, 17.26, 96.31, 16.22], (761.7396, 2009.755, 3123.376)]

Population size: 30
Number of couples: 13
Number of kept parents: 0
Best parent kept: True
Mutation Probability: 0.3
Mutation range (x, y): 5, 0.5
Number of Parameters: 6
Length, Width, Height: [440, 69, 29]
Target Frequencies: (130.8, 523.2, 1308.0)

Written time: 11/05/2023 14:35:54