[95.36, [440.4, 68.58, 28.96, 35.89, 367.21, 15.49, 325.32, 20.57, 272.21, 22.07, 201.13, 22.44, 132.93, 17.14, 96.81, 16.67], (131.2689, 522.5012, 1217.597)]
[96.6, [440.4, 68.58, 28.96, 33.04, 364.24, 16.34, 278.37, 21.44, 279.99, 22.58, 199.64, 22.24, 133.04, 16.2, 92.32, 16.03], (132.3518, 552.2615, 1303.385)]
[98.99, [440.4, 68.58, 28.96, 35.89, 367.21, 15.49, 325.32, 20.33, 276.2, 22.58, 199.64, 22.33, 136.44, 16.2, 95.8, 16.55], (129.6352, 529.8316, 1238.157)]
[99.15, [440.4, 68.58, 28.96, 30.07, 367.91, 16.55, 278.37, 21.44, 276.2, 22.58, 199.64, 22.33, 136.44, 16.2, 95.8, 16.62], (131.8743, 550.5296, 1288.308)]
[100.69, [440.4, 68.58, 28.96, 29.63, 367.79, 16.8, 282.88, 20.71, 271.42, 22.81, 204.13, 22.53, 132.93, 16.27, 88.65, 15.95], (130.34, 550.9656, 1279.848)]
[103.56, [440.4, 68.58, 28.96, 33.78, 367.22, 16.49, 274.19, 21.08, 274.78, 22.51, 201.52, 22.7, 135.08, 17.0, 89.3, 16.95], (129.4877, 541.7411, 1265.825)]
[105.46, [440.4, 68.58, 28.96, 31.73, 366.81, 16.1, 278.37, 21.22, 276.2, 22.58, 202.54, 22.33, 136.44, 16.67, 95.8, 16.55], (132.4577, 553.2647, 1299.046)]
[121.5, [440.4, 68.58, 28.96, 38.29, 361.36, 15.88, 282.8, 20.44, 269.21, 22.81, 200.97, 22.53, 134.45, 16.27, 90.5, 16.03], (130.7398, 563.0594, 1329.707)]
[124.03, [440.4, 68.58, 28.96, 30.28, 361.36, 15.88, 284.34, 20.61, 269.21, 22.81, 204.13, 22.53, 134.45, 16.27, 95.8, 16.55], (131.1677, 561.6373, 1333.707)]
[149.11, [440.4, 68.58, 28.96, 35.89, 371.87, 15.49, 326.91, 20.75, 270.5, 21.79, 201.13, 22.44, 135.89, 17.0, 93.0, 16.95], (133.5033, 524.3738, 1206.273)]
[158.86, [440.4, 68.58, 28.96, 26.78, 366.88, 15.79, 319.53, 20.79, 260.57, 22.83, 205.73, 21.77, 133.79, 15.72, 92.23, 17.03], (133.2612, 544.0917, 1239.983)]
[162.08, [440.4, 68.58, 28.96, 29.63, 372.82, 16.55, 276.75, 21.44, 272.21, 22.07, 201.13, 22.44, 135.89, 17.0, 93.0, 16.83], (134.1554, 543.8607, 1259.038)]
[208.95, [440.4, 68.58, 28.96, 23.75, 372.49, 16.06, 332.42, 20.95, 267.26, 22.33, 201.34, 22.49, 129.47, 16.84, 97.27, 16.25], (128.2211, 508.6246, 1176.899)]
[245.9, [440.0, 69.0, 29.0, 50.64, 336.1, 16.65, 278.37, 20.8, 276.2, 23.05, 199.64, 22.71, 136.44, 16.2, 90.99, 16.55], (127.428, 564.9988, 1387.481)]
[250.88, [440.4, 68.58, 28.96, 29.63, 366.06, 16.55, 281.32, 20.55, 271.42, 22.33, 204.13, 22.53, 134.45, 15.84, 95.8, 16.44], (136.0817, 570.5396, 1319.144)]
[258.0, [440.4, 68.58, 28.96, 27.42, 372.49, 15.59, 335.52, 20.95, 263.33, 22.33, 201.34, 22.69, 129.47, 16.65, 95.8, 16.55], (126.7203, 506.7389, 1173.555)]
[373.85, [440.4, 68.58, 28.96, 34.54, 367.32, 16.65, 278.37, 21.08, 276.55, 23.05, 198.73, 23.19, 132.64, 16.2, 95.8, 16.25], (120.6949, 530.7288, 1274.202)]
[544.42, [440.4, 68.58, 28.96, 35.89, 367.21, 15.49, 321.02, 20.75, 272.21, 22.07, 201.13, 22.44, 136.38, 17.0, 93.23, 16.89], (131.6711, 360.4757, 1178.524)]
[582.25, [440.4, 68.58, 28.96, 31.67, 367.32, 17.67, 324.56, 22.32, 248.1, 21.99, 193.55, 17.86, 151.83, 22.0, 86.36, 20.78], (136.7017, 451.6171, 1048.08)]
[646.14, [440, 69, 29, 31.47, 343.23, 14.8, 305.58, 22.57, 231.0, 22.33, 195.81, 18.57, 139.44, 18.31, 86.48, 14.86], (143.9146, 578.7355, 1340.372)]
[869.53, [440, 69, 29, 38.59, 352.73, 16.99, 289.06, 22.12, 225.45, 21.32, 211.12, 16.46, 147.63, 22.64, 81.44, 20.13], (147.2903, 492.3561, 1185.221)]
[4324.68, [440.4, 68.58, 28.96, 31.73, 364.77, 16.83, 281.93, 20.71, 270.61, 23.14, 204.13, 22.53, 134.45, 15.37, 95.8, 16.44], (142.7913, 1721.218, 2222.391)]
[5646.06, [440, 69, 29, 51.8, 368.25, 20.55, 302.81, 16.53, 227.76, 21.09, 180.71, 14.67, 132.4, 14.81, 105.16, 21.69], (195.8621, 661.2314, 1360.998)]
[11671.79, [440.0, 69.0, 29.0, 16.56, 381.59, 19.95, 319.48, 16.52, 255.56, 14.95, 171.71, 20.11, 131.88, 17.14, 96.81, 16.67], (213.0169, 1745.101, 2470.136)]
[25807.62, [440.4, 68.58, 28.96, 35.89, 367.21, 15.29, 327.25, 20.95, 265.64, 22.07, 205.0, 22.24, 135.19, 16.68, 96.89, 16.39], (317.0698, 494.5859, 994.1466)]
[39071.42, [440.4, 68.58, 28.96, 29.39, 366.88, 16.3, 281.97, 21.47, 276.2, 22.51, 201.52, 22.67, 150.48, 20.4, 85.33, 21.8], (377.39, 580.9462, 1103.426)]
[71884.1, [440.4, 68.58, 28.96, 29.63, 368.77, 16.52, 282.86, 21.08, 271.42, 22.09, 201.96, 22.7, 138.38, 16.95, 87.51, 16.55], (493.7842, 1259.104, 2196.071)]
[80684.19, [440.4, 68.58, 28.96, 22.22, 376.36, 15.97, 324.8, 21.12, 272.21, 22.07, 204.23, 22.11, 135.89, 16.61, 93.0, 16.95], (524.8518, 1191.764, 2098.59)]
[84508.31, [440.4, 68.58, 28.96, 24.37, 369.38, 16.3, 278.37, 21.08, 274.74, 22.68, 195.87, 22.23, 138.07, 15.8, 95.65, 16.44], (536.1666, 1306.856, 2241.801)]
[124854.68, [440.4, 68.58, 28.96, 33.5, 361.36, 15.88, 284.34, 20.44, 269.21, 22.09, 203.58, 22.49, 138.38, 16.95, 87.51, 16.55], (658.4927, 1502.126, 2496.101)]

Population size: 30
Number of couples: 13
Number of kept parents: 0
Best parent kept: True
Mutation Probability: 0.3
Mutation range (x, y): 5, 0.5
Number of Parameters: 6
Length, Width, Height: [440, 69, 29]
Target Frequencies: (130.8, 523.2, 1308.0)

Written time: 11/05/2023 14:12:41