[132.92, [440.4, 68.58, 28.96, 43.76, 369.89, 16.52, 281.9, 21.05, 269.21, 22.73, 207.8, 22.71, 134.65, 16.97, 95.8, 16.83], (127.8802, 540.7915, 1268.951)]
[205.8, [440.4, 68.58, 28.96, 39.11, 370.96, 15.79, 325.87, 20.82, 266.17, 22.73, 201.96, 22.37, 135.19, 16.7, 103.14, 17.13], (126.3182, 516.834, 1212.993)]
[265.07, [440.4, 68.58, 28.96, 39.11, 375.25, 15.38, 329.22, 21.52, 268.28, 22.52, 201.43, 22.18, 134.97, 16.95, 95.55, 16.9], (126.7617, 504.5065, 1170.819)]
[446.37, [440.4, 68.58, 28.96, 39.11, 375.35, 15.61, 329.41, 21.07, 267.24, 22.73, 206.14, 22.93, 133.05, 16.84, 98.63, 15.35], (121.5209, 504.0013, 1192.286)]
[517.91, [440.4, 68.58, 28.96, 35.86, 372.82, 15.76, 329.22, 21.59, 266.17, 23.0, 206.14, 22.59, 131.77, 16.84, 101.51, 14.72], (120.2901, 499.283, 1190.598)]
[558.86, [440.4, 68.58, 28.96, 36.17, 381.67, 15.83, 329.22, 21.52, 266.17, 22.58, 201.96, 22.27, 133.17, 16.39, 91.06, 23.32], (124.6315, 472.1809, 1029.891)]
[600.01, [440.4, 68.58, 28.96, 31.2, 380.63, 15.76, 328.83, 21.65, 265.39, 23.24, 202.02, 22.19, 133.17, 16.84, 95.94, 16.39], (119.9685, 491.3655, 1144.051)]
[621.15, [440.4, 68.58, 28.96, 40.38, 375.35, 15.61, 326.01, 21.07, 267.24, 22.73, 204.09, 23.16, 135.84, 17.29, 95.8, 16.48], (118.9756, 494.028, 1166.383)]
[642.97, [440.4, 68.58, 28.96, 31.2, 380.63, 15.67, 333.02, 21.65, 267.52, 23.24, 202.02, 22.19, 133.17, 16.84, 95.8, 16.66], (119.5938, 487.0069, 1130.648)]
[673.12, [440.4, 68.58, 28.96, 37.28, 383.86, 17.55, 329.63, 21.52, 270.13, 22.87, 198.51, 22.59, 133.27, 16.7, 101.67, 17.2], (119.5899, 481.3877, 1114.739)]
[683.81, [440.4, 68.58, 28.96, 35.58, 376.2, 15.76, 332.27, 21.15, 266.17, 22.88, 204.09, 23.16, 139.44, 16.91, 95.8, 16.5], (118.024, 492.4718, 1157.671)]
[787.07, [440.4, 68.58, 28.96, 23.75, 371.5, 21.6, 315.16, 21.52, 264.05, 23.09, 201.35, 22.58, 131.34, 16.53, 96.58, 16.33], (118.3861, 473.2688, 1083.141)]
[1030.38, [440.4, 68.58, 28.96, 35.58, 377.68, 15.25, 325.12, 22.79, 274.38, 23.16, 201.72, 22.72, 133.17, 16.66, 95.8, 17.2], (113.874, 468.4573, 1110.835)]
[1237.3, [440.4, 68.58, 28.96, 35.77, 377.53, 16.12, 330.35, 21.77, 266.17, 22.88, 206.14, 22.71, 131.77, 16.98, 98.63, 15.1], (119.5006, 424.8415, 696.4236)]
[1480.42, [440.4, 68.58, 28.96, 39.46, 381.34, 17.98, 329.22, 21.52, 268.25, 23.36, 199.17, 22.85, 133.27, 19.25, 99.46, 18.21], (109.5574, 437.5089, 1020.871)]
[1628.9, [440, 69, 29, 24.83, 338.47, 17.49, 316.92, 22.79, 264.22, 15.5, 171.12, 21.98, 110.46, 21.05, 71.65, 18.18], (158.2905, 510.8305, 1151.391)]
[1944.06, [440, 69, 29, 27.46, 343.69, 21.23, 289.82, 17.19, 242.77, 20.47, 212.87, 21.38, 135.04, 22.05, 91.29, 16.69], (146.0572, 902.7281, 908.7184)]
[2126.18, [440.4, 68.58, 28.96, 35.58, 380.63, 15.48, 329.66, 21.22, 265.39, 23.24, 204.94, 22.19, 130.7, 16.84, 96.51, 16.85], (121.5071, 1155.474, 1570.208)]
[2530.56, [440.4, 68.58, 28.96, 35.58, 377.68, 15.34, 324.61, 22.33, 281.85, 23.27, 201.72, 22.72, 133.17, 16.89, 95.8, 17.13], (113.9542, 123.2567, 468.7089)]
[2557.65, [440.4, 68.58, 28.96, 35.58, 376.22, 15.42, 332.27, 21.36, 261.59, 22.88, 213.24, 22.82, 134.18, 17.48, 98.63, 15.49], (120.9569, 1144.465, 2003.675)]
[2720.16, [440.4, 68.58, 28.96, 39.46, 383.86, 17.55, 329.22, 21.52, 266.17, 23.32, 202.47, 22.85, 133.27, 16.91, 96.92, 16.38], (114.4174, 1095.65, 1933.94)]
[4366.65, [440.4, 68.58, 28.96, 39.11, 375.35, 15.61, 329.41, 21.07, 271.65, 19.6, 201.33, 16.19, 112.99, 18.63, 108.13, 17.08], (186.4854, 598.0009, 1332.254)]
[7328.57, [440.4, 68.58, 28.96, 40.54, 378.57, 14.57, 333.96, 15.35, 273.91, 15.17, 212.69, 18.35, 155.49, 18.45, 71.9, 18.95], (208.0121, 686.1741, 1444.479)]
[17274.83, [440.4, 68.58, 28.96, 31.2, 380.63, 15.76, 334.26, 21.3, 265.39, 23.05, 207.02, 22.19, 133.17, 17.17, 96.51, 16.87], (274.1573, 512.7915, 1223.636)]
[44696.87, [440.4, 68.58, 28.96, 22.12, 363.79, 19.13, 276.89, 21.47, 262.81, 20.74, 168.83, 23.74, 117.86, 16.1, 95.8, 16.44], (393.3369, 1082.012, 2069.012)]
[69404.6, [440.4, 68.58, 28.96, 35.58, 379.63, 15.76, 328.92, 21.52, 263.31, 22.88, 210.54, 22.27, 131.77, 16.84, 99.05, 15.1], (486.9272, 1101.651, 2060.523)]
[81567.3, [440.4, 68.58, 28.96, 41.79, 388.24, 17.55, 329.22, 21.52, 265.0, 22.87, 199.17, 22.85, 133.27, 16.7, 98.65, 17.13], (530.3152, 1015.61, 1789.675)]
[83640.05, [440.4, 68.58, 28.96, 15.36, 377.43, 19.81, 290.88, 21.11, 223.1, 22.73, 204.09, 23.44, 135.19, 16.91, 95.8, 16.45], (534.8025, 1174.486, 2116.086)]
[127053.38, [440, 69, 29, 33.58, 378.33, 14.91, 289.07, 20.72, 224.44, 17.07, 166.55, 15.99, 123.25, 16.8, 84.81, 17.76], (665.1872, 1434.049, 2550.948)]
[161348.53, [440.4, 68.58, 28.96, 38.12, 334.3, 16.34, 301.19, 16.27, 245.02, 17.12, 166.8, 15.47, 139.74, 16.7, 99.46, 17.13], (757.1675, 1695.666, 2962.273)]

Population size: 30
Number of couples: 13
Number of kept parents: 0
Best parent kept: True
Mutation Probability: 0.3
Mutation range (x, y): 5, 0.5
Number of Parameters: 6
Length, Width, Height: [440, 69, 29]
Target Frequencies: (130.8, 523.2, 1308.0)

Written time: 11/05/2023 12:52:10