[97.3, [440.0, 69.0, 29.0, 31.2, 369.89, 16.52, 278.37, 21.05, 272.88, 22.73, 203.86, 22.71, 134.65, 16.12, 95.8, 16.83], (130.45, 553.7907, 1289.244)]
[98.84, [440.4, 68.58, 28.96, 36.41, 369.89, 16.07, 277.63, 21.05, 269.21, 22.73, 207.94, 22.71, 138.01, 16.49, 95.8, 16.9], (130.2038, 556.4113, 1296.792)]
[105.33, [440.4, 68.58, 28.96, 31.2, 369.89, 16.45, 281.9, 21.05, 264.51, 22.73, 207.94, 22.71, 134.65, 16.06, 95.8, 16.72], (130.4826, 555.5802, 1285.408)]
[170.44, [440.4, 68.58, 28.96, 23.75, 371.5, 15.79, 325.32, 20.95, 268.79, 22.41, 201.96, 22.41, 135.19, 17.14, 103.14, 17.21], (128.6943, 513.6623, 1191.965)]
[233.05, [440.4, 68.58, 28.96, 31.2, 365.9, 16.52, 281.9, 21.16, 269.21, 22.73, 204.4, 23.18, 134.65, 16.49, 96.32, 16.83], (124.5306, 537.314, 1267.213)]
[291.87, [440.4, 68.58, 28.96, 39.11, 370.96, 15.79, 325.32, 20.33, 268.79, 22.45, 201.96, 22.23, 134.45, 16.14, 91.06, 23.32], (130.0539, 496.8014, 1088.568)]
[299.01, [440.4, 68.58, 28.96, 35.58, 377.68, 16.52, 278.98, 21.05, 269.21, 23.21, 207.8, 22.75, 134.65, 17.44, 91.15, 16.83], (123.1723, 524.6616, 1223.307)]
[408.09, [440.4, 68.58, 28.96, 33.38, 378.02, 15.83, 329.22, 21.76, 271.0, 22.58, 201.96, 22.27, 130.06, 16.84, 91.29, 17.4], (124.7476, 491.373, 1128.375)]
[432.48, [440.4, 68.58, 28.96, 34.86, 381.34, 17.98, 329.98, 20.9, 268.79, 22.41, 201.96, 22.51, 135.19, 17.14, 103.14, 17.04], (126.1881, 498.5874, 1036.091)]
[455.68, [440.4, 68.58, 28.96, 39.11, 370.96, 16.27, 329.64, 21.18, 265.31, 22.73, 201.96, 22.69, 137.07, 17.15, 103.14, 16.89], (122.0117, 498.7746, 1173.916)]
[514.26, [440.4, 68.58, 28.96, 34.8, 376.43, 15.81, 334.82, 21.65, 263.89, 23.24, 202.02, 21.93, 133.17, 16.51, 97.15, 16.32], (121.3132, 496.1909, 1153.461)]
[589.17, [440.4, 68.58, 28.96, 28.9, 375.35, 15.83, 329.22, 21.76, 269.16, 22.72, 204.3, 22.85, 133.27, 16.91, 96.92, 16.38], (120.2657, 488.9477, 1146.37)]
[602.99, [440.4, 68.58, 28.96, 31.2, 369.89, 16.52, 281.9, 21.05, 284.63, 23.57, 199.14, 22.91, 134.53, 16.69, 95.8, 17.13], (117.2102, 512.6128, 1232.458)]
[679.18, [440.4, 68.58, 28.96, 35.58, 372.69, 15.57, 334.19, 22.07, 266.94, 22.58, 206.12, 22.3, 133.17, 16.58, 91.06, 23.72], (122.738, 455.3115, 1027.447)]
[771.67, [440.4, 68.58, 28.96, 35.58, 379.71, 15.57, 329.66, 20.79, 266.17, 23.32, 201.96, 22.27, 133.17, 16.58, 91.06, 23.32], (119.9029, 469.2098, 1031.029)]
[801.18, [440.4, 68.58, 28.96, 37.37, 375.12, 15.91, 329.66, 20.93, 267.47, 23.32, 204.3, 22.85, 129.11, 16.91, 96.92, 16.38], (116.272, 487.3958, 1150.072)]
[874.73, [440.4, 68.58, 28.96, 36.97, 380.63, 15.65, 329.66, 21.28, 265.39, 23.54, 204.94, 22.02, 133.17, 16.58, 91.06, 23.32], (118.4506, 463.751, 1015.872)]
[1364.12, [440, 69, 29, 35.56, 353.33, 17.15, 319.14, 22.1, 251.79, 18.07, 169.7, 21.91, 135.39, 19.5, 92.91, 15.14], (156.3789, 534.9228, 1266.857)]
[2004.03, [440, 69, 29, 32.47, 377.3, 19.54, 313.66, 18.81, 260.98, 15.57, 193.42, 17.72, 114.81, 18.36, 68.98, 22.67], (153.6716, 200.6816, 1204.087)]
[2371.44, [440.4, 68.58, 28.96, 39.93, 373.07, 15.34, 324.61, 22.42, 279.09, 23.57, 199.14, 22.91, 133.17, 16.69, 95.8, 17.13], (109.2067, 201.8188, 743.4186)]
[3992.6, [440.4, 68.58, 28.96, 32.35, 379.65, 15.34, 291.55, 22.95, 227.06, 15.36, 175.2, 18.25, 111.63, 19.62, 73.65, 18.93], (183.8397, 556.7682, 1262.112)]
[5117.43, [440, 69, 29, 40.57, 359.72, 17.22, 286.32, 19.51, 244.07, 21.92, 204.34, 17.9, 151.47, 19.56, 59.92, 14.94], (167.7452, 1264.458, 2326.664)]
[9108.45, [440.4, 68.58, 28.96, 36.28, 367.52, 15.79, 329.22, 21.52, 268.25, 22.73, 206.14, 22.93, 133.05, 16.56, 95.15, 15.2], (202.812, 1318.746, 2316.656)]
[34905.49, [440.4, 68.58, 28.96, 39.98, 383.22, 15.83, 333.98, 21.76, 269.86, 22.58, 201.96, 22.51, 135.19, 17.14, 103.14, 17.13], (350.1335, 1198.351, 2042.517)]
[54393.91, [440.4, 68.58, 28.96, 31.2, 380.63, 15.91, 324.27, 21.59, 264.32, 23.0, 206.14, 22.4, 136.16, 20.78, 71.07, 18.18], (433.7155, 996.3826, 1798.125)]
[60385.45, [440.0, 69.0, 29.0, 27.86, 354.38, 22.97, 327.35, 22.42, 282.47, 23.57, 199.14, 22.85, 133.17, 16.69, 96.63, 17.48], (455.7614, 1036.012, 1831.651)]
[70411.19, [440.4, 68.58, 28.96, 27.83, 376.78, 15.67, 334.74, 21.65, 265.62, 22.77, 202.02, 22.18, 133.17, 16.96, 95.2, 16.66], (490.4273, 1123.939, 2018.187)]
[82308.51, [440.4, 68.58, 28.96, 39.46, 387.6, 17.55, 331.49, 22.02, 266.17, 23.32, 202.07, 22.85, 131.44, 16.64, 97.23, 16.38], (530.572, 1190.756, 2016.01)]
[97886.48, [440.4, 68.58, 28.96, 49.25, 354.54, 22.3, 287.91, 20.48, 243.8, 16.45, 195.35, 18.01, 134.86, 17.72, 103.89, 19.71], (578.7093, 1308.154, 2437.161)]
[111275.05, [440.4, 68.58, 28.96, 34.06, 377.68, 15.34, 324.61, 22.42, 273.58, 22.73, 206.32, 23.01, 134.65, 16.22, 95.8, 16.83], (619.199, 1452.606, 2324.568)]

Population size: 30
Number of couples: 13
Number of kept parents: 0
Best parent kept: True
Mutation Probability: 0.3
Mutation range (x, y): 5, 0.5
Number of Parameters: 6
Length, Width, Height: [440, 69, 29]
Target Frequencies: (130.8, 523.2, 1308.0)

Written time: 11/05/2023 13:11:44