[103.53, [440.4, 68.58, 28.96, 31.2, 366.88, 16.3, 278.37, 20.86, 272.88, 22.31, 199.64, 22.71, 131.62, 16.28, 95.8, 16.44], (132.2351, 555.1282, 1301.486)]
[110.69, [440.4, 68.58, 28.96, 37.39, 370.96, 15.82, 329.59, 20.11, 268.79, 22.45, 198.76, 22.26, 134.45, 16.14, 91.06, 16.83], (131.4013, 530.4994, 1220.219)]
[115.37, [440.4, 68.58, 28.96, 29.63, 364.93, 16.52, 282.31, 20.78, 269.21, 22.47, 204.53, 22.51, 139.57, 17.14, 103.14, 17.21], (132.633, 553.1388, 1292.296)]
[115.42, [440.4, 68.58, 28.96, 37.39, 367.21, 15.5, 325.32, 20.6, 268.79, 22.45, 201.5, 22.23, 134.45, 16.3, 91.06, 16.83], (132.0238, 531.2287, 1226.189)]
[129.78, [440.4, 68.58, 28.96, 31.2, 366.88, 16.33, 278.37, 20.59, 272.88, 22.28, 199.64, 22.71, 131.62, 16.28, 103.88, 17.04], (133.0871, 559.5329, 1312.356)]
[130.66, [440.4, 68.58, 28.96, 31.2, 366.37, 16.21, 275.4, 20.86, 272.88, 22.55, 199.64, 22.4, 131.62, 16.28, 95.22, 16.83], (133.2356, 558.8561, 1304.487)]
[134.48, [440.4, 68.58, 28.96, 23.75, 374.09, 15.79, 325.32, 20.95, 263.33, 22.33, 201.07, 22.27, 132.43, 17.14, 103.14, 17.02], (130.3173, 516.3775, 1193.928)]
[144.46, [440.4, 68.58, 28.96, 30.88, 364.93, 17.0, 281.72, 20.78, 269.21, 22.07, 201.96, 22.83, 129.92, 16.12, 95.8, 16.83], (133.5009, 553.6188, 1283.974)]
[176.97, [440.4, 68.58, 28.96, 32.02, 364.93, 16.52, 281.72, 20.78, 269.21, 22.07, 201.96, 22.51, 135.19, 17.14, 95.8, 16.55], (134.9267, 553.7144, 1291.149)]
[177.05, [440.4, 68.58, 28.96, 27.52, 365.43, 16.45, 281.9, 21.05, 264.51, 22.73, 206.19, 22.98, 134.65, 16.84, 89.57, 17.18], (126.7729, 537.7762, 1248.201)]
[181.8, [440.4, 68.58, 28.96, 28.01, 369.89, 16.45, 281.9, 21.05, 264.51, 22.73, 207.94, 22.96, 132.15, 17.59, 103.14, 16.69], (125.9997, 533.5764, 1257.315)]
[200.8, [440.4, 68.58, 28.96, 37.32, 369.89, 16.56, 286.45, 21.05, 226.66, 22.58, 201.96, 22.57, 133.79, 16.84, 93.62, 17.8], (131.6116, 576.6152, 1248.045)]
[221.27, [440.4, 68.58, 28.96, 34.8, 381.05, 16.16, 278.37, 21.05, 270.49, 23.12, 203.86, 22.51, 135.19, 17.56, 103.14, 17.54], (125.026, 527.4089, 1235.998)]
[231.61, [440.4, 68.58, 28.96, 32.35, 379.65, 15.34, 287.65, 22.95, 264.51, 22.6, 207.94, 22.71, 134.65, 15.94, 95.8, 17.18], (124.7642, 523.3888, 1225.151)]
[280.19, [440.4, 68.58, 28.96, 29.63, 368.69, 16.52, 281.84, 20.71, 271.42, 22.07, 201.96, 22.51, 138.57, 16.06, 95.8, 16.74], (137.3735, 567.848, 1308.038)]
[289.76, [440.4, 68.58, 28.96, 34.15, 377.18, 16.8, 278.98, 21.19, 269.21, 23.21, 207.8, 22.75, 134.51, 17.36, 91.15, 15.11], (123.1315, 529.0307, 1245.174)]
[345.63, [440.4, 68.58, 28.96, 32.35, 379.65, 15.34, 291.55, 23.26, 226.66, 22.74, 201.96, 22.27, 133.79, 15.74, 95.8, 16.74], (121.8632, 523.3599, 1229.927)]
[365.65, [440.4, 68.58, 28.96, 38.03, 381.05, 16.51, 277.23, 21.33, 275.24, 23.45, 202.01, 22.83, 134.65, 15.75, 95.8, 16.83], (132.7393, 641.6645, 1265.515)]
[401.98, [440.0, 69.0, 29.0, 30.85, 366.44, 16.18, 332.37, 21.17, 265.31, 22.77, 200.85, 22.69, 137.35, 17.15, 106.34, 16.85], (122.8258, 501.784, 1184.739)]
[430.88, [440.4, 68.58, 28.96, 38.1, 381.05, 16.16, 276.04, 21.05, 272.44, 23.46, 203.86, 23.12, 138.25, 15.84, 95.8, 16.83], (120.0673, 539.4228, 1269.285)]
[519.76, [440.4, 68.58, 28.96, 30.92, 378.02, 16.1, 334.08, 21.76, 274.97, 22.58, 201.96, 22.51, 129.83, 16.71, 91.29, 17.4], (122.8511, 483.896, 1110.609)]
[800.31, [440.4, 68.58, 28.96, 30.4, 385.52, 18.08, 329.98, 20.7, 268.79, 23.04, 204.4, 23.21, 132.54, 16.54, 95.66, 16.83], (117.0753, 484.3098, 1113.374)]
[992.74, [440.4, 68.58, 28.96, 35.58, 372.69, 15.51, 334.37, 21.6, 270.39, 22.58, 207.42, 22.3, 138.48, 17.35, 106.04, 16.83], (125.5725, 699.3047, 1740.961)]
[1838.88, [440.4, 68.58, 28.96, 39.11, 370.96, 16.52, 281.9, 20.97, 267.9, 22.73, 204.4, 23.56, 138.66, 16.26, 96.32, 16.83], (122.07, 198.6347, 538.4734)]
[2562.91, [440, 69, 29, 40.94, 339.56, 21.45, 297.09, 20.08, 234.0, 18.84, 196.52, 18.36, 121.36, 19.52, 69.05, 20.56], (169.624, 531.8095, 1185.691)]
[3641.63, [440, 69, 29, 32.11, 365.72, 17.83, 288.96, 15.67, 264.55, 22.55, 183.14, 16.88, 120.19, 18.8, 77.72, 17.0], (178.7644, 629.5651, 1361.88)]
[7498.98, [440, 69, 29, 26.78, 344.34, 14.97, 288.28, 20.5, 247.28, 16.85, 204.47, 18.69, 110.37, 15.24, 95.0, 15.09], (208.0071, 702.4672, 1574.812)]
[54435.56, [440.0, 69.0, 29.0, 32.44, 372.32, 16.52, 281.9, 21.16, 269.78, 22.73, 205.67, 22.27, 135.32, 17.14, 104.56, 16.89], (431.4888, 1228.225, 1840.413)]
[61858.92, [440.4, 69.0, 29.0, 30.44, 350.03, 16.9, 319.14, 22.1, 251.79, 18.14, 169.28, 21.91, 135.39, 18.98, 91.34, 16.98], (457.6577, 1241.496, 2277.905)]
[75023.23, [440.4, 68.58, 28.96, 24.86, 371.5, 15.79, 325.32, 20.95, 266.37, 22.33, 204.4, 23.56, 134.65, 16.26, 96.32, 17.15], (505.9466, 1165.233, 2065.126)]

Population size: 30
Number of couples: 13
Number of kept parents: 0
Best parent kept: True
Mutation Probability: 0.3
Mutation range (x, y): 5, 0.5
Number of Parameters: 6
Length, Width, Height: [440, 69, 29]
Target Frequencies: (130.8, 523.2, 1308.0)

Written time: 11/05/2023 13:33:49