[46.93, [440.0, 69.0, 28.96, 32.64, 372.25, 15.67, 282.35, 21.73, 272.28, 22.68, 205.67, 22.51, 162.39, 22.11, 85.25, 14.74], (130.499, 535.6756, 1322.094)]
[55.74, [440.4, 68.58, 28.96, 31.58, 370.17, 16.17, 282.69, 21.2, 271.42, 22.72, 207.76, 22.51, 159.29, 22.11, 87.37, 14.83], (130.925, 538.7743, 1324.366)]
[58.41, [440.0, 69.0, 28.96, 30.87, 368.95, 16.22, 275.8, 21.44, 275.63, 22.39, 207.76, 22.56, 155.17, 22.11, 84.6, 14.98], (131.9673, 537.7521, 1317.417)]
[69.02, [440.0, 69.0, 28.96, 26.87, 371.5, 16.21, 282.35, 21.31, 272.28, 22.56, 207.07, 23.03, 162.94, 21.87, 81.36, 14.79], (128.5068, 536.7963, 1307.696)]
[83.68, [440.0, 69.0, 28.96, 26.87, 369.61, 16.49, 278.5, 21.05, 285.87, 21.72, 209.69, 22.92, 162.94, 22.43, 84.6, 14.57], (131.9601, 543.9038, 1327.422)]
[111.57, [440.0, 69.0, 28.96, 26.87, 371.5, 16.72, 281.57, 21.31, 272.28, 22.56, 209.91, 22.37, 162.94, 22.21, 81.82, 14.23], (133.7918, 542.9797, 1318.369)]
[161.13, [440.0, 69.0, 28.96, 28.65, 367.48, 15.88, 278.22, 21.78, 275.12, 22.15, 205.54, 22.51, 154.86, 21.96, 88.07, 14.3], (134.4218, 545.349, 1344.831)]
[222.71, [440.0, 69.0, 28.96, 26.73, 375.37, 16.11, 279.97, 21.09, 285.87, 22.54, 208.09, 22.19, 168.57, 22.11, 84.89, 14.74], (136.0683, 550.3838, 1341.833)]
[231.97, [440.0, 69.0, 28.96, 25.5, 371.5, 16.62, 282.35, 21.46, 285.87, 22.34, 208.09, 22.45, 168.57, 21.62, 84.89, 14.36], (136.1244, 553.0608, 1342.455)]
[254.24, [440.0, 69.0, 28.96, 26.87, 369.61, 16.51, 279.04, 20.99, 272.86, 22.65, 204.22, 22.25, 162.94, 21.56, 77.16, 14.79], (136.828, 555.3836, 1333.777)]
[473.38, [440, 69, 29, 16.37, 383.94, 20.35, 300.31, 21.66, 241.64, 22.89, 172.58, 20.8, 129.54, 18.77, 80.3, 22.22], (136.7301, 491.6553, 1057.89)]
[598.72, [440.4, 68.58, 28.96, 32.75, 373.52, 16.13, 273.34, 21.9, 282.71, 22.43, 214.46, 22.94, 146.79, 17.23, 100.58, 17.49], (141.3561, 593.2448, 1388.638)]
[635.55, [440.0, 69.0, 28.96, 42.78, 367.31, 16.61, 283.65, 21.51, 273.28, 23.03, 201.94, 22.06, 135.8, 15.89, 92.34, 17.58], (141.8665, 597.3304, 1390.084)]
[671.91, [440.4, 68.58, 28.96, 30.79, 369.44, 15.67, 282.35, 22.02, 272.28, 22.56, 206.57, 22.91, 162.94, 22.11, 68.28, 21.57], (120.9552, 462.0037, 1097.971)]
[737.09, [440.4, 68.58, 28.96, 33.82, 369.04, 16.47, 283.65, 21.05, 271.42, 23.16, 201.66, 22.08, 135.8, 15.42, 96.98, 17.58], (142.8582, 609.7336, 1410.032)]
[742.5, [440.4, 68.58, 28.96, 32.75, 373.64, 15.83, 276.92, 20.94, 285.87, 22.54, 208.09, 22.6, 168.57, 22.11, 84.89, 14.74], (132.0815, 248.9833, 1350.447)]
[917.74, [440.4, 68.58, 28.96, 33.82, 375.73, 16.61, 267.75, 21.46, 275.3, 22.57, 205.97, 22.83, 137.66, 14.99, 97.86, 16.79], (144.9249, 624.4624, 1441.731)]
[930.5, [440.0, 69.0, 28.96, 26.87, 369.61, 16.58, 279.04, 21.44, 266.0, 22.61, 210.61, 22.17, 139.82, 17.22, 93.62, 16.96], (147.0635, 602.2845, 1384.913)]
[1163.6, [440.0, 69.0, 28.96, 30.87, 368.95, 16.22, 275.8, 21.44, 275.63, 22.89, 203.45, 21.8, 135.8, 15.42, 99.43, 17.46], (148.9934, 624.7672, 1441.67)]
[1495.97, [440.0, 69.0, 28.96, 28.83, 371.5, 16.31, 275.41, 21.73, 278.48, 22.0, 215.53, 22.51, 155.94, 21.87, 81.36, 14.79], (135.8779, 268.3814, 563.5054)]
[2528.11, [440.0, 69.0, 28.96, 28.83, 371.5, 16.98, 273.48, 21.73, 278.31, 22.54, 207.76, 22.01, 159.29, 22.11, 84.6, 14.86], (137.1181, 1276.829, 1793.222)]
[2735.45, [440.4, 69.0, 28.96, 26.87, 369.61, 16.49, 279.04, 20.94, 283.18, 22.48, 208.09, 22.66, 168.57, 22.11, 84.89, 15.13], (132.255, 1214.105, 2298.64)]
[2843.61, [440, 69, 29, 40.46, 340.06, 22.54, 329.31, 22.27, 245.01, 18.21, 211.29, 17.26, 134.34, 22.57, 85.25, 18.69], (173.2397, 519.7081, 1237.885)]
[2921.66, [440.4, 68.58, 28.96, 32.75, 373.72, 15.67, 279.04, 20.94, 272.28, 22.56, 206.57, 22.67, 162.94, 22.11, 66.61, 21.57], (166.3174, 733.9492, 1586.072)]
[2981.68, [440.0, 69.0, 28.96, 26.87, 370.54, 16.28, 282.35, 21.31, 268.55, 22.56, 207.07, 22.98, 162.94, 21.87, 81.36, 14.79], (133.7607, 1310.479, 2270.537)]
[3895.98, [440, 69, 29, 12.62, 343.61, 20.06, 282.12, 17.7, 250.78, 17.56, 197.22, 22.24, 150.64, 15.02, 92.63, 16.66], (92.78067, 277.4632, 370.6256)]
[4028.22, [440.4, 68.58, 28.96, 36.85, 363.67, 16.36, 276.47, 22.01, 287.47, 21.28, 210.42, 22.51, 162.94, 22.22, 84.6, 14.87], (152.9216, 1302.086, 2348.549)]
[6113.35, [440.4, 68.58, 28.96, 32.75, 369.44, 15.67, 278.77, 22.02, 283.88, 22.59, 208.09, 22.45, 170.83, 21.9, 83.89, 14.74], (196.3594, 721.5253, 1617.275)]
[153232.21, [440.0, 69.0, 28.96, 32.64, 363.67, 16.36, 276.47, 21.59, 289.17, 22.54, 208.09, 22.45, 168.57, 22.03, 84.89, 14.31], (731.3077, 2348.372, 2821.317)]
[236208.26, [440.0, 69.0, 28.96, 26.87, 369.61, 16.49, 279.04, 20.94, 271.64, 22.39, 209.67, 21.76, 162.94, 22.43, 84.6, 14.75], (940.084, 2052.215, 3469.279)]

Population size: 30
Number of couples: 13
Number of kept parents: 0
Best parent kept: True
Mutation Probability: 0.3
Mutation range (x, y): 5, 0.5
Number of Parameters: 6
Length, Width, Height: [440, 69, 29]
Target Frequencies: (130.8, 523.2, 1308.0)

Written time: 11/05/2023 17:39:05