[87.76, [440.4, 68.58, 28.96, 33.78, 367.22, 16.49, 274.19, 21.44, 274.78, 22.51, 201.52, 22.33, 135.8, 17.14, 96.81, 16.67], (131.6067, 545.3793, 1282.93)]
[99.67, [440.4, 68.58, 28.96, 38.59, 367.21, 15.49, 322.04, 20.57, 271.12, 22.07, 201.13, 22.44, 137.26, 17.14, 96.81, 16.97], (131.7993, 527.462, 1228.979)]
[107.95, [440.4, 68.58, 28.96, 35.89, 374.54, 16.55, 278.37, 21.44, 276.2, 22.58, 199.64, 22.33, 136.44, 16.62, 95.8, 16.85], (132.1179, 544.7183, 1268.974)]
[108.04, [440.4, 68.58, 28.96, 32.68, 365.01, 16.1, 278.37, 21.22, 276.2, 22.58, 202.54, 22.33, 136.76, 16.67, 93.23, 17.13], (132.3673, 550.8765, 1288.771)]
[109.27, [440.4, 68.58, 28.96, 30.28, 362.19, 15.92, 284.34, 20.61, 269.21, 22.99, 204.13, 22.53, 134.45, 16.27, 95.8, 16.44], (129.5491, 558.626, 1314.715)]
[119.87, [440.4, 68.58, 28.96, 35.89, 367.21, 15.23, 321.02, 21.21, 272.21, 22.07, 201.13, 22.49, 134.99, 17.24, 95.8, 16.55], (129.7501, 517.261, 1213.736)]
[133.38, [440.4, 68.58, 28.96, 32.75, 366.81, 15.82, 273.41, 20.88, 279.01, 22.97, 200.72, 22.6, 135.08, 16.57, 89.3, 17.23], (127.7577, 546.3159, 1285.474)]
[167.77, [440.4, 68.58, 28.96, 35.89, 371.87, 15.57, 327.59, 20.75, 273.17, 21.79, 205.96, 22.44, 135.89, 17.0, 91.53, 16.95], (133.9889, 525.0954, 1201.916)]
[216.63, [440.0, 69.0, 29.0, 50.64, 336.1, 16.65, 278.37, 20.8, 276.2, 23.13, 203.68, 22.45, 136.44, 16.67, 95.8, 16.55], (129.1738, 567.1228, 1394.085)]
[246.39, [440.4, 68.58, 28.96, 29.63, 364.85, 16.46, 281.32, 20.55, 271.42, 22.33, 204.13, 22.53, 135.39, 15.84, 95.8, 17.03], (136.1564, 569.8781, 1313.722)]
[282.4, [440.4, 68.58, 28.96, 29.63, 366.06, 16.46, 281.32, 20.58, 271.42, 22.33, 204.13, 22.53, 132.7, 15.52, 99.15, 16.55], (136.4566, 573.9863, 1328.904)]
[285.13, [440.4, 68.58, 28.96, 33.04, 364.28, 16.45, 278.37, 21.44, 279.99, 22.58, 199.64, 21.65, 133.79, 15.72, 90.19, 17.03], (137.6591, 563.2389, 1302.606)]
[402.78, [440.4, 68.58, 28.96, 29.63, 367.79, 16.73, 282.88, 20.71, 271.42, 22.63, 201.15, 22.53, 134.45, 15.84, 95.8, 16.58], (140.6384, 490.4622, 1295.66)]
[420.09, [440.4, 68.58, 28.96, 27.45, 372.49, 16.06, 335.47, 20.95, 270.67, 22.71, 196.96, 22.49, 129.47, 16.84, 97.27, 16.25], (123.4476, 495.3246, 1156.958)]
[767.19, [440.4, 68.58, 28.96, 29.3, 365.98, 16.06, 274.7, 21.22, 276.2, 22.58, 202.54, 22.33, 136.26, 16.2, 90.99, 16.55], (133.1187, 239.4869, 1330.597)]
[913.49, [440.4, 68.58, 28.96, 30.07, 367.91, 15.8, 326.91, 20.75, 275.25, 21.79, 201.13, 22.44, 135.89, 17.0, 93.0, 17.11], (133.7606, 542.2458, 2122.931)]
[961.59, [440.4, 68.58, 28.96, 26.78, 366.88, 15.79, 322.71, 20.79, 260.57, 23.31, 205.73, 21.77, 132.38, 15.72, 92.23, 16.44], (128.1008, 206.0341, 1183.675)]
[999.72, [440, 69, 29, 54.19, 348.69, 21.09, 328.29, 14.56, 267.82, 15.44, 192.81, 21.86, 160.09, 22.27, 102.25, 22.63], (149.3937, 585.3177, 1265.343)]
[1079.62, [440.4, 68.58, 28.96, 34.63, 367.32, 17.96, 324.56, 21.98, 247.6, 21.99, 194.89, 17.86, 151.83, 15.37, 95.8, 16.22], (150.8368, 584.2903, 1278.002)]
[1324.21, [440.4, 68.58, 28.96, 31.73, 369.75, 16.83, 281.93, 20.62, 270.61, 22.9, 206.84, 22.53, 134.45, 22.38, 86.36, 20.78], (112.0007, 430.4706, 1030.713)]
[2899.11, [440.4, 68.58, 28.96, 31.66, 367.22, 16.49, 274.19, 21.08, 277.58, 22.51, 201.52, 22.7, 135.08, 17.0, 97.84, 16.95], (172.2496, 608.5493, 1325.15)]
[7910.19, [440.0, 69.0, 29.0, 16.56, 381.59, 19.95, 319.48, 16.52, 255.56, 14.95, 171.71, 20.11, 131.88, 16.87, 89.3, 16.95], (213.1102, 664.1527, 1398.215)]
[8269.73, [440, 69, 29, 42.09, 353.75, 14.93, 276.03, 21.76, 241.95, 14.68, 172.13, 15.04, 164.62, 18.66, 71.52, 18.18], (214.8957, 657.3936, 1530.36)]
[22816.42, [440.4, 68.58, 28.96, 18.03, 381.59, 19.95, 321.84, 16.52, 255.56, 15.4, 171.71, 20.11, 136.59, 17.14, 96.81, 16.67], (298.1699, 840.0811, 1679.319)]
[68613.84, [440.4, 68.58, 28.96, 28.51, 366.06, 16.55, 281.32, 20.55, 271.42, 22.81, 202.15, 22.25, 132.93, 16.27, 88.65, 15.95], (481.8213, 1298.051, 2218.9)]
[73428.36, [440, 69, 29, 44.69, 346.46, 16.51, 298.49, 20.9, 223.31, 15.87, 184.96, 16.62, 164.7, 15.12, 102.69, 15.21], (492.5729, 1701.496, 2980.224)]
[84931.52, [440.0, 69.0, 29.0, 30.28, 361.36, 15.88, 288.1, 20.61, 269.21, 22.81, 204.13, 22.53, 138.14, 16.01, 95.8, 16.55], (537.3501, 1315.117, 2286.675)]
[85485.58, [440.4, 68.58, 28.96, 26.78, 366.88, 15.79, 319.53, 20.79, 260.57, 22.83, 205.73, 21.84, 133.04, 16.2, 92.32, 16.03], (540.2461, 1231.893, 2171.348)]
[192491.04, [440.4, 68.58, 28.96, 31.31, 357.89, 15.88, 284.34, 20.61, 269.21, 22.81, 204.13, 22.53, 136.77, 16.27, 97.52, 16.07], (840.4992, 1405.406, 2528.378)]
[361399.39, [440.4, 68.58, 28.96, 33.78, 367.22, 16.49, 274.19, 21.0, 274.58, 22.58, 202.54, 22.33, 135.62, 17.17, 93.11, 16.36], (1215.687, 1866.218, 2013.857)]

Population size: 30
Number of couples: 13
Number of kept parents: 0
Best parent kept: True
Mutation Probability: 0.3
Mutation range (x, y): 5, 0.5
Number of Parameters: 6
Length, Width, Height: [440, 69, 29]
Target Frequencies: (130.8, 523.2, 1308.0)

Written time: 11/05/2023 14:20:03