[28.03, [440.0, 68.58, 28.96, 38.66, 381.38, 15.33, 277.59, 22.36, 281.41, 22.0, 203.38, 22.34, 155.14, 22.65, 93.91, 15.02], (131.6696, 521.9862, 1324.888)]
[61.42, [440.0, 69.0, 28.96, 42.68, 380.09, 16.05, 282.2, 22.12, 281.53, 22.55, 212.27, 22.06, 158.23, 22.67, 85.67, 15.15], (130.715, 514.6714, 1268.151)]
[64.17, [440.0, 69.0, 29.0, 37.89, 381.38, 15.33, 277.99, 22.39, 275.54, 22.46, 207.97, 22.06, 154.88, 22.35, 87.92, 15.02], (133.5247, 527.1905, 1298.782)]
[76.03, [440.0, 68.58, 28.96, 39.02, 381.11, 15.33, 277.99, 22.39, 277.46, 22.55, 211.05, 22.0, 154.88, 22.06, 91.74, 15.14], (133.8768, 531.0215, 1310.505)]
[78.64, [440.0, 68.58, 28.96, 37.64, 384.61, 16.29, 276.92, 20.94, 280.18, 22.94, 199.89, 22.34, 154.2, 22.65, 93.27, 14.96], (127.7458, 520.2905, 1290.014)]
[111.52, [440.0, 69.0, 28.96, 20.32, 367.42, 16.49, 280.28, 21.14, 280.34, 22.68, 207.78, 23.02, 159.84, 22.18, 88.74, 14.82], (126.5068, 530.1853, 1313.104)]
[115.63, [440.0, 68.58, 28.96, 37.29, 385.61, 16.17, 276.58, 21.99, 268.36, 22.86, 209.01, 23.26, 154.48, 20.2, 83.19, 14.7], (127.4222, 541.878, 1301.145)]
[148.48, [440.0, 68.58, 28.96, 35.44, 376.48, 15.77, 278.07, 19.58, 262.75, 22.87, 204.08, 23.08, 151.05, 21.93, 90.13, 15.72], (127.7494, 549.0179, 1338.657)]
[148.84, [440.0, 68.58, 28.96, 31.96, 377.8, 16.17, 276.58, 22.59, 270.91, 22.86, 205.85, 22.97, 150.18, 20.2, 60.09, 15.46], (127.2508, 520.4511, 1232.894)]
[157.06, [440.0, 68.58, 28.96, 35.44, 376.4, 16.17, 280.73, 20.37, 275.43, 22.71, 209.71, 22.35, 155.57, 22.18, 94.13, 14.72], (133.4665, 550.3327, 1353.685)]
[185.65, [440.0, 68.58, 28.96, 28.41, 377.8, 16.3, 285.08, 22.12, 281.53, 22.24, 206.84, 22.34, 150.09, 23.06, 89.15, 15.02], (127.9311, 499.1743, 1231.01)]
[265.61, [440.0, 68.58, 28.96, 35.44, 381.38, 16.17, 276.58, 22.19, 275.33, 22.65, 209.71, 21.87, 157.8, 21.5, 60.09, 19.64], (132.6945, 492.1392, 1146.12)]
[280.3, [440.0, 68.58, 28.96, 31.96, 374.88, 16.17, 276.58, 22.44, 270.91, 22.86, 205.85, 22.28, 160.91, 21.78, 91.85, 20.52], (127.0905, 489.7896, 1182.673)]
[782.88, [440.0, 68.58, 28.96, 34.78, 381.11, 15.75, 286.58, 20.36, 267.82, 22.71, 204.21, 21.91, 159.51, 22.18, 86.06, 14.31], (137.8665, 542.5409, 761.3178)]
[2185.6, [440.0, 68.58, 28.96, 38.66, 381.38, 15.33, 277.59, 22.39, 281.41, 21.87, 203.38, 22.49, 151.97, 21.3, 84.44, 14.66], (142.0699, 871.0044, 2245.747)]
[2394.37, [440.0, 68.58, 28.96, 36.93, 379.38, 15.91, 276.58, 22.63, 280.63, 22.61, 211.74, 22.37, 155.38, 21.4, 84.44, 14.33], (132.1943, 1100.401, 2242.907)]
[2923.65, [440.0, 68.58, 28.96, 50.84, 350.33, 21.22, 326.89, 20.36, 278.67, 22.23, 199.01, 21.87, 168.47, 21.7, 86.87, 15.56], (158.5479, 279.5794, 455.0593)]
[3014.85, [440, 69, 29, 22.46, 362.47, 18.55, 282.77, 20.34, 228.67, 22.67, 212.16, 14.69, 124.51, 21.58, 102.35, 20.36], (174.0757, 585.859, 1319.344)]
[3312.28, [440, 69, 29, 15.02, 365.3, 18.46, 280.19, 21.38, 249.77, 18.18, 185.31, 19.79, 140.64, 21.33, 77.65, 19.23], (177.5222, 566.0554, 1296.487)]
[5058.16, [440.0, 68.58, 28.96, 35.44, 376.4, 15.88, 284.2, 20.37, 275.43, 22.97, 209.71, 22.35, 155.57, 21.79, 91.27, 20.2], (81.97364, 129.0626, 646.9721)]
[11867.43, [440.0, 68.58, 28.96, 40.22, 381.27, 16.17, 276.58, 22.44, 270.91, 22.86, 205.85, 21.91, 159.51, 22.18, 90.22, 14.72], (222.2019, 1349.063, 2372.353)]
[60163.88, [440, 69, 29, 31.2, 346.06, 22.99, 329.82, 18.01, 239.9, 22.64, 200.28, 20.8, 130.77, 19.38, 94.8, 15.67], (451.895, 1234.307, 2156.698)]
[77441.33, [440.0, 68.58, 28.96, 45.94, 384.81, 15.91, 280.42, 21.99, 268.36, 22.86, 207.76, 22.35, 154.83, 22.18, 90.22, 14.77], (512.2643, 1298.744, 2306.25)]
[80103.95, [440.0, 68.58, 28.96, 36.93, 382.97, 15.91, 278.27, 22.63, 280.63, 22.71, 212.47, 22.37, 155.38, 21.63, 84.16, 14.75], (521.6598, 1272.651, 2264.658)]
[81713.23, [440.0, 68.58, 28.96, 38.38, 381.11, 15.82, 284.35, 20.76, 276.22, 22.71, 207.52, 21.88, 154.88, 22.61, 90.56, 15.07], (526.5368, 1311.439, 2326.179)]
[82074.84, [440.0, 68.58, 28.96, 34.39, 376.33, 16.25, 290.46, 20.76, 274.59, 22.23, 212.71, 22.35, 151.8, 22.18, 88.45, 15.2], (528.0337, 1302.352, 2263.416)]
[85879.96, [440.0, 68.58, 28.96, 36.6, 381.38, 15.82, 282.41, 20.76, 280.52, 23.15, 202.93, 21.43, 161.29, 22.18, 86.89, 15.15], (540.1976, 1329.116, 2337.398)]
[143652.58, [440.0, 68.58, 28.96, 35.44, 381.38, 16.17, 276.58, 21.99, 264.32, 22.86, 206.9, 22.35, 154.83, 22.18, 89.89, 15.2], (711.3645, 1637.686, 2287.889)]
[165572.75, [440.0, 68.58, 28.96, 41.51, 381.38, 15.33, 277.59, 22.39, 281.24, 21.87, 203.38, 22.34, 153.27, 22.51, 93.27, 14.52], (771.582, 1429.942, 2408.442)]
[351291.24, [440.0, 68.58, 28.96, 37.96, 381.11, 15.75, 286.58, 20.77, 267.2, 22.71, 204.21, 22.97, 150.18, 20.2, 60.09, 15.74], (1191.568, 2159.21, 3023.089)]

Population size: 30
Number of couples: 13
Number of kept parents: 0
Best parent kept: True
Mutation Probability: 0.3
Mutation range (x, y): 5, 0.5
Number of Parameters: 6
Length, Width, Height: [440, 69, 29]
Target Frequencies: (130.8, 523.2, 1308.0)

Written time: 12/05/2023 17:22:39