[216.03, [440.4, 68.58, 28.96, 54.07, 347.13, 15.54, 324.62, 15.57, 260.64, 19.81, 170.25, 23.48, 108.22, 21.88, 62.08, 22.67], (133.3835, 512.0004, 1144.567)]
[230.44, [440.4, 68.58, 28.96, 39.16, 330.75, 14.62, 315.89, 16.12, 277.46, 21.4, 167.2, 22.24, 130.73, 22.37, 62.68, 22.54], (134.2919, 497.1908, 1168.639)]
[344.85, [440.4, 68.58, 28.96, 38.68, 381.16, 14.77, 321.15, 20.84, 265.64, 19.41, 173.0, 23.62, 113.02, 21.41, 62.47, 22.84], (131.8508, 472.877, 1024.226)]
[453.08, [440.4, 68.58, 28.96, 19.88, 353.4, 19.21, 292.29, 15.68, 274.42, 21.24, 169.04, 22.62, 127.0, 21.84, 61.61, 15.21], (142.3342, 560.0275, 1282.893)]
[486.18, [440.4, 68.58, 28.96, 44.5, 382.39, 17.19, 292.02, 21.18, 259.58, 19.41, 173.0, 23.15, 108.18, 21.2, 64.83, 22.84], (137.3958, 478.2193, 1035.876)]
[496.42, [440.4, 68.58, 28.96, 54.07, 345.65, 15.34, 324.34, 21.35, 273.47, 21.88, 202.54, 22.43, 124.74, 16.84, 58.97, 22.29], (141.5456, 529.2247, 1169.287)]
[522.3, [440.4, 68.58, 28.96, 38.68, 385.49, 15.39, 324.34, 21.15, 269.43, 21.88, 202.24, 22.42, 124.74, 17.01, 90.78, 15.11], (143.9491, 563.3825, 1302.062)]
[597.59, [440.4, 68.58, 28.96, 42.4, 334.77, 14.62, 320.43, 16.29, 263.69, 19.58, 177.41, 22.7, 108.18, 21.41, 64.83, 23.17], (143.865, 532.6912, 1191.513)]
[627.92, [440.4, 68.58, 28.96, 54.07, 347.51, 15.3, 321.06, 21.35, 273.74, 21.85, 201.56, 22.12, 127.34, 16.84, 67.08, 22.54], (140.5398, 343.42, 1163.399)]
[788.86, [440.4, 68.58, 28.96, 16.52, 358.19, 18.99, 292.59, 21.18, 259.58, 19.72, 173.0, 23.15, 110.9, 21.41, 64.83, 22.84], (136.8755, 149.9173, 1041.88)]
[808.38, [440.4, 68.58, 28.96, 18.12, 358.19, 19.21, 292.59, 20.88, 256.17, 21.88, 202.24, 22.43, 122.78, 16.84, 90.78, 16.75], (148.4895, 579.1547, 1317.423)]
[849.25, [440.4, 68.58, 28.96, 27.82, 342.53, 19.04, 326.99, 21.12, 257.18, 21.85, 214.9, 19.65, 111.74, 22.17, 57.74, 22.54], (144.7175, 460.0214, 1040.595)]
[879.47, [440.4, 68.58, 28.96, 26.72, 351.37, 15.69, 324.34, 21.8, 265.58, 21.49, 198.05, 21.95, 127.0, 17.17, 88.96, 17.24], (149.7544, 568.6368, 1317.852)]
[932.14, [440.4, 68.58, 28.96, 38.68, 384.57, 15.14, 324.34, 21.15, 269.43, 21.88, 202.24, 23.15, 106.1, 21.88, 62.31, 22.92], (117.9504, 423.2214, 937.328)]
[938.83, [440.4, 68.58, 28.96, 27.77, 351.01, 19.1, 326.99, 21.12, 257.18, 21.85, 217.07, 19.23, 111.74, 22.28, 57.74, 22.84], (146.0057, 455.7337, 1028.999)]
[1201.0, [440.4, 68.58, 28.96, 26.72, 351.37, 18.96, 323.36, 21.12, 256.69, 21.85, 218.74, 19.23, 110.57, 22.28, 95.36, 17.32], (153.6765, 516.7986, 1206.821)]
[2228.95, [440.4, 68.58, 28.96, 40.32, 377.44, 17.59, 291.09, 22.13, 225.92, 18.4, 188.77, 20.8, 147.23, 21.24, 86.36, 17.28], (167.0522, 561.1551, 1317.617)]
[2402.32, [440.4, 68.58, 28.96, 38.68, 383.94, 14.92, 322.29, 15.32, 257.0, 18.94, 177.11, 22.43, 129.13, 19.52, 86.6, 20.59], (167.5658, 629.2298, 1376.365)]
[2421.95, [440.4, 68.58, 28.96, 27.09, 347.13, 18.96, 327.7, 21.12, 252.94, 21.85, 218.93, 18.98, 113.1, 17.18, 85.76, 17.75], (168.6504, 600.9968, 1324.88)]
[3076.93, [440.4, 68.58, 28.96, 34.0, 381.16, 14.96, 324.25, 15.29, 263.57, 19.41, 173.0, 22.63, 124.74, 16.84, 90.78, 16.75], (172.9308, 672.1644, 1502.778)]
[3391.15, [440.4, 68.58, 28.96, 19.75, 355.37, 19.04, 292.33, 15.68, 274.42, 21.24, 166.6, 22.64, 127.0, 16.98, 83.84, 16.79], (157.6767, 1408.168, 2422.008)]
[3391.42, [440.4, 68.58, 28.96, 52.57, 372.88, 15.05, 327.59, 15.37, 266.07, 21.08, 214.44, 18.74, 113.1, 21.45, 53.32, 16.75], (178.1598, 607.7118, 1357.205)]
[3598.85, [440.4, 68.58, 28.96, 19.12, 358.19, 18.99, 292.59, 19.81, 252.61, 17.47, 173.41, 22.1, 125.33, 19.52, 67.98, 22.75], (170.9298, 214.33, 559.1123)]
[3932.6, [440.4, 68.58, 28.96, 19.64, 338.11, 16.4, 320.54, 21.69, 269.84, 19.7, 196.88, 20.61, 160.34, 15.91, 84.13, 19.26], (182.3169, 642.0299, 1425.708)]
[8849.38, [440.4, 68.58, 28.96, 16.66, 380.29, 21.54, 307.0, 15.25, 239.54, 15.4, 201.49, 18.16, 131.32, 18.67, 81.72, 22.96], (221.7514, 652.2793, 1356.453)]
[10309.01, [440.4, 68.58, 28.96, 10.67, 331.94, 15.0, 309.13, 19.47, 228.59, 16.68, 201.21, 17.5, 157.27, 19.24, 63.02, 14.81], (229.0457, 740.4962, 1663.814)]
[12580.97, [440.4, 68.58, 28.96, 39.16, 334.77, 14.62, 320.43, 16.12, 277.46, 21.21, 171.95, 22.64, 130.73, 22.06, 95.23, 16.85], (21.14477, 143.6381, 591.5152)]
[17979.36, [440.4, 68.58, 28.96, 19.12, 358.19, 19.43, 297.17, 21.18, 281.82, 21.4, 169.04, 22.64, 130.71, 22.05, 64.79, 22.54], (273.604, 919.1159, 1828.788)]
[70812.1, [440.4, 68.58, 28.96, 36.81, 382.12, 17.37, 293.35, 19.47, 252.61, 17.24, 169.79, 23.46, 108.18, 22.32, 62.31, 23.12], (495.4458, 1053.43, 1962.106)]
[81858.26, [440.4, 68.58, 28.96, 43.77, 382.12, 17.27, 293.35, 19.47, 252.61, 17.24, 173.41, 22.41, 125.33, 19.52, 82.44, 20.59], (530.9728, 1291.519, 2350.18)]

Population size: 30
Number of couples: 13
Number of kept parents: 0
Best parent kept: True
Mutation Probability: 0.3
Mutation range (x, y): 5, 0.5
Number of Parameters: 6

Written time: 25/03/2023 15:20:49