[83.27, [440.4, 68.58, 28.96, 33.42, 362.09, 16.45, 277.36, 21.35, 279.99, 22.36, 205.72, 22.64, 135.39, 16.81, 95.8, 16.78], (131.3789, 547.7613, 1290.541)]
[86.15, [440.4, 68.58, 28.96, 29.9, 367.79, 16.59, 274.19, 21.72, 278.84, 22.54, 203.71, 22.51, 135.8, 16.8, 96.81, 16.74], (130.178, 541.633, 1272.841)]
[86.86, [440.4, 68.58, 28.96, 29.9, 367.79, 16.59, 274.19, 21.72, 278.84, 22.51, 203.49, 22.51, 135.8, 16.8, 96.81, 17.01], (130.3319, 540.6902, 1268.067)]
[105.53, [440.0, 69.0, 28.96, 33.78, 371.5, 16.49, 282.88, 20.71, 271.42, 22.63, 201.3, 22.53, 133.38, 16.03, 96.81, 16.74], (131.7052, 554.9219, 1290.39)]
[106.56, [440.0, 69.0, 29.0, 27.07, 369.75, 17.12, 277.21, 21.03, 274.64, 22.51, 194.67, 22.33, 135.8, 17.14, 93.95, 16.65], (132.0499, 540.661, 1259.067)]
[127.9, [440.4, 68.58, 28.96, 32.64, 364.63, 16.1, 278.37, 21.02, 269.03, 22.46, 201.52, 22.33, 135.8, 17.14, 89.95, 16.67], (133.1582, 551.3529, 1286.694)]
[135.08, [440.0, 69.0, 29.0, 47.7, 337.5, 16.65, 275.16, 21.22, 276.2, 22.84, 197.92, 22.39, 135.8, 17.47, 93.95, 17.1], (128.9157, 550.3216, 1349.411)]
[150.67, [440.4, 68.58, 28.96, 28.9, 372.19, 16.83, 281.93, 21.03, 273.36, 22.45, 203.66, 22.33, 133.97, 16.52, 96.81, 16.74], (133.5897, 548.7392, 1267.774)]
[151.76, [440.4, 68.58, 29.0, 50.92, 339.43, 16.96, 278.37, 21.07, 273.21, 23.13, 165.13, 19.76, 141.16, 21.37, 75.41, 16.97], (133.436, 509.0159, 1234.5)]
[156.8, [440.4, 68.58, 28.96, 33.42, 364.28, 16.13, 277.67, 21.44, 275.58, 22.36, 206.63, 22.2, 136.75, 17.25, 95.8, 16.55], (134.59, 552.2884, 1297.709)]
[171.88, [440.4, 68.58, 28.96, 31.73, 372.19, 16.83, 281.93, 20.91, 276.2, 22.61, 202.01, 22.01, 136.31, 16.67, 96.77, 16.4], (134.5231, 552.5067, 1281.223)]
[172.69, [440.4, 68.58, 28.96, 32.75, 370.68, 16.49, 278.72, 21.44, 270.0, 22.51, 204.59, 22.06, 135.8, 16.8, 88.26, 16.25], (134.4272, 550.6776, 1273.081)]
[184.95, [440.4, 68.58, 28.96, 33.3, 369.75, 16.83, 280.97, 21.03, 270.14, 22.51, 202.54, 23.15, 140.61, 17.0, 91.44, 16.57], (125.9828, 536.672, 1262.457)]
[185.26, [440.0, 69.0, 29.0, 47.7, 341.3, 16.65, 275.16, 21.28, 272.6, 22.63, 199.33, 22.53, 133.38, 16.28, 96.81, 16.97], (131.6748, 567.3395, 1374.73)]
[194.17, [440.4, 68.58, 28.96, 33.82, 366.81, 17.07, 278.37, 21.22, 282.77, 22.95, 201.97, 22.77, 141.43, 16.2, 93.95, 17.02], (125.7216, 539.6546, 1269.411)]
[265.99, [440.0, 69.0, 29.0, 50.64, 336.1, 15.82, 273.41, 20.69, 281.98, 22.66, 200.78, 23.09, 133.95, 16.69, 94.03, 16.67], (127.0272, 562.7414, 1401.857)]
[302.85, [440.4, 68.58, 28.96, 34.56, 367.65, 16.49, 287.48, 20.71, 271.89, 22.84, 202.54, 23.15, 136.87, 17.0, 88.6, 16.55], (122.7369, 527.7091, 1245.378)]
[330.79, [440.4, 68.58, 28.96, 47.7, 337.5, 16.65, 275.16, 20.81, 276.2, 22.97, 202.54, 23.15, 139.99, 17.0, 91.44, 16.95], (123.0048, 550.0681, 1353.979)]
[446.23, [440.0, 69.0, 29.0, 43.28, 355.61, 20.76, 286.05, 21.71, 266.39, 16.59, 199.94, 22.47, 136.79, 22.38, 88.47, 20.78], (133.7273, 466.7392, 1053.008)]
[742.85, [440.4, 68.58, 29.0, 47.93, 339.43, 16.92, 278.37, 21.07, 273.21, 22.91, 203.68, 22.45, 134.45, 22.38, 88.47, 16.75], (115.2638, 513.8344, 1200.939)]
[822.19, [440.0, 69.0, 28.96, 33.07, 362.9, 17.96, 325.27, 22.16, 245.85, 22.26, 194.89, 17.86, 151.83, 15.58, 96.81, 16.53], (146.8922, 576.8121, 1265.381)]
[1035.99, [440, 69, 29, 36.04, 331.66, 15.23, 310.25, 17.57, 242.16, 20.78, 176.79, 22.21, 120.02, 17.86, 66.68, 17.38], (150.2488, 585.0475, 1331.665)]
[2123.9, [440.4, 68.58, 28.96, 29.63, 365.59, 19.52, 325.23, 14.54, 271.14, 22.51, 196.93, 18.06, 136.98, 20.44, 85.73, 18.18], (164.6755, 569.0153, 1270.28)]
[2178.27, [440.0, 69.0, 29.0, 49.46, 374.89, 19.44, 329.86, 19.52, 232.69, 21.9, 180.34, 16.3, 118.81, 16.66, 109.66, 16.98], (164.5632, 600.7181, 1285.374)]
[2551.38, [440.0, 69.0, 29.0, 32.22, 360.62, 16.45, 277.36, 21.44, 279.99, 22.4, 205.72, 22.44, 136.75, 16.81, 95.8, 16.55], (133.9712, 1221.215, 2057.874)]
[2747.86, [440.4, 68.58, 29.0, 44.97, 334.07, 16.65, 275.16, 21.22, 280.32, 22.84, 204.66, 23.15, 136.87, 17.33, 89.93, 16.95], (123.4657, 1126.951, 2347.851)]
[4610.23, [440, 69, 29, 36.08, 333.97, 14.55, 297.16, 20.16, 249.96, 17.24, 217.82, 14.58, 163.86, 22.51, 66.04, 18.69], (187.8297, 602.5434, 1413.097)]
[6075.98, [440, 69, 29, 51.57, 336.85, 17.41, 276.21, 20.3, 266.66, 18.87, 169.83, 15.98, 148.61, 17.52, 83.81, 19.2], (198.5596, 652.2294, 1483.69)]
[79308.98, [440.4, 68.58, 28.96, 31.73, 372.19, 16.83, 281.93, 21.03, 273.36, 22.46, 201.52, 22.1, 137.23, 17.14, 91.84, 20.6], (520.5125, 1164.028, 2081.229)]
[82324.03, [440.4, 68.58, 28.96, 29.9, 367.79, 16.39, 272.48, 21.72, 276.67, 22.51, 203.71, 22.51, 140.29, 17.33, 91.84, 16.47], (529.3885, 1256.924, 2220.798)]

Population size: 30
Number of couples: 13
Number of kept parents: 0
Best parent kept: True
Mutation Probability: 0.3
Mutation range (x, y): 5, 0.5
Number of Parameters: 6
Length, Width, Height: [440, 69, 29]
Target Frequencies: (130.8, 523.2, 1308.0)

Written time: 11/05/2023 14:43:42