[83.02, [440.0, 69.0, 28.96, 30.7, 371.5, 16.49, 279.97, 21.44, 274.8, 22.39, 207.76, 22.51, 159.29, 22.11, 84.6, 14.47], (132.8566, 540.1139, 1319.242)]
[134.16, [440.4, 68.58, 28.96, 29.14, 371.5, 16.49, 276.73, 21.44, 279.67, 22.15, 205.54, 22.51, 162.94, 22.14, 84.6, 14.74], (134.2456, 544.0955, 1325.967)]
[166.13, [440.4, 68.58, 28.96, 29.14, 371.5, 16.49, 278.64, 21.85, 283.14, 22.79, 206.46, 23.26, 129.54, 16.37, 94.14, 17.42], (132.9546, 565.8647, 1335.841)]
[198.09, [440.4, 69.0, 28.96, 39.87, 368.94, 16.49, 278.64, 21.48, 279.67, 21.82, 203.91, 22.51, 162.94, 22.11, 84.6, 14.74], (135.6069, 547.7662, 1339.288)]
[210.52, [440.0, 69.0, 28.96, 25.23, 364.45, 16.12, 278.95, 21.7, 283.14, 22.79, 205.49, 22.92, 129.54, 17.27, 95.94, 17.11], (135.5434, 554.0921, 1337.979)]
[244.1, [440.0, 68.58, 28.96, 29.14, 371.5, 16.49, 275.44, 20.94, 284.05, 22.15, 203.42, 22.45, 165.18, 22.11, 86.9, 14.74], (136.0329, 554.8094, 1353.368)]
[247.66, [440.0, 69.0, 28.96, 26.87, 365.01, 16.12, 279.15, 21.44, 279.67, 22.15, 202.38, 22.51, 162.94, 21.7, 84.6, 14.85], (136.1705, 553.7658, 1354.792)]
[549.27, [440.0, 69.0, 28.96, 24.34, 362.26, 15.99, 278.95, 21.7, 284.21, 22.79, 209.51, 23.2, 129.54, 14.97, 98.57, 16.29], (138.3714, 605.753, 1442.554)]
[577.38, [440.0, 69.0, 28.96, 34.15, 373.52, 16.88, 286.45, 20.75, 271.42, 22.65, 217.15, 22.91, 132.4, 16.96, 97.86, 16.79], (141.3383, 592.3082, 1370.508)]
[700.31, [440.4, 68.58, 28.96, 32.75, 372.99, 15.83, 278.52, 21.44, 270.08, 22.56, 205.29, 22.4, 136.01, 17.42, 100.58, 16.96], (143.2262, 593.6147, 1394.243)]
[717.51, [440.4, 68.58, 28.96, 33.82, 370.45, 16.61, 272.41, 20.74, 284.12, 22.81, 203.51, 22.83, 137.88, 15.4, 93.62, 17.42], (142.0212, 613.1804, 1424.666)]
[778.16, [440.4, 68.58, 28.96, 31.42, 376.68, 16.85, 277.74, 21.57, 279.67, 22.38, 203.08, 22.25, 129.63, 16.65, 98.51, 16.79], (145.3222, 589.082, 1368.041)]
[799.19, [440.0, 69.0, 28.96, 32.64, 363.67, 16.36, 276.88, 21.59, 286.77, 22.14, 209.69, 22.77, 135.39, 16.81, 97.86, 17.35], (144.732, 596.7747, 1403.238)]
[845.23, [440.4, 68.58, 28.96, 29.43, 366.57, 16.59, 278.16, 21.67, 279.59, 22.41, 214.46, 22.51, 144.38, 17.23, 100.58, 17.49], (145.6167, 598.7278, 1394.082)]
[850.03, [440.4, 68.58, 28.96, 29.88, 367.02, 16.36, 273.5, 21.59, 282.57, 22.14, 212.1, 23.06, 139.27, 16.32, 97.86, 16.73], (144.5992, 610.4417, 1427.326)]
[869.5, [440.0, 68.58, 28.96, 32.85, 362.28, 17.09, 275.81, 21.67, 276.56, 22.51, 211.76, 22.51, 144.38, 17.27, 100.58, 15.82], (144.852, 608.2848, 1438.034)]
[871.98, [440.0, 69.0, 28.96, 30.21, 362.26, 16.58, 272.25, 21.28, 278.84, 22.14, 209.09, 22.91, 135.81, 16.88, 97.28, 16.83], (145.1585, 607.5295, 1425.074)]
[942.57, [440.0, 69.0, 28.96, 33.82, 370.45, 17.07, 272.41, 20.34, 283.34, 22.56, 203.51, 22.83, 135.69, 15.4, 100.39, 16.96], (145.2587, 623.5792, 1449.833)]
[954.58, [440.4, 68.58, 28.96, 29.9, 363.67, 16.36, 270.68, 21.59, 283.8, 21.96, 212.1, 23.14, 139.27, 16.32, 97.86, 16.45], (145.7634, 617.2589, 1448.614)]
[1053.95, [440.4, 69.0, 28.96, 30.21, 366.97, 15.65, 276.99, 21.42, 283.14, 22.47, 208.24, 22.32, 139.14, 16.31, 92.93, 17.47], (148.0729, 612.2349, 1421.491)]
[1059.42, [440.0, 69.0, 28.96, 31.7, 366.57, 17.05, 274.58, 21.72, 275.95, 22.54, 203.71, 22.81, 139.16, 16.8, 96.07, 15.88], (140.3504, 709.0086, 1607.76)]
[1436.71, [440.0, 69.0, 28.96, 34.79, 358.7, 16.31, 277.56, 21.36, 278.84, 22.06, 203.76, 22.23, 135.8, 15.89, 98.57, 16.96], (152.4889, 628.7689, 1470.703)]
[3452.11, [440.4, 68.58, 28.96, 30.25, 371.5, 16.28, 283.65, 20.75, 271.42, 23.11, 203.76, 22.08, 135.8, 15.89, 96.98, 17.58], (95.85781, 172.3763, 1817.549)]
[5175.46, [440.0, 69.0, 28.96, 37.28, 368.23, 16.46, 277.56, 21.87, 283.55, 21.25, 203.51, 22.15, 133.96, 16.44, 90.33, 17.42], (162.6071, 1407.593, 2478.629)]
[5646.39, [440, 69, 29, 47.87, 342.77, 20.28, 302.0, 15.22, 240.01, 17.57, 177.46, 22.45, 143.3, 17.0, 102.97, 21.19], (193.7337, 701.8055, 1515.294)]
[13709.67, [440, 69, 29, 48.59, 370.6, 18.04, 294.74, 14.61, 259.66, 18.05, 180.9, 16.47, 143.07, 16.86, 73.4, 16.83], (246.6825, 820.7162, 1799.276)]
[67855.01, [440.4, 68.58, 28.96, 32.75, 370.28, 16.04, 278.15, 21.44, 270.08, 22.85, 203.35, 22.3, 140.03, 17.27, 100.58, 16.96], (477.6366, 1371.426, 2449.158)]
[104076.41, [440.4, 68.58, 28.96, 29.9, 366.57, 16.85, 273.64, 21.72, 275.95, 22.54, 203.71, 22.81, 137.55, 17.04, 96.07, 15.4], (597.046, 1420.227, 2466.598)]
[106854.68, [440, 69, 29, 23.63, 375.86, 22.66, 308.74, 18.22, 234.23, 20.24, 200.4, 16.4, 127.75, 16.5, 95.97, 16.02], (605.4556, 1418.214, 2513.864)]
[164044.46, [440.4, 68.58, 28.96, 25.23, 362.26, 16.15, 274.47, 22.18, 279.61, 22.38, 205.49, 22.64, 129.49, 16.44, 92.67, 17.42], (764.2643, 1679.671, 3026.449)]

Population size: 30
Number of couples: 13
Number of kept parents: 0
Best parent kept: True
Mutation Probability: 0.3
Mutation range (x, y): 5, 0.5
Number of Parameters: 6
Length, Width, Height: [440, 69, 29]
Target Frequencies: (130.8, 523.2, 1308.0)

Written time: 11/05/2023 17:04:47