[109.07, [440.4, 68.58, 28.96, 23.75, 371.5, 15.79, 325.32, 20.95, 266.37, 22.33, 205.67, 22.27, 135.32, 17.14, 103.14, 16.89], (131.2319, 521.657, 1205.628)]
[110.05, [440.4, 68.58, 28.96, 31.2, 366.88, 16.69, 278.37, 20.86, 272.88, 22.28, 199.64, 22.71, 131.62, 16.28, 95.8, 16.83], (132.2409, 551.6479, 1286.362)]
[121.68, [440.4, 68.58, 28.96, 37.39, 370.96, 15.79, 325.32, 20.33, 268.79, 22.45, 201.96, 22.23, 134.45, 16.14, 91.06, 16.83], (132.0259, 533.5262, 1225.704)]
[135.4, [440.4, 68.58, 28.96, 28.01, 369.89, 16.45, 281.9, 21.05, 264.51, 22.73, 207.94, 22.98, 134.65, 16.06, 95.8, 16.74], (128.4892, 551.3113, 1278.006)]
[178.92, [440.4, 68.58, 28.96, 29.63, 364.93, 16.52, 281.72, 20.78, 269.21, 22.07, 201.96, 22.51, 135.19, 17.14, 103.14, 17.04], (135.059, 554.2669, 1294.643)]
[240.9, [440.4, 68.58, 28.96, 34.8, 381.05, 16.16, 278.37, 21.05, 272.44, 23.12, 203.86, 22.83, 134.65, 16.12, 95.8, 16.83], (124.6902, 540.2551, 1260.762)]
[306.69, [440.0, 69.0, 29.0, 31.2, 369.89, 16.52, 281.9, 21.16, 267.9, 22.73, 204.4, 23.56, 134.65, 16.26, 96.32, 16.83], (122.7069, 535.9989, 1263.538)]
[312.02, [440.4, 68.58, 28.96, 35.58, 372.69, 15.51, 334.37, 21.6, 270.39, 22.58, 207.42, 22.3, 138.48, 17.35, 106.04, 16.89], (125.5531, 501.2181, 1171.125)]
[312.92, [440.4, 68.58, 28.96, 37.69, 377.68, 16.52, 278.98, 21.19, 269.21, 23.21, 207.8, 22.75, 134.65, 17.36, 91.15, 16.98], (122.8238, 523.2064, 1220.359)]
[369.98, [440.4, 68.58, 28.96, 33.38, 378.02, 16.09, 329.22, 21.76, 271.0, 22.58, 199.27, 22.08, 130.06, 16.84, 86.84, 16.72], (125.6291, 492.7628, 1131.7)]
[377.02, [440.4, 68.58, 28.96, 32.35, 379.65, 15.34, 291.55, 22.95, 226.66, 22.74, 201.96, 22.27, 133.79, 16.84, 89.57, 17.4], (122.5863, 513.4325, 1190.796)]
[419.35, [440.4, 68.58, 28.96, 34.86, 381.34, 17.98, 329.98, 20.56, 268.32, 22.73, 207.94, 23.08, 138.65, 16.1, 95.8, 16.9], (122.7848, 506.9461, 1156.201)]
[453.17, [440.4, 68.58, 28.96, 39.11, 370.96, 16.18, 329.64, 21.18, 265.31, 22.73, 200.85, 22.69, 137.07, 17.15, 106.34, 16.85], (121.8831, 499.2897, 1180.877)]
[457.1, [440.0, 69.0, 29.0, 31.2, 369.89, 15.81, 334.82, 21.65, 263.89, 23.24, 202.02, 22.02, 133.17, 16.6, 97.15, 15.97], (122.0012, 499.9471, 1170.026)]
[487.73, [440.4, 68.58, 28.96, 33.38, 378.02, 16.1, 334.08, 21.76, 271.0, 22.58, 201.96, 22.38, 129.83, 16.84, 91.29, 17.4], (123.4812, 485.3751, 1112.829)]
[566.61, [440.4, 68.58, 28.96, 31.2, 369.03, 16.52, 281.9, 21.16, 269.21, 22.73, 204.4, 23.44, 138.6, 16.49, 96.32, 23.32], (120.9998, 496.3908, 1115.215)]
[653.22, [440.4, 68.58, 28.96, 28.9, 375.61, 15.83, 332.48, 21.76, 269.16, 22.72, 199.96, 22.85, 133.27, 16.91, 96.92, 16.02], (119.3206, 484.1329, 1141.383)]
[718.19, [440.4, 68.58, 28.96, 39.11, 370.96, 16.27, 329.64, 21.18, 265.31, 22.73, 201.96, 22.69, 133.17, 16.58, 96.06, 23.54], (120.9528, 468.4723, 1035.633)]
[818.83, [440.4, 68.58, 28.96, 30.4, 385.52, 18.08, 329.98, 20.9, 268.79, 23.04, 204.4, 23.21, 134.65, 16.49, 96.32, 16.83], (116.7878, 483.4696, 1113.012)]
[1182.65, [440.4, 69.0, 29.0, 30.62, 353.33, 17.36, 319.14, 22.1, 251.79, 18.44, 169.28, 21.91, 135.39, 19.42, 92.91, 15.14], (153.931, 528.9864, 1252.292)]
[1225.09, [440.4, 68.58, 28.96, 32.59, 369.89, 16.56, 281.9, 21.05, 264.51, 22.35, 207.94, 22.71, 134.65, 15.94, 95.8, 17.4], (133.644, 847.4896, 1674.401)]
[1275.29, [440.0, 68.58, 28.96, 36.0, 374.92, 15.34, 324.61, 22.42, 279.09, 23.48, 198.95, 22.91, 133.17, 16.69, 95.8, 17.13], (110.3834, 462.1145, 1107.939)]
[2149.43, [440.4, 68.58, 28.96, 33.85, 369.89, 16.07, 277.63, 21.05, 271.42, 22.41, 198.62, 22.19, 135.19, 17.14, 103.14, 17.04], (134.15, 1023.332, 2145.783)]
[2746.03, [440, 69, 29, 11.95, 384.07, 19.95, 312.33, 18.83, 263.31, 19.7, 192.16, 20.24, 113.09, 17.56, 58.35, 16.99], (170.7588, 561.6235, 1183.947)]
[5194.87, [440.4, 68.58, 28.96, 35.16, 378.02, 16.23, 329.22, 21.76, 275.67, 15.36, 175.2, 18.25, 111.39, 19.62, 76.64, 18.93], (193.8757, 569.1632, 1237.521)]
[5381.11, [440, 69, 29, 46.13, 331.29, 15.08, 282.47, 16.9, 228.32, 19.42, 192.69, 20.06, 140.45, 16.93, 94.77, 18.37], (190.9002, 706.165, 1572.473)]
[5669.46, [440.4, 68.58, 28.96, 28.9, 377.3, 19.54, 313.66, 18.81, 260.98, 16.03, 193.42, 17.72, 114.81, 18.36, 68.98, 22.73], (197.4946, 567.8762, 1196.967)]
[6111.94, [440, 69, 29, 15.24, 342.78, 17.75, 295.85, 20.3, 231.78, 18.66, 176.6, 15.66, 129.77, 15.5, 83.99, 19.76], (199.4557, 655.7869, 1399.749)]
[32517.38, [440.0, 69.0, 29.0, 31.2, 369.89, 16.52, 276.08, 21.05, 272.88, 22.73, 203.86, 22.71, 134.65, 16.12, 95.8, 16.83], (337.8903, 1221.677, 2277.58)]
[66107.48, [440.0, 69.0, 29.0, 32.47, 375.35, 15.83, 329.22, 21.76, 269.16, 22.72, 204.3, 22.85, 133.27, 16.91, 98.54, 16.38], (474.7685, 1152.833, 2047.665)]

Population size: 30
Number of couples: 13
Number of kept parents: 0
Best parent kept: True
Mutation Probability: 0.3
Mutation range (x, y): 5, 0.5
Number of Parameters: 6
Length, Width, Height: [440, 69, 29]
Target Frequencies: (130.8, 523.2, 1308.0)

Written time: 11/05/2023 13:19:08