[29.67, [440.0, 69.0, 28.96, 27.79, 374.67, 16.16, 278.65, 21.76, 277.19, 22.68, 208.54, 22.51, 162.39, 22.11, 85.25, 15.18], (130.5337, 531.0558, 1299.339)]
[34.35, [440.0, 69.0, 28.96, 24.85, 373.57, 16.22, 282.35, 21.73, 271.6, 22.68, 205.67, 22.51, 162.39, 22.36, 88.53, 15.18], (129.7688, 527.3218, 1294.43)]
[38.45, [440.4, 69.0, 28.96, 30.87, 373.57, 16.22, 282.35, 21.73, 272.28, 22.68, 202.11, 22.51, 162.39, 22.11, 85.25, 15.18], (129.6226, 527.3411, 1292.679)]
[59.75, [440.0, 69.0, 28.96, 26.87, 372.86, 17.05, 281.57, 21.44, 275.63, 22.39, 207.76, 22.46, 155.87, 22.11, 84.6, 15.02], (132.3851, 528.6211, 1281.755)]
[76.14, [440.0, 69.0, 28.96, 30.87, 373.57, 16.68, 282.35, 21.73, 272.28, 22.92, 203.33, 22.51, 162.39, 22.11, 85.25, 15.18], (128.0094, 522.5534, 1280.095)]
[97.45, [440.0, 68.58, 28.96, 32.75, 377.96, 16.18, 276.92, 20.94, 285.87, 22.38, 208.09, 23.04, 166.8, 21.94, 84.89, 14.74], (129.1878, 544.0136, 1332.95)]
[106.14, [440.4, 68.58, 28.96, 29.21, 365.86, 16.41, 274.83, 21.05, 285.87, 21.72, 209.69, 22.92, 164.51, 22.55, 81.06, 14.23], (131.6538, 547.8941, 1344.52)]
[107.89, [440.0, 69.0, 28.96, 26.73, 374.1, 16.35, 282.69, 21.2, 271.42, 22.72, 205.62, 22.51, 159.29, 21.56, 87.37, 14.83], (133.1199, 545.9719, 1323.625)]
[150.43, [440.0, 69.0, 28.96, 27.6, 369.61, 16.51, 279.04, 21.39, 272.86, 22.65, 200.68, 22.25, 158.47, 21.56, 77.16, 14.58], (135.0348, 545.0149, 1316.751)]
[161.36, [440.0, 69.0, 28.96, 29.48, 369.44, 15.67, 281.17, 22.02, 272.28, 22.08, 211.24, 22.59, 157.75, 21.58, 81.23, 14.98], (135.267, 544.785, 1320.989)]
[214.7, [440.0, 69.0, 28.96, 32.64, 371.66, 15.67, 275.8, 21.31, 274.85, 22.56, 212.8, 22.37, 162.94, 21.9, 81.82, 15.01], (135.3058, 554.1393, 1349.705)]
[420.33, [440.0, 69.0, 28.96, 30.92, 375.17, 16.55, 284.17, 21.31, 274.85, 22.27, 212.8, 22.37, 162.63, 22.27, 68.28, 21.57], (126.7571, 470.2352, 1101.377)]
[512.54, [440.0, 69.0, 29.0, 22.65, 364.4, 19.43, 311.71, 18.63, 226.16, 22.68, 204.53, 22.51, 162.39, 21.88, 85.25, 14.74], (142.3065, 571.1999, 1310.225)]
[643.9, [440.0, 69.0, 28.96, 30.59, 368.95, 16.65, 280.95, 21.44, 275.63, 22.35, 206.57, 23.36, 162.58, 21.69, 68.28, 21.57], (120.9737, 470.8419, 1103.018)]
[703.14, [440.0, 69.0, 28.96, 35.26, 368.95, 16.22, 278.21, 21.44, 275.63, 22.35, 209.8, 23.36, 159.19, 21.69, 68.28, 14.98], (125.9303, 587.5297, 1742.856)]
[792.99, [440.0, 69.0, 28.96, 26.87, 373.76, 16.85, 278.21, 21.49, 277.62, 22.35, 206.57, 23.36, 162.94, 22.07, 64.12, 21.57], (119.0819, 460.1287, 1073.823)]
[807.44, [440.4, 69.0, 28.96, 31.97, 373.23, 15.35, 282.35, 21.76, 272.28, 22.25, 182.99, 21.41, 138.04, 17.42, 69.41, 20.96], (147.1931, 558.1209, 1251.591)]
[1557.23, [440.0, 69.0, 28.96, 29.72, 368.95, 16.22, 280.29, 21.05, 286.87, 21.72, 213.13, 22.83, 137.12, 14.99, 97.82, 16.79], (153.9196, 638.5809, 1465.122)]
[1685.32, [440.0, 69.0, 29.0, 22.65, 364.13, 19.43, 306.79, 18.51, 226.16, 22.36, 185.4, 21.41, 138.04, 17.42, 85.25, 18.69], (158.6496, 604.7954, 1319.629)]
[2352.94, [440, 69, 29, 50.28, 358.07, 22.07, 299.93, 18.31, 226.51, 17.51, 203.02, 21.98, 154.22, 18.69, 65.11, 15.52], (158.9903, 188.4246, 1327.249)]
[2717.75, [440.0, 69.0, 28.96, 26.87, 375.59, 22.54, 331.86, 22.46, 241.45, 18.21, 211.29, 16.29, 132.13, 22.48, 69.46, 20.96], (169.2693, 475.8007, 1094.751)]
[7211.62, [440, 69, 29, 36.04, 346.89, 18.12, 329.31, 22.76, 253.66, 15.56, 189.39, 17.2, 123.43, 21.03, 99.62, 16.88], (208.2734, 620.0464, 1458.374)]
[8866.08, [440, 69, 29, 15.05, 373.24, 18.79, 283.48, 17.44, 263.31, 16.75, 184.42, 20.97, 148.72, 17.25, 100.97, 16.11], (217.4018, 733.5981, 1588.911)]
[14526.98, [440.4, 68.58, 28.96, 30.79, 369.44, 15.67, 282.61, 22.02, 272.28, 22.08, 206.35, 22.14, 155.17, 21.75, 79.75, 21.57], (253.0949, 881.4478, 1200.873)]
[39462.25, [440.4, 69.0, 28.96, 26.87, 369.61, 15.86, 281.59, 21.73, 272.28, 22.57, 205.67, 22.51, 162.39, 22.54, 84.16, 15.18], (368.0403, 1297.842, 2292.453)]
[56860.02, [440.0, 69.0, 28.96, 30.87, 368.95, 16.22, 275.8, 21.72, 272.49, 22.39, 203.49, 22.64, 155.17, 22.11, 84.6, 15.27], (439.0306, 1282.802, 2154.516)]
[80333.89, [440.0, 69.0, 28.96, 26.85, 368.95, 16.57, 278.21, 21.88, 275.63, 22.35, 206.57, 23.36, 162.94, 21.69, 81.32, 14.47], (522.0816, 1304.972, 2288.672)]
[87792.41, [440.0, 69.0, 28.96, 30.87, 368.84, 16.49, 278.73, 20.64, 238.15, 22.89, 176.65, 20.8, 129.54, 18.29, 83.58, 22.22], (547.8285, 1211.041, 2218.272)]
[91335.85, [440.0, 69.0, 28.96, 30.87, 368.95, 15.95, 275.8, 21.72, 275.63, 22.39, 207.76, 22.36, 159.09, 22.11, 87.61, 15.47], (556.059, 1476.796, 2563.761)]
[121694.58, [440.0, 68.58, 28.96, 31.58, 370.17, 16.11, 279.21, 20.94, 285.87, 22.98, 208.09, 22.6, 168.57, 22.08, 83.37, 15.09], (648.0887, 1572.529, 2727.208)]

Population size: 30
Number of couples: 13
Number of kept parents: 0
Best parent kept: True
Mutation Probability: 0.3
Mutation range (x, y): 5, 0.5
Number of Parameters: 6
Length, Width, Height: [440, 69, 29]
Target Frequencies: (130.8, 523.2, 1308.0)

Written time: 12/05/2023 12:20:49