[14.88, [440.0, 68.58, 28.96, 29.37, 382.49, 15.51, 273.9, 21.92, 281.15, 22.37, 203.38, 22.37, 162.39, 22.82, 87.21, 14.77], (130.7917, 526.7729, 1302.058)]
[24.21, [440.0, 68.58, 28.96, 36.93, 381.38, 15.82, 276.92, 21.43, 281.15, 22.37, 203.38, 22.37, 162.39, 23.12, 87.21, 14.77], (129.5735, 524.16, 1299.772)]
[28.82, [440.0, 69.0, 28.96, 27.98, 374.67, 16.16, 279.37, 21.53, 281.6, 22.74, 206.43, 22.46, 162.39, 22.37, 87.21, 14.7], (129.7707, 529.8893, 1309.653)]
[42.68, [440.4, 68.58, 28.96, 36.79, 374.67, 16.16, 277.34, 21.74, 275.36, 22.39, 208.31, 22.53, 155.38, 21.88, 86.41, 15.02], (131.9889, 535.0127, 1308.18)]
[48.59, [440.0, 68.58, 28.96, 32.75, 380.17, 16.58, 281.46, 20.62, 281.6, 22.74, 206.43, 22.46, 162.39, 22.82, 87.21, 14.74], (128.7803, 527.3495, 1298.484)]
[59.08, [440.0, 68.58, 28.96, 32.75, 377.96, 16.18, 276.92, 20.68, 277.3, 22.71, 200.71, 22.69, 154.42, 22.29, 87.25, 15.02], (128.2893, 530.0533, 1305.836)]
[61.41, [440.0, 69.0, 28.96, 27.98, 377.96, 16.18, 276.92, 20.94, 277.3, 22.71, 204.08, 22.69, 155.14, 22.29, 86.41, 15.02], (128.4479, 528.4002, 1295.665)]
[65.63, [440.0, 69.0, 28.96, 29.48, 360.18, 16.0, 281.94, 21.85, 271.6, 22.49, 203.52, 22.61, 155.87, 21.91, 90.8, 14.99], (130.9024, 537.0885, 1338.582)]
[68.5, [440.0, 68.58, 28.96, 29.61, 377.96, 16.18, 276.92, 20.94, 277.3, 22.71, 205.55, 22.69, 152.61, 22.29, 84.6, 14.84], (128.1605, 526.3866, 1290.353)]
[93.12, [440.4, 68.58, 28.96, 36.79, 374.67, 16.16, 276.28, 21.74, 275.36, 22.71, 202.84, 22.23, 167.8, 22.11, 83.93, 14.91], (132.7691, 541.3677, 1328.074)]
[98.79, [440.0, 69.0, 28.96, 24.85, 374.32, 15.79, 272.1, 20.94, 277.3, 22.71, 204.08, 22.97, 155.38, 21.63, 84.44, 14.86], (129.081, 543.8591, 1332.605)]
[113.49, [440.0, 69.0, 29.0, 30.9, 363.69, 16.18, 276.92, 20.62, 273.81, 23.05, 204.08, 22.69, 155.14, 22.29, 86.41, 15.02], (127.9238, 537.7227, 1336.401)]
[127.67, [440.0, 68.58, 28.96, 32.75, 380.17, 16.58, 276.92, 20.52, 281.15, 22.31, 207.76, 22.46, 152.57, 21.91, 84.81, 14.94], (134.622, 543.6125, 1309.916)]
[136.34, [440.0, 68.58, 28.96, 36.68, 378.82, 16.28, 281.46, 21.11, 225.91, 22.68, 205.25, 22.64, 162.39, 22.27, 66.52, 15.18], (133.7952, 542.816, 1272.534)]
[139.98, [440.0, 69.0, 28.96, 29.07, 374.67, 16.51, 271.03, 21.94, 278.87, 22.68, 217.15, 22.51, 169.1, 22.05, 89.38, 14.64], (133.0037, 550.4561, 1347.127)]
[156.6, [440.0, 69.0, 28.96, 24.85, 374.32, 15.79, 276.92, 20.94, 277.3, 22.71, 204.08, 23.01, 153.0, 22.26, 84.55, 15.4], (125.2499, 521.6174, 1286.106)]
[178.92, [440.0, 68.58, 28.96, 36.68, 377.61, 16.28, 281.46, 21.11, 281.6, 22.74, 206.43, 22.46, 162.39, 23.31, 83.13, 14.7], (125.6158, 512.0869, 1274.903)]
[182.06, [440.0, 69.0, 29.0, 28.23, 375.81, 15.81, 277.62, 21.82, 271.6, 22.37, 209.1, 22.23, 165.25, 22.66, 89.35, 14.55], (135.1536, 545.9614, 1342.315)]
[250.02, [440.4, 68.58, 28.96, 36.79, 371.76, 16.16, 274.15, 22.19, 275.36, 22.71, 207.76, 22.69, 154.64, 21.79, 90.13, 14.93], (128.1668, 563.097, 1415.549)]
[326.23, [440.0, 68.58, 28.96, 28.64, 374.67, 16.44, 272.16, 21.71, 278.87, 22.68, 215.87, 22.51, 166.65, 22.05, 83.12, 15.4], (137.5383, 581.8532, 1312.684)]
[377.01, [440.0, 68.58, 28.96, 29.61, 377.15, 16.18, 273.47, 20.94, 285.41, 22.13, 207.76, 22.07, 153.47, 21.91, 89.75, 14.86], (139.5648, 555.0425, 1345.914)]
[851.62, [440.0, 68.58, 28.96, 29.61, 377.24, 22.82, 283.35, 18.12, 246.79, 20.25, 207.76, 22.73, 156.08, 22.11, 86.18, 14.94], (147.8913, 554.8677, 1242.135)]
[881.54, [440.0, 69.0, 28.96, 24.12, 361.87, 23.23, 281.22, 18.26, 255.07, 20.25, 207.76, 22.5, 156.08, 22.11, 82.31, 14.94], (148.5178, 553.0726, 1246.927)]
[1055.85, [440.0, 69.0, 28.96, 27.98, 377.98, 16.16, 274.95, 21.76, 278.87, 23.2, 212.68, 22.51, 155.38, 21.88, 84.6, 14.81], (127.7629, 547.5852, 2249.96)]
[1983.43, [440.0, 68.58, 28.96, 36.68, 380.32, 15.9, 276.92, 21.43, 281.15, 22.31, 207.76, 22.46, 152.57, 21.91, 90.8, 14.59], (133.4512, 904.0368, 2296.17)]
[2627.94, [440.0, 68.58, 28.96, 32.75, 380.17, 16.58, 274.98, 21.22, 277.3, 22.71, 204.68, 22.69, 155.14, 22.29, 86.69, 15.0], (134.3007, 1152.394, 2297.455)]
[2926.99, [440.0, 69.0, 29.0, 28.23, 363.69, 22.82, 281.22, 18.26, 251.54, 20.25, 206.42, 22.57, 151.6, 21.67, 90.8, 14.86], (151.6258, 901.1659, 2339.682)]
[3074.15, [440, 69, 29, 21.01, 360.53, 21.95, 324.32, 22.33, 246.4, 16.13, 197.45, 22.18, 133.57, 19.03, 107.65, 16.77], (175.5131, 556.6273, 1308.716)]
[3107.27, [440, 69, 29, 39.87, 361.02, 15.97, 308.91, 18.41, 251.19, 18.97, 187.01, 21.46, 122.32, 18.85, 90.59, 22.76], (174.3893, 607.1111, 1327.632)]
[4797.22, [440, 69, 29, 43.68, 378.88, 22.35, 307.12, 16.82, 231.98, 14.94, 215.55, 19.58, 132.91, 15.85, 77.06, 15.43], (172.3683, 392.8776, 3099.36)]

Population size: 30
Number of couples: 13
Number of kept parents: 0
Best parent kept: True
Mutation Probability: 0.3
Mutation range (x, y): 5, 0.5
Number of Parameters: 6
Length, Width, Height: [440, 69, 29]
Target Frequencies: (130.8, 523.2, 1308.0)

Written time: 12/05/2023 15:09:45