[35.95, [440.4, 68.58, 28.96, 31.2, 380.63, 15.76, 330.18, 21.65, 265.39, 23.24, 202.02, 22.19, 133.17, 16.84, 96.51, 16.85], (131.3121, 542.5252, 1294.984)]
[52.46, [440.4, 68.58, 28.96, 39.11, 375.35, 15.61, 329.41, 21.07, 267.24, 22.73, 204.09, 23.16, 135.19, 16.91, 95.8, 16.66], (130.7366, 542.3483, 1274.973)]
[62.18, [440.4, 68.58, 28.96, 35.77, 377.53, 16.12, 332.3, 21.52, 266.17, 22.88, 206.14, 22.71, 131.77, 16.68, 98.63, 15.1], (132.0646, 543.3254, 1280.025)]
[70.08, [440.4, 68.58, 28.96, 34.3, 380.71, 15.76, 329.22, 21.7, 266.17, 22.97, 204.47, 22.71, 133.17, 16.34, 95.8, 16.83], (131.0824, 539.4215, 1255.621)]
[107.76, [440.4, 68.58, 28.96, 39.11, 374.37, 15.79, 329.22, 20.82, 266.17, 22.73, 201.96, 22.8, 135.19, 16.91, 95.8, 16.66], (134.1743, 551.4949, 1290.242)]
[112.15, [440.4, 68.58, 28.96, 39.46, 383.86, 17.55, 329.22, 21.52, 266.17, 22.87, 199.17, 22.85, 133.27, 16.7, 99.46, 17.13], (129.1689, 524.5641, 1218.378)]
[118.41, [440.4, 68.58, 28.96, 32.62, 376.22, 15.29, 332.27, 21.52, 266.17, 22.68, 203.82, 22.71, 133.93, 16.97, 91.93, 16.9], (133.5903, 539.3854, 1252.14)]
[120.08, [440.4, 68.58, 28.96, 39.11, 375.25, 15.38, 329.22, 21.52, 268.28, 23.01, 201.96, 22.18, 134.97, 16.81, 95.8, 16.83], (134.2651, 546.4908, 1275.433)]
[143.22, [440.4, 68.58, 28.96, 23.75, 371.5, 21.4, 315.16, 21.52, 264.05, 23.09, 200.87, 22.58, 131.34, 16.34, 96.58, 16.82], (130.0362, 520.1328, 1174.874)]
[166.35, [440.4, 68.58, 28.96, 35.58, 376.22, 15.33, 324.38, 21.7, 266.17, 22.54, 203.97, 22.71, 133.17, 16.43, 95.5, 17.42], (135.7538, 550.7019, 1279.055)]
[178.23, [440.4, 68.58, 28.96, 35.58, 377.68, 15.34, 325.12, 22.33, 277.71, 23.16, 201.72, 22.72, 133.17, 16.66, 95.8, 17.2], (126.3764, 519.4231, 1227.176)]
[264.8, [440.4, 68.58, 28.96, 35.77, 381.67, 16.12, 329.22, 21.52, 266.17, 22.88, 201.96, 22.27, 133.17, 16.84, 91.06, 23.22], (132.9009, 506.4564, 1090.299)]
[418.14, [440.4, 68.58, 28.96, 36.05, 376.08, 15.33, 331.41, 20.39, 272.81, 22.94, 203.79, 21.43, 161.87, 19.63, 54.39, 17.65], (140.4348, 530.7116, 1195.907)]
[422.34, [440.4, 68.58, 28.96, 43.76, 373.0, 16.52, 283.16, 21.05, 269.21, 22.62, 201.96, 22.35, 133.17, 16.84, 86.4, 23.02], (140.7046, 549.1882, 1222.827)]
[475.25, [440.4, 68.58, 28.96, 43.76, 369.89, 16.52, 281.9, 21.05, 269.21, 22.62, 207.8, 22.71, 134.65, 16.97, 95.55, 16.9], (141.1313, 593.8921, 1381.29)]
[790.3, [440.4, 68.58, 28.96, 43.76, 374.69, 16.52, 286.63, 22.33, 282.35, 22.75, 197.45, 22.72, 131.77, 16.84, 97.93, 17.08], (132.7107, 561.5306, 2034.01)]
[1234.71, [440.4, 68.58, 28.96, 40.54, 378.57, 14.57, 328.99, 15.35, 273.29, 20.74, 168.83, 23.32, 117.86, 16.1, 95.8, 16.44], (152.127, 622.5139, 1459.572)]
[1590.3, [440.4, 68.58, 28.96, 35.58, 374.66, 15.76, 332.27, 21.52, 266.17, 22.88, 210.51, 22.71, 134.18, 17.31, 98.63, 15.1], (107.7358, 137.3989, 1212.279)]
[1600.85, [440.4, 68.58, 28.96, 35.58, 376.22, 15.76, 332.27, 21.63, 266.17, 22.88, 206.14, 22.71, 131.77, 16.84, 98.63, 15.1], (131.6444, 1157.46, 2267.188)]
[2186.15, [440.4, 68.58, 28.96, 35.58, 372.82, 15.76, 329.22, 21.59, 266.17, 23.0, 206.14, 22.62, 131.77, 16.84, 98.63, 14.82], (163.1267, 654.2996, 1526.351)]
[7249.43, [440.4, 68.58, 28.96, 22.12, 363.79, 19.22, 276.89, 21.47, 262.7, 15.17, 212.69, 17.87, 155.49, 18.45, 71.9, 19.18], (209.7391, 632.3378, 1436.647)]
[8118.42, [440.4, 68.58, 28.96, 15.36, 377.43, 19.43, 290.88, 20.65, 225.87, 19.63, 201.33, 16.48, 111.61, 18.63, 108.13, 16.96], (202.1742, 1388.542, 2532.981)]
[12738.04, [440.4, 68.58, 28.96, 36.76, 378.44, 15.79, 329.22, 21.76, 264.21, 22.75, 204.34, 23.2, 131.82, 16.84, 92.45, 16.86], (20.65675, 128.2945, 526.5334)]
[21291.6, [440.4, 68.58, 28.96, 41.51, 334.3, 16.34, 301.19, 16.27, 245.02, 17.12, 166.8, 15.83, 135.95, 19.25, 99.46, 18.21], (292.6947, 784.3104, 1742.023)]
[37772.96, [440.4, 68.58, 28.96, 50.42, 335.25, 20.96, 329.22, 21.35, 266.17, 22.89, 196.54, 22.85, 132.56, 16.7, 99.19, 17.13], (365.4967, 1317.454, 2334.773)]
[71671.03, [440.4, 68.58, 28.96, 42.37, 381.22, 15.88, 329.22, 21.17, 261.22, 22.7, 204.64, 22.72, 133.31, 16.84, 99.05, 17.12], (498.2898, 1340.804, 1717.467)]
[79523.12, [440.4, 68.58, 28.96, 31.59, 374.77, 15.76, 334.45, 21.52, 266.17, 22.97, 203.97, 22.71, 128.92, 16.34, 95.8, 16.83], (523.7937, 1241.534, 2209.495)]
[83106.59, [440.4, 68.58, 28.96, 38.71, 383.86, 17.55, 302.69, 16.17, 274.74, 16.37, 222.72, 20.81, 136.14, 15.28, 59.83, 17.28], (533.7194, 1371.741, 2692.729)]
[84361.02, [440.4, 68.58, 28.96, 35.09, 376.08, 15.34, 333.02, 21.7, 266.17, 22.97, 203.97, 22.71, 133.17, 16.84, 95.8, 17.07], (539.8738, 1247.462, 2211.362)]
[161371.05, [440.4, 68.58, 28.96, 39.6, 377.85, 15.79, 329.22, 21.07, 266.17, 22.73, 201.96, 22.87, 135.19, 16.91, 95.8, 16.66], (764.8744, 1273.106, 2269.014)]

Population size: 30
Number of couples: 13
Number of kept parents: 0
Best parent kept: True
Mutation Probability: 0.3
Mutation range (x, y): 5, 0.5
Number of Parameters: 6

Written time: 25/03/2023 19:28:30