[86.8, [440.4, 68.58, 28.96, 39.82, 376.08, 15.37, 329.22, 21.52, 266.17, 22.89, 201.96, 22.43, 133.17, 16.84, 95.8, 16.86], (133.4111, 529.5016, 1269.455)]
[160.91, [440.4, 68.58, 28.96, 49.64, 377.28, 15.37, 329.22, 21.52, 266.17, 22.52, 197.85, 22.43, 122.21, 17.16, 88.01, 17.61], (134.51, 529.8641, 1224.921)]
[179.48, [440.4, 68.58, 28.96, 47.04, 380.25, 15.37, 327.07, 21.92, 266.17, 22.52, 202.39, 22.43, 129.42, 16.37, 98.68, 17.28], (136.067, 546.0694, 1271.894)]
[223.4, [440.4, 68.58, 28.96, 40.32, 378.07, 19.32, 287.5, 22.13, 281.76, 21.27, 169.04, 23.48, 114.74, 16.36, 98.02, 22.8], (132.5004, 497.5696, 1132.336)]
[240.5, [440.4, 68.58, 28.96, 24.52, 373.76, 19.21, 296.89, 15.57, 276.79, 19.6, 169.24, 23.77, 106.46, 22.44, 92.38, 22.88], (128.7729, 500.8632, 1119.16)]
[248.07, [440.4, 68.58, 28.96, 44.45, 380.53, 15.59, 324.72, 15.71, 274.42, 19.6, 165.07, 23.77, 103.27, 22.44, 92.38, 22.93], (128.064, 495.5268, 1133.364)]
[303.24, [440.4, 68.58, 28.96, 46.15, 377.04, 15.77, 287.5, 22.33, 282.19, 20.75, 171.37, 23.48, 110.31, 16.36, 90.72, 22.8], (137.9325, 522.7835, 1195.326)]
[308.62, [440.4, 68.58, 28.96, 42.2, 380.53, 15.77, 287.5, 22.43, 282.19, 20.75, 173.94, 23.48, 110.31, 16.36, 92.29, 22.3], (138.1334, 523.5354, 1197.854)]
[310.13, [440.4, 68.58, 28.96, 42.0, 373.76, 19.21, 293.41, 15.57, 274.42, 19.6, 169.24, 23.86, 115.55, 22.3, 64.65, 22.47], (127.1957, 497.5408, 1092.512)]
[393.29, [440.4, 68.58, 28.96, 43.37, 372.34, 19.21, 293.41, 15.17, 258.77, 19.33, 184.38, 22.53, 109.24, 23.2, 85.85, 21.27], (139.3984, 533.9378, 1177.082)]
[396.62, [440.4, 68.58, 28.96, 43.58, 380.53, 15.77, 324.72, 15.77, 255.47, 19.03, 184.38, 23.06, 109.83, 22.18, 64.65, 22.47], (138.7631, 525.3416, 1137.758)]
[413.46, [440.4, 68.58, 28.96, 42.0, 343.29, 15.02, 303.07, 15.99, 257.42, 18.95, 178.97, 22.35, 108.2, 23.24, 87.46, 22.98], (141.0558, 537.6277, 1236.865)]
[453.32, [440.4, 68.58, 28.96, 29.17, 337.65, 16.19, 325.72, 16.06, 259.75, 18.64, 184.5, 23.06, 108.51, 22.13, 87.8, 22.88], (141.3366, 542.5168, 1215.458)]
[472.88, [440.4, 68.58, 28.96, 47.04, 377.31, 17.97, 284.36, 22.09, 279.9, 19.03, 182.5, 22.22, 109.24, 22.94, 61.03, 20.97], (135.9878, 460.9394, 1015.28)]
[710.34, [440.4, 68.58, 28.96, 42.2, 380.49, 17.55, 287.5, 22.33, 283.42, 20.75, 169.04, 23.52, 114.21, 22.02, 92.38, 22.88], (120.8683, 435.723, 998.9231)]
[759.49, [440.4, 68.58, 28.96, 39.68, 381.45, 17.55, 287.5, 22.33, 283.42, 20.75, 169.04, 23.48, 114.35, 22.35, 92.5, 22.76], (120.0878, 431.765, 991.3704)]
[846.99, [440.4, 68.58, 28.96, 43.99, 381.45, 17.55, 287.5, 22.14, 279.06, 20.75, 169.04, 23.67, 114.35, 22.35, 88.88, 22.8], (118.5342, 430.2657, 984.394)]
[1072.06, [440.4, 68.58, 28.96, 47.04, 376.08, 15.37, 332.33, 21.52, 268.22, 22.52, 202.39, 22.43, 100.53, 22.79, 87.46, 22.98], (115.9179, 405.5579, 928.6235)]
[1085.97, [440.4, 68.58, 28.96, 39.82, 382.22, 17.56, 284.8, 22.28, 278.91, 20.75, 169.91, 23.84, 115.36, 22.94, 61.03, 20.55], (114.9613, 421.9236, 954.61)]
[1870.96, [440.4, 68.58, 28.96, 40.32, 374.79, 19.21, 295.33, 14.82, 279.2, 20.96, 162.59, 22.44, 133.17, 16.84, 98.68, 17.28], (160.3044, 642.5103, 1458.271)]
[2809.05, [440.4, 68.58, 28.96, 40.22, 379.2, 15.77, 324.72, 15.83, 258.54, 19.03, 185.34, 21.98, 104.84, 18.05, 92.5, 23.16], (172.5202, 619.6252, 1327.307)]
[3646.74, [440.4, 68.58, 28.96, 39.26, 380.53, 17.67, 288.84, 16.21, 254.46, 18.55, 178.97, 22.43, 129.29, 16.84, 97.66, 22.92], (179.9169, 654.1086, 1383.094)]
[4698.9, [440.4, 68.58, 28.96, 43.89, 381.36, 14.71, 313.72, 15.09, 255.71, 20.67, 215.7, 21.27, 111.86, 15.56, 101.66, 16.31], (186.8698, 728.6748, 1604.575)]
[11361.12, [440.4, 68.58, 28.96, 21.92, 342.28, 15.02, 303.07, 15.99, 257.42, 18.59, 178.97, 22.17, 130.57, 16.84, 98.68, 17.28], (27.31898, 218.8185, 780.0967)]
[11753.04, [440.4, 68.58, 28.96, 42.62, 381.45, 17.07, 288.27, 21.89, 286.43, 20.75, 173.93, 23.65, 114.35, 16.83, 88.41, 22.02], (21.66712, 319.5059, 1161.627)]
[16164.41, [440.4, 68.58, 28.96, 13.29, 342.36, 18.44, 280.95, 14.95, 226.8, 15.04, 206.11, 17.55, 140.82, 15.44, 62.38, 18.29], (264.7905, 804.5209, 1683.556)]
[70695.9, [440.4, 68.58, 28.96, 42.0, 373.76, 19.21, 293.41, 15.57, 274.42, 19.6, 169.24, 23.86, 104.38, 22.35, 92.5, 23.16], (494.6403, 1118.472, 2011.456)]
[88300.59, [440.4, 68.58, 28.96, 37.91, 373.76, 19.21, 293.41, 15.57, 277.43, 19.5, 169.24, 23.64, 105.73, 16.36, 90.72, 22.43], (552.0816, 1334.5, 2332.812)]
[91146.75, [440.4, 68.58, 28.96, 29.42, 341.73, 16.22, 326.7, 16.54, 257.64, 18.64, 179.54, 22.53, 109.24, 22.94, 85.85, 21.44], (561.4862, 1351.237, 2250.718)]
[122436.89, [440.4, 68.58, 28.96, 23.67, 370.78, 21.99, 316.81, 17.95, 223.96, 16.88, 186.86, 18.24, 145.97, 17.21, 82.07, 20.41], (656.2, 1384.831, 2457.793)]

Population size: 30
Number of couples: 13
Number of kept parents: 0
Best parent kept: True
Mutation Probability: 0.3
Mutation range (x, y): 5, 0.5
Number of Parameters: 6

Written time: 25/03/2023 18:35:19