[199.64, [440.4, 68.58, 28.96, 47.04, 376.08, 15.37, 327.01, 21.52, 266.17, 22.52, 202.39, 22.43, 129.29, 16.84, 98.68, 17.28], (136.7813, 548.3622, 1279.406)]
[208.51, [440.4, 68.58, 28.96, 40.32, 373.76, 19.21, 293.41, 15.57, 274.42, 19.5, 169.24, 23.57, 106.46, 22.03, 92.38, 23.16], (132.98, 512.7001, 1142.072)]
[210.73, [440.4, 68.58, 28.96, 31.11, 360.19, 18.9, 292.59, 15.36, 278.59, 21.64, 166.11, 22.85, 127.0, 21.39, 67.02, 22.84], (132.7304, 504.6664, 1142.536)]
[229.4, [440.4, 68.58, 28.96, 39.82, 377.31, 17.6, 287.5, 22.09, 279.9, 20.75, 166.5, 23.84, 118.79, 17.43, 85.76, 22.8], (132.5065, 497.6207, 1126.397)]
[230.72, [440.4, 68.58, 28.96, 41.37, 383.85, 15.84, 322.95, 18.17, 267.0, 22.43, 213.25, 22.4, 107.28, 20.22, 95.43, 14.64], (137.6533, 544.5308, 1277.593)]
[272.11, [440.4, 68.58, 28.96, 47.19, 378.41, 16.85, 295.86, 22.79, 280.06, 21.11, 166.18, 22.46, 130.98, 21.03, 68.18, 17.42], (133.3898, 480.1761, 1120.458)]
[419.98, [440.4, 68.58, 28.96, 38.41, 381.16, 16.52, 325.72, 21.41, 269.43, 22.39, 202.39, 22.21, 129.29, 16.84, 62.08, 22.33], (138.3098, 513.3064, 1103.356)]
[462.7, [440.4, 68.58, 28.96, 29.42, 341.73, 15.94, 325.72, 16.06, 257.64, 18.64, 179.54, 23.06, 112.43, 22.3, 64.65, 22.47], (140.7889, 534.8814, 1172.146)]
[493.03, [440.4, 68.58, 28.96, 41.67, 381.45, 17.55, 287.5, 22.09, 282.29, 20.75, 169.04, 23.48, 114.35, 16.36, 90.72, 22.43], (137.7773, 523.0077, 1617.124)]
[871.7, [440.4, 68.58, 28.96, 41.67, 381.45, 15.36, 325.99, 21.48, 269.43, 22.39, 202.39, 22.88, 108.18, 21.41, 59.68, 22.47], (118.8845, 425.9138, 945.7502)]
[988.82, [440.4, 68.58, 28.96, 28.37, 337.17, 16.34, 290.92, 16.27, 258.69, 18.55, 178.97, 21.9, 108.73, 22.79, 61.03, 22.49], (150.3258, 550.3311, 1208.335)]
[1027.88, [440.4, 68.58, 28.96, 51.04, 376.47, 15.14, 324.1, 21.26, 274.43, 22.52, 202.39, 22.35, 102.23, 22.79, 64.94, 22.43], (116.7835, 407.8722, 921.118)]
[1281.68, [440.4, 68.58, 28.96, 40.22, 380.53, 15.77, 324.72, 15.77, 258.69, 19.03, 182.5, 22.33, 109.24, 22.94, 61.03, 20.63], (143.7486, 787.1051, 1860.714)]
[1525.25, [440.4, 68.58, 28.96, 40.32, 377.17, 19.21, 292.59, 15.04, 279.2, 20.96, 166.66, 22.64, 122.21, 16.89, 85.76, 17.28], (156.845, 625.1345, 1403.306)]
[2301.61, [440.4, 68.58, 28.96, 45.64, 372.84, 15.32, 327.01, 21.18, 269.43, 22.52, 202.39, 22.43, 131.48, 17.43, 85.76, 17.28], (99.48814, 163.376, 1119.606)]
[2677.03, [440.4, 68.58, 28.96, 40.32, 373.88, 19.32, 321.17, 18.03, 236.79, 21.88, 171.8, 19.76, 155.32, 17.63, 94.88, 17.82], (170.3872, 632.4751, 1386.399)]
[3400.05, [440.4, 68.58, 28.96, 40.32, 378.07, 19.32, 292.59, 16.21, 256.87, 18.55, 178.97, 22.43, 129.29, 16.84, 93.72, 22.92], (178.1477, 637.7988, 1336.995)]
[4045.55, [440.4, 68.58, 28.96, 35.24, 379.98, 14.64, 291.39, 22.22, 244.63, 20.82, 192.32, 15.49, 124.13, 17.7, 85.85, 21.37], (184.0633, 627.7239, 1363.389)]
[4626.03, [440.4, 68.58, 28.96, 52.72, 372.12, 16.28, 299.85, 18.96, 253.12, 17.65, 179.29, 21.22, 143.37, 18.39, 81.79, 19.81], (188.5431, 648.4199, 1422.637)]
[5999.24, [440.4, 68.58, 28.96, 40.32, 374.14, 19.32, 292.59, 15.99, 257.42, 18.59, 178.97, 22.35, 105.87, 22.79, 90.78, 22.98], (60.67833, 527.9827, 1187.146)]
[7173.57, [440.4, 68.58, 28.96, 34.72, 347.69, 15.37, 318.59, 16.56, 224.81, 16.6, 207.25, 22.46, 123.84, 14.46, 98.97, 22.92], (207.6591, 734.4347, 1534.044)]
[7617.04, [440.4, 68.58, 28.96, 34.72, 347.69, 15.55, 324.35, 17.0, 224.81, 16.3, 205.31, 22.46, 123.84, 14.95, 98.97, 17.42], (52.04196, 211.4909, 1622.234)]
[10384.59, [440.4, 68.58, 28.96, 24.51, 343.29, 15.02, 303.07, 16.83, 252.0, 20.54, 200.35, 16.94, 151.16, 14.54, 70.0, 14.51], (228.3279, 823.1401, 1763.274)]
[48995.58, [440.4, 68.58, 28.96, 47.04, 379.54, 15.36, 323.41, 21.48, 269.43, 22.39, 199.8, 22.69, 108.18, 22.03, 57.53, 22.67], (416.1673, 917.2226, 1706.452)]
[66235.87, [440.4, 68.58, 28.96, 38.41, 381.16, 16.05, 325.72, 21.41, 274.37, 22.0, 206.15, 22.21, 129.29, 16.84, 92.38, 23.24], (478.555, 1130.894, 2089.985)]
[70037.38, [440.4, 68.58, 28.96, 47.04, 379.54, 17.55, 287.5, 21.69, 277.46, 20.75, 167.8, 23.06, 114.35, 17.43, 85.76, 17.07], (491.1779, 1209.67, 2250.012)]
[70847.09, [440.4, 68.58, 28.96, 24.5, 354.81, 19.06, 296.61, 21.52, 259.58, 19.72, 173.0, 23.17, 129.29, 17.25, 60.37, 22.88], (494.9641, 1124.225, 2064.23)]
[75043.47, [440.4, 68.58, 28.96, 40.32, 377.17, 19.4, 292.59, 15.57, 272.36, 19.95, 165.69, 23.58, 106.46, 21.41, 64.31, 22.47], (509.9659, 1093.039, 1953.736)]
[85573.16, [440.4, 68.58, 28.96, 47.04, 376.08, 15.28, 327.01, 21.48, 269.43, 22.52, 202.39, 22.43, 129.29, 16.84, 95.03, 23.22], (544.5498, 1130.558, 2117.759)]
[398635.28, [440.4, 68.58, 28.96, 51.15, 360.28, 18.85, 294.9, 15.53, 229.29, 17.97, 199.34, 21.98, 118.1, 16.41, 69.95, 22.84], (1290.495, 1892.082, 3655.262)]

Population size: 30
Number of couples: 13
Number of kept parents: 0
Best parent kept: True
Mutation Probability: 0.3
Mutation range (x, y): 5, 0.5
Number of Parameters: 6

Written time: 25/03/2023 16:14:17