[99.25, [440.4, 68.58, 28.96, 31.73, 366.81, 16.55, 282.86, 20.71, 271.42, 22.81, 204.13, 22.53, 134.45, 15.77, 95.8, 16.44], (131.2834, 560.973, 1306.544)]
[99.58, [440.4, 68.58, 28.96, 29.63, 367.91, 16.55, 278.37, 21.44, 276.2, 22.58, 199.64, 22.33, 136.44, 16.2, 95.8, 16.55], (131.9082, 550.7507, 1288.959)]
[100.33, [440.4, 68.58, 28.96, 24.37, 369.38, 16.3, 278.37, 21.08, 276.2, 22.68, 195.87, 22.71, 138.07, 15.8, 96.02, 16.44], (129.3017, 552.4557, 1299.146)]
[101.27, [440.4, 68.58, 28.96, 29.39, 366.88, 16.3, 278.37, 21.08, 276.2, 22.51, 201.52, 22.7, 131.88, 17.14, 96.81, 16.67], (128.892, 538.0069, 1270.102)]
[105.7, [440.4, 68.58, 28.96, 35.89, 367.21, 15.49, 325.32, 20.75, 272.21, 22.07, 201.13, 22.44, 135.89, 17.0, 93.0, 16.95], (131.2538, 521.6418, 1209.248)]
[114.41, [440.4, 68.58, 28.96, 30.07, 366.88, 15.79, 321.05, 20.99, 263.33, 23.01, 205.73, 21.77, 133.79, 15.63, 92.23, 17.03], (130.5023, 536.9483, 1229.583)]
[124.29, [440.4, 68.58, 28.96, 33.5, 361.36, 15.88, 284.34, 20.44, 269.21, 22.81, 204.13, 22.53, 134.45, 16.27, 90.5, 16.03], (131.4482, 564.072, 1324.896)]
[130.54, [440.4, 68.58, 28.96, 33.56, 373.74, 15.42, 329.59, 19.63, 270.99, 22.62, 196.43, 22.64, 140.57, 16.18, 92.63, 16.0], (128.188, 532.6659, 1243.335)]
[141.11, [440.4, 68.58, 28.96, 22.22, 376.36, 16.11, 323.64, 20.95, 269.21, 21.92, 204.65, 22.59, 135.19, 16.68, 96.89, 16.39], (132.9845, 525.758, 1205.574)]
[173.8, [440.4, 68.58, 28.96, 23.75, 372.49, 15.59, 332.42, 20.95, 263.33, 22.33, 201.34, 22.49, 129.47, 16.65, 95.8, 16.25], (128.7911, 513.2684, 1187.505)]
[179.42, [440.4, 68.58, 28.96, 31.2, 368.44, 16.3, 323.64, 20.95, 269.21, 21.92, 200.53, 22.88, 135.19, 17.14, 92.6, 16.55], (128.4871, 512.5325, 1190.425)]
[183.44, [440.4, 68.58, 28.96, 37.39, 370.96, 15.82, 329.59, 19.63, 266.49, 22.85, 201.52, 22.32, 131.88, 17.08, 86.74, 16.47], (127.4181, 518.9513, 1197.37)]
[192.3, [440.4, 68.58, 28.96, 32.02, 364.71, 15.74, 277.62, 20.68, 266.42, 22.44, 201.96, 22.51, 136.77, 16.74, 103.27, 17.17], (134.198, 566.8614, 1328.51)]
[199.48, [440.4, 68.58, 28.96, 34.54, 367.32, 16.65, 278.37, 21.08, 276.2, 23.05, 199.64, 22.71, 136.44, 16.2, 95.8, 16.55], (125.3123, 542.6045, 1285.583)]
[209.71, [440.4, 68.58, 28.96, 29.63, 367.79, 16.52, 282.86, 20.71, 271.42, 22.09, 201.96, 22.49, 138.38, 16.95, 87.51, 16.55], (135.497, 553.5615, 1275.989)]
[219.25, [440.4, 68.58, 28.96, 34.54, 369.18, 16.65, 286.9, 20.65, 263.33, 22.08, 202.01, 22.32, 132.43, 17.14, 96.76, 16.18], (136.049, 552.8919, 1283.238)]
[236.83, [440.4, 68.58, 28.96, 35.89, 369.16, 16.28, 284.34, 20.01, 269.21, 22.12, 201.28, 22.44, 135.55, 17.14, 86.29, 16.55], (136.2367, 558.2473, 1285.555)]
[572.47, [440, 69, 29, 50.64, 336.25, 17.97, 326.99, 22.32, 248.1, 21.99, 192.88, 17.86, 151.83, 21.67, 86.36, 20.6], (139.4059, 469.7428, 1121.638)]
[784.79, [440.4, 68.58, 28.96, 30.42, 366.88, 16.3, 278.37, 21.08, 276.2, 23.1, 196.43, 22.71, 113.04, 19.18, 55.91, 15.49], (117.5068, 476.3885, 1124.902)]
[863.65, [440, 69, 29, 52.59, 330.81, 19.44, 323.59, 22.38, 230.77, 21.46, 202.93, 18.52, 117.76, 16.56, 71.6, 17.84], (148.0249, 551.542, 1230.089)]
[865.51, [440.4, 68.58, 28.96, 37.39, 366.92, 15.82, 328.45, 20.82, 270.02, 23.04, 204.4, 23.21, 132.54, 17.63, 92.6, 16.55], (115.4502, 482.2954, 1146.134)]
[1090.71, [440.4, 68.58, 28.96, 29.63, 368.69, 16.41, 284.2, 20.65, 261.26, 22.02, 202.01, 22.61, 132.43, 17.14, 94.27, 16.49], (134.9897, 322.1122, 805.7677)]
[1828.72, [440.4, 68.58, 28.96, 22.22, 372.03, 15.7, 278.37, 21.08, 278.34, 22.68, 199.64, 22.71, 132.68, 17.67, 108.08, 16.53], (126.6022, 232.1098, 293.0111)]
[2574.23, [440.4, 68.58, 28.96, 35.64, 367.94, 16.65, 283.26, 21.52, 280.92, 22.68, 202.89, 22.71, 136.53, 17.45, 108.08, 16.53], (136.2216, 1137.108, 2221.221)]
[4654.42, [440, 69, 29, 16.56, 381.59, 19.95, 319.48, 16.52, 258.4, 14.95, 174.78, 19.73, 150.48, 20.29, 85.33, 21.84], (188.8133, 592.9733, 1246.678)]
[5688.02, [440.4, 68.58, 28.96, 37.39, 372.03, 15.5, 325.32, 20.6, 273.12, 22.07, 201.96, 22.51, 140.02, 17.21, 100.41, 17.02], (131.1106, 2120.505, 3001.022)]
[11141.27, [440.0, 69.0, 29.0, 19.22, 358.31, 20.04, 320.83, 14.82, 257.14, 16.53, 200.09, 17.25, 138.07, 15.8, 95.8, 16.44], (233.4519, 731.5883, 1527.885)]
[60485.56, [440.4, 68.58, 28.96, 31.2, 363.8, 16.27, 283.08, 20.65, 263.33, 22.08, 202.01, 22.32, 135.34, 17.14, 96.32, 16.55], (451.9764, 1304.548, 2280.897)]
[79458.7, [440.4, 68.58, 28.96, 33.5, 365.62, 15.5, 320.94, 20.6, 273.12, 22.07, 201.96, 22.98, 141.09, 16.77, 103.14, 17.02], (520.1414, 1222.845, 2193.774)]
[81265.05, [440.4, 68.58, 28.96, 35.89, 367.21, 15.5, 320.68, 20.6, 273.12, 22.07, 201.96, 22.73, 141.09, 17.21, 102.64, 17.02], (526.0949, 1237.772, 2193.99)]

Population size: 30
Number of couples: 13
Number of kept parents: 0
Best parent kept: True
Mutation Probability: 0.3
Mutation range (x, y): 5, 0.5
Number of Parameters: 6
Length, Width, Height: [440, 69, 29]
Target Frequencies: (130.8, 523.2, 1308.0)

Written time: 11/05/2023 14:04:31