[110.77, [440.4, 68.58, 28.96, 26.63, 371.5, 15.79, 323.54, 20.95, 266.37, 22.33, 201.0, 22.27, 135.32, 17.14, 103.14, 16.89], (130.4119, 519.8066, 1208.135)]
[118.09, [440.4, 68.58, 28.96, 32.59, 369.89, 16.56, 281.9, 21.05, 264.51, 22.35, 207.94, 23.06, 129.86, 16.66, 96.32, 16.83], (129.0376, 542.1013, 1260.563)]
[119.62, [440.4, 68.58, 28.96, 32.35, 379.65, 15.06, 291.55, 21.65, 263.89, 22.97, 202.02, 22.02, 131.29, 16.6, 97.15, 15.97], (128.3894, 537.4481, 1261.431)]
[203.32, [440.0, 69.0, 29.0, 31.2, 369.89, 16.76, 281.9, 21.16, 269.74, 22.73, 205.71, 23.14, 137.07, 17.15, 110.22, 16.85], (125.0605, 537.0797, 1276.885)]
[234.82, [440.4, 68.58, 28.96, 34.8, 381.05, 15.92, 278.37, 21.05, 272.44, 23.12, 203.86, 22.83, 134.65, 16.12, 96.32, 16.83], (124.794, 541.7642, 1266.776)]
[260.59, [440.4, 68.58, 28.96, 39.11, 367.3, 16.18, 325.53, 20.73, 265.31, 22.61, 203.86, 22.83, 131.91, 16.3, 95.8, 16.46], (124.8697, 516.3842, 1208.868)]
[267.05, [440.4, 68.58, 28.96, 34.83, 381.05, 16.48, 278.37, 21.05, 272.44, 23.12, 200.85, 22.69, 134.14, 17.15, 106.34, 16.62], (123.4815, 529.0203, 1253.485)]
[302.06, [440.0, 69.0, 29.0, 31.2, 369.89, 16.71, 283.12, 21.16, 267.9, 22.73, 204.4, 23.56, 134.65, 15.94, 97.79, 17.4], (122.9827, 536.0938, 1256.741)]
[309.98, [440.4, 68.58, 28.96, 35.58, 372.69, 15.96, 334.37, 21.55, 270.39, 22.58, 207.42, 22.3, 139.71, 17.35, 106.04, 16.89], (125.6616, 501.4237, 1168.941)]
[325.24, [440.4, 68.58, 28.96, 39.11, 370.96, 16.18, 329.64, 20.77, 265.31, 22.73, 200.54, 22.69, 134.65, 16.26, 96.32, 16.83], (123.9734, 510.7873, 1192.151)]
[346.63, [440.0, 69.0, 29.0, 31.2, 367.15, 16.52, 281.9, 21.16, 269.18, 22.79, 204.4, 23.56, 134.65, 16.54, 95.8, 16.83], (121.6456, 532.0871, 1260.568)]
[430.24, [440.4, 68.58, 28.96, 28.9, 375.61, 15.83, 332.48, 21.76, 271.0, 22.58, 199.27, 22.08, 125.44, 17.18, 86.84, 16.92], (124.9839, 485.1114, 1113.249)]
[576.83, [440.4, 68.58, 28.96, 31.2, 367.53, 17.01, 281.99, 20.87, 269.21, 22.73, 200.42, 23.44, 138.6, 16.49, 96.32, 23.32], (120.7885, 496.5536, 1114.555)]
[609.49, [440.0, 69.0, 29.0, 31.2, 369.89, 15.81, 334.82, 22.95, 226.66, 22.56, 204.69, 22.27, 133.71, 17.06, 89.57, 17.65], (120.8127, 483.1279, 1114.318)]
[621.94, [440.4, 68.58, 28.96, 41.37, 377.68, 16.52, 282.47, 21.19, 269.21, 23.21, 207.8, 22.75, 113.09, 17.56, 56.53, 17.18], (119.9318, 491.6316, 1123.274)]
[764.21, [440.4, 68.58, 28.96, 34.8, 381.05, 16.16, 278.37, 21.05, 272.92, 23.12, 203.86, 22.83, 130.0, 15.75, 95.8, 16.87], (144.8928, 598.0795, 1355.963)]
[2057.13, [440.4, 68.58, 28.96, 24.82, 367.42, 16.5, 281.9, 21.16, 269.21, 22.73, 204.4, 23.44, 138.6, 16.49, 96.32, 23.32], (122.4559, 1219.435, 1232.483)]
[2123.33, [440, 69, 29, 36.79, 349.98, 19.08, 295.75, 22.88, 269.64, 19.56, 181.06, 16.2, 112.07, 22.01, 84.64, 18.91], (164.4965, 506.3319, 1182.881)]
[2470.24, [440.4, 68.58, 28.96, 37.69, 377.68, 16.52, 278.98, 21.19, 269.21, 23.21, 210.04, 23.14, 134.65, 17.36, 91.15, 16.98], (120.1985, 1128.404, 1920.048)]
[2563.9, [440.0, 69.0, 29.0, 31.2, 369.89, 16.52, 281.9, 21.32, 264.93, 22.73, 207.08, 23.56, 141.07, 17.15, 106.34, 16.5], (122.334, 1075.527, 2244.75)]
[2834.49, [440.0, 69.0, 29.0, 11.95, 384.07, 20.21, 317.2, 19.03, 263.31, 19.7, 190.09, 20.24, 134.65, 17.36, 91.17, 16.55], (171.8699, 577.7803, 1241.955)]
[3120.95, [440.4, 68.58, 28.96, 33.0, 378.02, 16.09, 331.28, 21.76, 269.16, 22.72, 199.96, 23.29, 137.92, 16.91, 96.92, 16.02], (95.96758, 116.8968, 1258.579)]
[3237.45, [440, 69, 29, 25.29, 349.83, 18.69, 308.55, 18.78, 267.1, 16.18, 214.88, 22.66, 122.28, 15.47, 58.43, 21.21], (175.2754, 602.7659, 1235.523)]
[3544.4, [440.4, 68.58, 28.96, 39.11, 366.49, 16.18, 329.64, 21.18, 265.31, 22.73, 202.74, 22.88, 132.33, 16.48, 96.32, 16.83], (121.4503, 1567.462, 1955.856)]
[3835.12, [440.4, 68.58, 28.96, 24.63, 375.61, 16.3, 332.48, 21.76, 269.16, 22.87, 199.96, 22.85, 133.27, 16.91, 101.3, 16.02], (118.3922, 1424.135, 2453.722)]
[7174.52, [440, 69, 29, 51.99, 338.66, 18.04, 278.31, 21.69, 259.57, 15.73, 190.15, 18.08, 111.16, 17.0, 101.51, 16.37], (206.837, 652.4792, 1528.959)]
[11456.77, [440.4, 68.58, 28.96, 34.8, 382.26, 15.85, 278.37, 21.05, 272.44, 23.12, 203.86, 22.83, 134.65, 16.23, 95.8, 16.83], (237.7725, 567.4469, 1025.75)]
[17753.12, [440.4, 68.58, 28.96, 23.75, 371.5, 15.48, 328.81, 20.95, 266.37, 22.33, 205.67, 22.27, 135.32, 17.3, 103.14, 16.88], (274.2635, 689.6882, 1461.376)]
[68743.71, [440.4, 68.58, 28.96, 19.96, 371.5, 15.79, 325.32, 20.95, 271.16, 22.33, 202.31, 22.13, 135.32, 17.14, 106.2, 16.52], (483.2187, 1217.88, 2156.093)]
[79353.04, [440.4, 68.58, 28.96, 31.2, 369.03, 15.39, 325.32, 20.95, 269.21, 22.33, 205.67, 22.76, 139.35, 16.99, 103.14, 16.51], (519.905, 1223.876, 2155.49)]

Population size: 30
Number of couples: 13
Number of kept parents: 0
Best parent kept: True
Mutation Probability: 0.3
Mutation range (x, y): 5, 0.5
Number of Parameters: 6
Length, Width, Height: [440, 69, 29]
Target Frequencies: (130.8, 523.2, 1308.0)

Written time: 11/05/2023 13:29:36