[23.31, [440.0, 68.58, 28.96, 36.93, 381.38, 15.44, 276.58, 22.19, 275.36, 22.71, 207.76, 22.35, 155.57, 21.79, 90.13, 15.15], (131.1839, 531.4995, 1307.818)]
[31.08, [440.0, 68.58, 28.96, 35.44, 381.38, 15.33, 277.99, 21.92, 280.0, 22.55, 203.38, 22.06, 155.14, 22.65, 84.41, 14.69], (131.6628, 521.5753, 1288.992)]
[42.35, [440.0, 69.0, 28.96, 41.18, 381.27, 16.12, 277.99, 21.92, 281.15, 22.55, 203.38, 22.06, 154.88, 22.59, 89.15, 15.02], (131.1887, 518.3667, 1280.159)]
[44.04, [440.0, 68.58, 28.96, 29.37, 385.86, 15.51, 273.9, 22.32, 276.79, 21.92, 200.45, 22.77, 160.62, 22.11, 83.93, 14.74], (131.7997, 529.777, 1290.399)]
[49.71, [440.0, 68.58, 28.96, 36.93, 381.37, 15.82, 282.11, 21.39, 276.22, 22.71, 204.08, 22.74, 159.6, 21.38, 84.44, 14.75], (130.1422, 539.0366, 1312.783)]
[87.51, [440.0, 68.58, 28.96, 36.93, 381.11, 15.82, 282.11, 20.94, 276.22, 22.71, 204.08, 22.97, 156.29, 21.63, 82.51, 14.55], (127.566, 534.0756, 1305.837)]
[91.15, [440.0, 68.58, 28.96, 35.44, 381.38, 16.17, 281.46, 20.62, 271.58, 22.9, 204.08, 22.69, 155.14, 22.29, 87.56, 15.15], (127.37, 527.7051, 1291.634)]
[93.27, [440.0, 68.58, 28.96, 36.79, 363.49, 16.0, 276.58, 21.92, 281.15, 22.37, 203.38, 22.06, 162.39, 22.83, 85.76, 14.77], (133.1669, 533.8231, 1338.297)]
[98.17, [440.0, 69.0, 28.96, 24.45, 367.47, 16.26, 283.63, 21.53, 281.6, 22.68, 214.77, 22.51, 169.84, 22.13, 85.16, 14.61], (132.264, 543.9449, 1336.596)]
[100.46, [440.0, 69.0, 28.96, 26.96, 370.12, 15.79, 276.92, 20.87, 267.86, 23.13, 204.08, 22.53, 155.38, 21.46, 86.41, 15.4], (131.2431, 549.4277, 1339.943)]
[114.4, [440.0, 68.58, 28.96, 36.93, 381.37, 15.78, 277.38, 20.94, 280.29, 22.71, 204.08, 22.46, 155.38, 21.38, 84.44, 14.99], (133.2443, 546.1847, 1326.721)]
[121.22, [440.0, 69.0, 28.96, 30.08, 376.33, 16.93, 279.62, 21.53, 281.6, 22.37, 198.39, 22.82, 157.45, 22.37, 87.21, 14.7], (127.2214, 516.6971, 1270.733)]
[128.68, [440.0, 68.58, 28.96, 35.44, 381.38, 15.57, 275.02, 20.16, 269.76, 22.9, 203.07, 22.92, 155.14, 22.15, 86.41, 15.28], (127.234, 540.6798, 1325.645)]
[141.79, [440.0, 69.0, 28.96, 26.96, 373.91, 15.79, 277.99, 21.48, 277.87, 22.55, 202.22, 22.06, 155.14, 22.29, 89.15, 14.54], (134.8035, 539.3405, 1329.336)]
[153.39, [440.0, 69.0, 29.0, 35.65, 342.92, 18.02, 277.67, 21.22, 275.36, 22.71, 207.76, 22.59, 155.57, 21.79, 87.06, 14.5], (132.1504, 550.4466, 1377.585)]
[170.87, [440.0, 69.0, 28.96, 26.96, 374.32, 15.79, 276.92, 20.94, 276.22, 22.94, 207.06, 22.43, 155.38, 21.22, 84.44, 14.86], (133.9628, 554.0049, 1345.608)]
[181.47, [440.0, 69.0, 28.96, 26.96, 368.92, 16.15, 277.34, 21.45, 275.36, 22.45, 205.1, 22.53, 155.38, 21.68, 86.41, 15.4], (135.9391, 543.9997, 1320.973)]
[181.79, [440.4, 68.58, 28.96, 33.68, 374.67, 15.55, 278.34, 21.51, 278.67, 22.71, 201.17, 22.23, 167.8, 21.7, 88.61, 15.38], (134.4407, 550.6716, 1351.64)]
[240.1, [440.0, 69.0, 28.96, 31.16, 368.74, 16.61, 270.33, 22.84, 275.36, 22.32, 211.65, 22.69, 152.17, 23.04, 87.21, 14.7], (124.8749, 503.5045, 1261.36)]
[273.73, [440.0, 68.58, 28.96, 36.79, 371.28, 16.16, 277.34, 21.99, 281.23, 22.72, 206.43, 22.81, 165.17, 22.37, 82.74, 14.15], (125.9055, 586.6769, 1314.75)]
[1297.0, [440.0, 69.0, 28.96, 29.73, 374.1, 15.79, 276.92, 20.39, 269.82, 22.88, 204.08, 22.69, 151.55, 21.91, 83.94, 15.02], (120.7568, 131.7322, 1308.052)]
[2214.66, [440, 69, 29, 54.09, 350.33, 20.76, 328.36, 20.36, 247.97, 17.79, 168.1, 22.99, 126.96, 18.78, 103.07, 19.53], (166.0585, 568.4102, 1299.974)]
[3086.54, [440.0, 68.58, 28.96, 36.79, 374.67, 16.4, 277.34, 21.74, 276.22, 22.71, 204.08, 22.18, 155.38, 21.22, 84.44, 14.57], (135.7132, 1300.239, 2343.037)]
[3313.5, [440.0, 68.58, 28.96, 35.67, 381.38, 15.44, 276.58, 21.99, 231.85, 19.78, 176.69, 20.94, 123.9, 17.34, 57.62, 19.02], (164.766, 173.1285, 849.2297)]
[11842.21, [440, 69, 29, 45.81, 340.07, 18.93, 289.22, 17.37, 270.46, 18.33, 217.41, 14.67, 133.22, 16.81, 103.85, 22.9], (237.6728, 712.6952, 1628.039)]
[79846.58, [440.0, 69.0, 28.96, 30.08, 374.67, 16.51, 280.44, 21.53, 277.05, 22.37, 198.39, 22.35, 153.55, 22.45, 85.58, 14.7], (520.7021, 1279.088, 2275.028)]
[79998.0, [440.0, 69.0, 28.96, 27.98, 374.1, 16.15, 277.34, 21.49, 275.36, 22.52, 205.1, 22.69, 155.14, 21.93, 83.94, 15.23], (530.4246, 564.4246, 1315.537)]
[87021.71, [440.0, 68.58, 28.96, 36.32, 383.07, 15.82, 282.8, 20.16, 269.76, 22.9, 203.07, 22.25, 155.14, 22.15, 86.41, 15.02], (544.1172, 1318.243, 2313.872)]
[122756.96, [440.0, 69.0, 28.96, 31.49, 366.51, 15.78, 277.34, 21.99, 281.6, 22.72, 206.9, 22.58, 162.39, 22.37, 87.21, 14.61], (652.465, 1515.77, 2435.318)]
[136085.88, [440, 69, 29, 11.39, 367.37, 16.67, 294.73, 16.86, 268.38, 18.34, 191.02, 17.74, 146.22, 18.22, 96.94, 21.5], (690.3087, 1505.87, 2591.369)]

Population size: 30
Number of couples: 13
Number of kept parents: 0
Best parent kept: True
Mutation Probability: 0.3
Mutation range (x, y): 5, 0.5
Number of Parameters: 6
Length, Width, Height: [440, 69, 29]
Target Frequencies: (130.8, 523.2, 1308.0)

Written time: 12/05/2023 16:11:26