[100.52, [440.4, 68.58, 28.96, 37.39, 367.21, 15.5, 325.32, 20.6, 268.79, 22.07, 201.96, 22.44, 135.19, 17.14, 93.0, 16.55], (131.6166, 524.8319, 1218.942)]
[102.53, [440.4, 68.58, 28.96, 31.2, 366.88, 16.3, 278.37, 21.08, 276.2, 22.68, 199.64, 22.71, 136.44, 16.2, 95.8, 16.44], (128.9199, 550.5629, 1299.653)]
[106.89, [440.4, 68.58, 28.96, 29.63, 366.88, 16.3, 273.64, 20.99, 272.88, 22.55, 204.53, 22.51, 139.67, 17.14, 103.14, 17.21], (132.3862, 555.9683, 1303.007)]
[113.49, [440.4, 68.58, 28.96, 37.39, 370.96, 15.82, 329.59, 19.7, 266.49, 22.81, 203.48, 22.26, 134.45, 16.26, 91.06, 16.47], (129.9734, 534.3968, 1230.022)]
[141.05, [440.4, 68.58, 28.96, 22.22, 374.09, 15.7, 325.32, 20.95, 263.33, 22.32, 201.07, 22.32, 132.43, 17.14, 95.8, 16.55], (130.2211, 515.7998, 1189.859)]
[158.27, [440.4, 68.58, 28.96, 32.02, 364.71, 16.09, 281.72, 20.78, 269.21, 22.07, 201.96, 22.51, 136.77, 17.45, 103.14, 17.02], (134.6381, 554.2248, 1302.489)]
[166.59, [440.4, 68.58, 28.96, 30.49, 367.94, 16.16, 284.2, 20.65, 269.21, 22.07, 201.96, 22.59, 135.19, 17.14, 92.6, 16.55], (134.4277, 551.6579, 1281.648)]
[179.29, [440.4, 68.58, 28.96, 32.02, 364.93, 16.52, 281.72, 20.78, 269.86, 22.45, 201.5, 22.23, 134.45, 16.7, 91.06, 16.83], (134.7025, 554.8895, 1285.024)]
[181.95, [440.4, 68.58, 28.96, 29.63, 364.93, 16.52, 282.31, 20.78, 269.21, 22.47, 204.53, 22.51, 138.57, 16.06, 95.8, 16.74], (134.5654, 566.1175, 1309.595)]
[199.49, [440.4, 68.58, 28.96, 23.75, 372.49, 15.79, 325.32, 20.95, 263.33, 22.33, 201.07, 22.83, 129.92, 16.12, 95.8, 17.23], (127.4513, 515.3784, 1189.345)]
[221.46, [440.0, 69.0, 29.0, 30.85, 366.44, 16.18, 332.37, 21.17, 267.14, 22.77, 200.85, 22.29, 134.29, 16.28, 95.8, 16.42], (126.6605, 513.5312, 1194.937)]
[286.93, [440.4, 68.58, 28.96, 29.63, 368.69, 16.55, 281.84, 20.71, 271.42, 22.19, 201.96, 22.09, 139.57, 17.14, 101.95, 17.6], (137.7163, 557.0362, 1287.553)]
[295.8, [440.0, 69.0, 29.0, 30.85, 367.07, 15.85, 332.37, 21.17, 265.31, 22.77, 200.85, 22.69, 138.57, 16.06, 95.8, 16.74], (124.4313, 513.0094, 1198.399)]
[302.7, [440.4, 68.58, 28.96, 31.2, 366.88, 16.3, 278.37, 20.86, 272.88, 22.31, 200.61, 22.71, 137.35, 17.3, 110.03, 17.03], (131.5837, 405.7413, 1305.883)]
[327.57, [440.4, 68.58, 28.96, 29.63, 366.96, 16.52, 281.84, 20.71, 271.42, 22.07, 201.96, 22.1, 137.35, 17.15, 106.34, 16.85], (138.6912, 563.215, 1313.855)]
[332.28, [440.4, 68.58, 28.96, 34.8, 385.42, 16.16, 278.37, 21.05, 272.75, 23.43, 200.54, 22.74, 134.65, 15.75, 100.24, 16.89], (122.2897, 537.8547, 1260.627)]
[350.25, [440.4, 68.58, 28.96, 32.35, 379.65, 15.34, 291.55, 23.26, 226.66, 22.55, 202.04, 22.4, 131.62, 16.28, 95.22, 16.83], (122.493, 516.4487, 1214.052)]
[365.03, [440.4, 68.58, 28.96, 37.39, 369.83, 15.5, 325.32, 20.6, 268.79, 22.45, 206.19, 22.57, 134.65, 16.84, 89.57, 17.18], (139.0616, 554.0664, 1257.595)]
[497.87, [440, 69, 29, 26.83, 368.6, 17.29, 286.2, 21.85, 269.12, 20.05, 165.48, 22.53, 127.53, 17.53, 86.27, 18.82], (141.4313, 513.4727, 1181.085)]
[525.26, [440.4, 68.58, 28.96, 38.03, 381.05, 16.51, 277.23, 21.33, 279.55, 23.57, 202.01, 22.69, 138.08, 17.24, 103.14, 17.54], (118.726, 514.6482, 1223.66)]
[696.11, [440.4, 68.58, 28.96, 37.39, 370.96, 15.82, 329.98, 20.7, 268.79, 23.04, 204.4, 23.21, 132.54, 16.54, 95.66, 16.5], (117.3376, 496.2067, 1173.32)]
[720.3, [440.4, 68.58, 28.96, 27.05, 366.37, 15.91, 275.4, 20.86, 272.43, 22.98, 201.96, 22.06, 133.79, 15.74, 95.8, 16.74], (134.3042, 337.3993, 1117.795)]
[1418.69, [440.4, 68.58, 28.96, 30.93, 383.67, 18.08, 329.59, 20.11, 272.05, 22.51, 198.76, 22.26, 134.45, 16.14, 92.76, 16.36], (130.4172, 272.2393, 519.0842)]
[3039.48, [440.4, 68.58, 28.96, 30.92, 366.88, 16.74, 278.37, 20.59, 272.88, 22.28, 196.31, 22.71, 131.62, 16.28, 103.88, 16.75], (105.0054, 132.3412, 555.729)]
[3095.91, [440.4, 68.58, 28.96, 30.08, 360.43, 16.98, 283.45, 20.78, 269.21, 22.07, 201.96, 22.27, 132.43, 17.14, 103.14, 17.12], (138.1833, 1291.378, 2282.841)]
[3235.22, [440.4, 68.58, 28.96, 31.2, 378.02, 16.1, 334.08, 21.76, 277.66, 22.58, 201.96, 22.51, 129.83, 16.71, 91.29, 17.4], (103.7176, 122.8098, 483.1452)]
[17845.92, [440, 69, 29, 15.68, 338.57, 17.0, 326.49, 20.79, 260.72, 16.54, 166.19, 17.09, 138.82, 19.4, 58.03, 22.04], (271.8945, 653.1284, 2069.441)]
[37704.66, [440.4, 68.58, 28.96, 29.63, 369.49, 16.52, 277.85, 20.78, 267.35, 22.47, 199.64, 22.71, 131.62, 16.75, 95.81, 16.44], (371.5582, 605.7785, 1449.244)]
[63854.87, [440, 69, 29, 40.71, 349.81, 20.82, 306.26, 21.77, 244.34, 22.88, 214.48, 19.28, 116.44, 20.71, 57.52, 18.12], (468.0468, 1044.484, 1926.712)]
[89941.17, [440.4, 68.58, 28.96, 32.08, 365.43, 16.45, 281.9, 21.02, 264.51, 22.73, 201.5, 22.23, 137.49, 16.3, 86.15, 16.83], (554.3669, 1281.064, 2181.301)]

Population size: 30
Number of couples: 13
Number of kept parents: 0
Best parent kept: True
Mutation Probability: 0.3
Mutation range (x, y): 5, 0.5
Number of Parameters: 6
Length, Width, Height: [440, 69, 29]
Target Frequencies: (130.8, 523.2, 1308.0)

Written time: 11/05/2023 13:43:34