[36.17, [440.0, 69.0, 28.96, 30.08, 374.67, 16.51, 270.47, 21.94, 280.76, 22.74, 210.47, 22.46, 162.39, 22.37, 87.21, 14.7], (130.012, 532.4222, 1314.122)]
[39.27, [440.0, 68.58, 28.96, 36.79, 374.67, 16.16, 277.34, 21.74, 275.36, 22.68, 205.1, 22.53, 155.38, 21.4, 86.41, 15.4], (131.4618, 536.5265, 1308.572)]
[43.59, [440.0, 68.58, 28.96, 36.93, 381.38, 15.82, 276.58, 21.92, 281.15, 22.37, 203.38, 22.06, 162.39, 22.83, 87.21, 14.77], (132.7836, 527.3067, 1302.618)]
[47.58, [440.4, 68.58, 28.96, 36.79, 371.76, 16.14, 279.62, 21.53, 281.6, 22.37, 202.41, 22.46, 162.39, 22.37, 87.21, 14.7], (131.2986, 534.2768, 1324.365)]
[54.01, [440.0, 69.0, 28.96, 27.98, 375.05, 16.15, 279.37, 21.45, 281.6, 22.72, 206.43, 22.23, 162.39, 22.37, 87.21, 14.71], (132.2094, 534.595, 1316.793)]
[62.62, [440.0, 68.58, 28.96, 30.87, 384.91, 16.58, 281.46, 20.62, 277.3, 22.65, 206.43, 22.69, 155.14, 22.29, 87.16, 14.7], (128.9332, 528.3656, 1283.8)]
[64.33, [440.0, 69.0, 28.96, 31.16, 374.67, 16.16, 274.15, 22.19, 275.36, 22.71, 207.76, 22.69, 152.17, 21.79, 90.13, 15.37], (128.0725, 523.1745, 1288.775)]
[65.69, [440.0, 68.58, 28.96, 28.64, 374.8, 16.76, 272.16, 21.46, 278.87, 22.68, 215.87, 22.51, 166.65, 22.05, 83.12, 15.82], (132.3513, 538.8554, 1300.768)]
[79.29, [440.0, 69.0, 28.96, 26.96, 374.32, 15.79, 276.92, 20.62, 269.76, 22.9, 204.08, 22.69, 155.14, 22.29, 86.41, 15.02], (128.7566, 537.8004, 1321.576)]
[84.66, [440.0, 69.0, 28.96, 24.85, 374.01, 15.79, 272.1, 21.85, 271.6, 22.49, 203.52, 22.61, 159.57, 21.91, 90.8, 15.47], (132.2531, 542.1827, 1327.685)]
[94.7, [440.0, 68.58, 28.96, 29.37, 382.49, 15.29, 276.92, 21.43, 281.15, 22.36, 203.38, 22.79, 162.39, 23.12, 87.21, 14.29], (126.409, 523.1217, 1305.511)]
[100.74, [440.0, 68.58, 28.96, 29.37, 383.16, 15.51, 273.9, 21.92, 276.79, 22.37, 200.15, 22.77, 160.62, 22.82, 87.21, 14.7], (127.0263, 519.852, 1288.933)]
[110.3, [440.0, 69.0, 28.96, 29.48, 363.49, 16.0, 281.94, 20.94, 276.22, 22.71, 204.08, 22.97, 155.38, 21.63, 84.44, 14.86], (128.015, 538.5797, 1333.377)]
[117.3, [440.4, 68.58, 28.96, 33.68, 374.67, 15.83, 276.28, 21.74, 275.36, 22.71, 201.17, 22.23, 167.8, 22.11, 83.93, 14.67], (133.0578, 544.2412, 1338.767)]
[119.54, [440.0, 68.58, 28.96, 29.37, 382.49, 15.51, 277.12, 20.62, 269.69, 23.05, 204.08, 22.82, 155.14, 22.29, 86.41, 15.02], (126.2519, 531.4268, 1306.02)]
[140.88, [440.0, 69.0, 29.0, 30.9, 363.69, 16.18, 272.1, 20.94, 277.3, 22.71, 204.08, 23.05, 155.38, 21.83, 84.44, 14.86], (128.0377, 544.0771, 1350.774)]
[154.47, [440.0, 69.0, 28.96, 27.98, 371.85, 16.26, 279.37, 21.53, 281.6, 22.68, 217.15, 22.51, 167.6, 22.05, 89.38, 14.15], (133.0136, 551.5967, 1358.54)]
[157.32, [440.0, 69.0, 28.96, 41.18, 377.61, 16.28, 281.46, 21.11, 281.6, 22.74, 206.43, 22.46, 165.21, 23.31, 83.13, 14.7], (125.764, 514.9825, 1284.233)]
[193.54, [440.0, 69.0, 28.96, 27.98, 377.96, 16.18, 276.92, 20.94, 277.3, 22.71, 204.61, 22.46, 162.39, 22.96, 87.21, 14.74], (129.0282, 531.1428, 1458.103)]
[2884.8, [440.0, 68.58, 28.96, 29.37, 382.49, 15.8, 273.9, 21.92, 281.15, 22.37, 203.38, 22.37, 159.13, 22.82, 85.84, 14.77], (130.555, 1293.367, 2266.165)]
[3741.38, [440, 69, 29, 15.48, 348.96, 20.82, 313.24, 17.11, 250.9, 18.15, 172.43, 22.63, 136.76, 17.3, 100.49, 22.65], (180.1616, 624.8604, 1327.195)]
[4513.96, [440, 69, 29, 27.9, 342.18, 15.08, 324.82, 22.54, 248.53, 19.18, 207.7, 17.73, 126.01, 20.18, 73.86, 17.1], (187.1212, 603.2877, 1394.977)]
[4708.2, [440, 69, 29, 31.85, 354.69, 21.87, 324.58, 14.89, 271.7, 18.51, 214.3, 20.93, 154.37, 18.77, 100.42, 20.4], (187.4461, 660.1692, 1410.392)]
[5002.29, [440.0, 69.0, 28.96, 28.52, 374.67, 16.51, 275.56, 21.94, 283.66, 22.68, 217.15, 22.51, 169.1, 21.75, 89.38, 14.55], (83.00643, 140.8277, 565.7514)]
[10033.1, [440.0, 68.58, 28.96, 29.61, 377.15, 16.18, 273.47, 20.94, 285.41, 21.93, 207.76, 21.67, 153.47, 21.91, 89.75, 14.86], (208.302, 1356.263, 2435.539)]
[26035.07, [440.0, 68.58, 28.96, 32.75, 380.96, 16.58, 281.46, 20.2, 281.6, 22.74, 206.43, 21.98, 162.39, 22.78, 86.55, 14.53], (308.0811, 1084.553, 2335.246)]
[81746.3, [440.0, 69.0, 29.0, 30.9, 363.69, 16.18, 276.92, 21.92, 281.38, 22.37, 203.38, 22.37, 162.39, 22.82, 86.12, 14.77], (526.4123, 1322.428, 2368.924)]
[82582.14, [440.4, 68.58, 28.96, 32.75, 380.17, 16.58, 281.46, 20.37, 281.6, 22.74, 210.98, 22.46, 158.38, 22.82, 87.21, 14.33], (529.6252, 1306.282, 2284.621)]
[86063.4, [440.0, 69.0, 28.96, 27.98, 374.67, 16.16, 274.97, 21.53, 281.6, 22.74, 206.43, 22.49, 162.39, 22.11, 87.21, 14.7], (540.812, 1331.157, 2329.188)]
[132397.58, [440.0, 68.58, 28.96, 29.09, 374.32, 15.79, 269.52, 20.94, 277.3, 22.71, 204.08, 22.97, 155.38, 21.63, 84.44, 15.12], (676.2349, 1813.809, 3095.208)]

Population size: 30
Number of couples: 13
Number of kept parents: 0
Best parent kept: True
Mutation Probability: 0.3
Mutation range (x, y): 5, 0.5
Number of Parameters: 6
Length, Width, Height: [440, 69, 29]
Target Frequencies: (130.8, 523.2, 1308.0)

Written time: 12/05/2023 15:55:19