[82.94, [440.4, 68.58, 28.96, 32.82, 362.09, 16.45, 277.36, 21.35, 279.99, 22.36, 205.72, 22.64, 135.39, 16.81, 95.8, 16.78], (131.4125, 547.7668, 1291.275)]
[86.93, [440.0, 68.58, 28.96, 29.9, 366.57, 16.59, 270.06, 21.72, 278.84, 22.54, 203.71, 22.51, 135.8, 16.8, 93.45, 16.74], (130.99, 545.9089, 1278.67)]
[87.33, [440.4, 68.58, 28.96, 33.42, 364.28, 16.13, 277.67, 21.44, 279.75, 22.8, 211.13, 22.2, 136.75, 17.25, 95.8, 16.55], (131.832, 547.7624, 1292.559)]
[92.7, [440.0, 69.0, 28.96, 29.9, 367.79, 16.59, 274.19, 21.72, 278.84, 22.41, 208.24, 22.51, 136.01, 17.09, 100.58, 16.74], (131.8442, 544.7814, 1279.928)]
[95.69, [440.4, 68.58, 28.96, 33.42, 363.84, 16.45, 275.49, 21.35, 279.99, 22.36, 205.72, 22.91, 135.39, 16.81, 95.8, 16.79], (129.1648, 544.1254, 1285.53)]
[106.74, [440.4, 69.0, 28.96, 33.78, 368.19, 16.67, 282.88, 20.75, 271.42, 22.63, 201.3, 22.53, 134.31, 15.8, 96.81, 16.74], (131.8344, 557.7455, 1298.144)]
[107.06, [440.4, 68.58, 28.96, 32.75, 373.82, 16.49, 278.72, 21.44, 270.0, 22.63, 201.3, 22.33, 133.38, 16.03, 96.81, 17.16], (131.5294, 548.1027, 1269.427)]
[114.4, [440.4, 68.58, 28.96, 33.78, 371.5, 16.49, 278.44, 20.71, 272.48, 22.63, 201.3, 22.53, 133.38, 16.03, 92.23, 16.74], (131.9418, 556.1429, 1288.158)]
[123.26, [440.4, 68.58, 28.96, 37.62, 370.37, 16.49, 278.72, 21.44, 270.0, 22.51, 202.74, 22.18, 132.91, 16.8, 86.45, 16.74], (132.5325, 542.8594, 1256.69)]
[132.01, [440.0, 69.0, 28.96, 29.14, 371.5, 16.1, 278.37, 21.02, 269.03, 22.46, 201.52, 22.33, 135.8, 17.33, 89.95, 16.67], (133.0195, 546.0766, 1266.246)]
[136.24, [440.4, 68.58, 28.96, 29.99, 364.63, 16.49, 279.55, 20.71, 271.42, 22.83, 197.78, 22.83, 133.38, 16.03, 96.81, 16.74], (127.4309, 550.5931, 1302.087)]
[169.83, [440.0, 68.58, 28.96, 33.3, 369.75, 16.83, 280.97, 21.03, 272.1, 22.51, 202.54, 23.15, 140.61, 16.68, 93.62, 16.4], (126.5693, 541.1968, 1270.18)]
[267.59, [440, 69, 29, 18.14, 330.2, 19.14, 294.33, 21.48, 262.75, 22.5, 184.87, 22.0, 156.29, 20.55, 67.21, 15.89], (126.8403, 496.6686, 1185.529)]
[395.04, [440.0, 69.0, 28.96, 33.78, 371.5, 16.01, 282.88, 20.71, 271.42, 22.13, 205.91, 22.06, 135.8, 16.72, 88.26, 15.79], (139.9919, 568.9339, 1310.019)]
[399.04, [440.0, 69.0, 29.0, 43.28, 355.61, 20.76, 288.0, 21.27, 266.39, 16.59, 201.33, 22.87, 136.79, 22.38, 88.47, 20.74], (131.0211, 468.2321, 1047.42)]
[411.32, [440.4, 68.58, 29.0, 50.92, 339.43, 16.96, 278.37, 21.07, 273.21, 23.13, 165.13, 19.76, 135.8, 17.14, 87.58, 16.67], (139.1804, 568.2184, 1364.166)]
[504.63, [440.0, 69.0, 29.0, 47.7, 337.5, 16.65, 275.16, 21.26, 279.72, 22.84, 197.92, 21.93, 151.83, 15.58, 96.81, 16.45], (137.3207, 601.2174, 1451.08)]
[532.15, [440.0, 69.0, 28.96, 37.24, 362.9, 18.15, 325.27, 22.49, 245.85, 22.26, 194.89, 17.94, 137.58, 17.47, 93.95, 17.26], (141.9559, 537.6824, 1184.667)]
[566.84, [440.4, 68.58, 28.96, 32.64, 364.63, 16.1, 280.03, 21.02, 269.03, 22.74, 201.52, 22.33, 144.62, 21.37, 74.26, 16.78], (120.9076, 481.968, 1155.382)]
[579.05, [440, 69, 29, 45.72, 370.13, 22.63, 286.97, 22.87, 249.82, 16.85, 189.3, 22.13, 140.48, 22.73, 55.99, 15.06], (134.2152, 427.2197, 1032.017)]
[1944.73, [440.4, 68.58, 28.96, 33.42, 362.09, 16.45, 282.88, 20.71, 267.78, 22.63, 201.3, 22.6, 136.68, 16.03, 98.8, 16.74], (116.1292, 131.7693, 903.7709)]
[2376.81, [440.0, 69.0, 28.96, 33.78, 371.5, 16.13, 282.88, 20.71, 271.42, 22.23, 201.3, 22.42, 133.38, 16.03, 96.81, 16.25], (162.8523, 594.2996, 1692.425)]
[3220.58, [440.4, 68.58, 28.96, 33.82, 368.69, 17.07, 277.45, 21.22, 282.77, 22.95, 205.02, 22.77, 141.43, 16.2, 95.97, 17.02], (100.7065, 132.8392, 714.1821)]
[4827.84, [440.4, 68.58, 28.96, 31.73, 372.19, 16.73, 281.93, 21.09, 276.2, 22.74, 194.67, 22.33, 135.97, 17.14, 93.95, 16.65], (88.42052, 1220.985, 1632.495)]
[7803.32, [440, 69, 29, 30.64, 379.56, 15.13, 275.93, 15.4, 273.99, 21.44, 183.99, 14.75, 162.0, 18.39, 89.76, 16.22], (210.1512, 713.9527, 1565.891)]
[69101.15, [440.4, 69.0, 28.96, 33.78, 370.12, 16.49, 282.88, 20.92, 271.42, 22.63, 202.92, 22.88, 133.38, 16.03, 96.81, 16.74], (481.2925, 1373.59, 2665.912)]
[88055.46, [440.4, 68.58, 28.96, 33.42, 362.09, 16.45, 277.36, 21.59, 279.99, 22.36, 205.72, 22.64, 135.53, 16.45, 95.8, 16.86], (547.8771, 1293.425, 2260.467)]
[92511.96, [440.0, 69.0, 29.0, 27.13, 369.75, 17.31, 277.21, 21.03, 274.64, 22.61, 202.01, 22.01, 136.31, 16.26, 96.77, 16.33], (562.3722, 1289.525, 2247.971)]
[93005.92, [440.0, 69.0, 28.96, 33.07, 367.72, 17.85, 326.71, 22.16, 245.85, 22.22, 194.89, 17.86, 148.0, 15.58, 98.28, 16.53], (564.1811, 1254.195, 2265.991)]
[123483.49, [440.0, 69.0, 28.96, 34.28, 372.59, 16.49, 277.36, 21.44, 279.99, 22.36, 205.72, 22.59, 137.91, 17.0, 92.82, 16.78], (656.6564, 1323.896, 2202.684)]

Population size: 30
Number of couples: 13
Number of kept parents: 0
Best parent kept: True
Mutation Probability: 0.3
Mutation range (x, y): 5, 0.5
Number of Parameters: 6
Length, Width, Height: [440, 69, 29]
Target Frequencies: (130.8, 523.2, 1308.0)

Written time: 11/05/2023 14:51:13