[33.25, [440.0, 69.0, 28.96, 30.87, 373.57, 16.22, 282.35, 21.73, 272.28, 22.68, 205.67, 22.51, 162.39, 22.11, 85.25, 15.18], (130.1352, 529.4647, 1295.832)]
[44.54, [440.4, 69.0, 28.96, 31.97, 372.25, 15.67, 282.35, 21.73, 272.28, 22.68, 205.67, 22.51, 162.39, 22.11, 85.25, 14.74], (130.4163, 534.9949, 1320.68)]
[69.48, [440.0, 69.0, 28.96, 23.86, 368.06, 16.96, 277.08, 21.31, 272.28, 22.54, 209.69, 22.92, 162.94, 22.43, 84.6, 14.57], (128.3496, 534.9768, 1309.682)]
[83.69, [440.0, 69.0, 28.96, 30.87, 368.95, 16.22, 275.8, 21.72, 275.63, 22.39, 207.76, 22.36, 155.17, 22.11, 84.6, 14.98], (133.4021, 536.8818, 1315.51)]
[84.52, [440.0, 69.0, 28.96, 32.64, 371.66, 15.67, 275.8, 21.44, 275.63, 22.39, 207.76, 22.46, 153.57, 22.11, 84.6, 15.02], (132.8552, 539.1919, 1323.076)]
[89.42, [440.0, 69.0, 28.96, 26.87, 375.17, 17.05, 281.57, 21.31, 274.85, 22.56, 212.8, 22.37, 162.94, 22.21, 81.82, 14.59], (133.3915, 537.0338, 1294.884)]
[91.15, [440.0, 69.0, 28.96, 26.73, 375.37, 16.11, 279.21, 20.94, 285.87, 22.54, 208.09, 22.6, 168.57, 22.11, 84.89, 15.08], (132.2043, 544.3189, 1329.715)]
[93.89, [440.0, 68.58, 28.96, 31.58, 370.17, 16.17, 282.69, 21.2, 271.42, 22.72, 205.62, 22.51, 159.29, 21.79, 87.37, 14.83], (132.132, 544.3955, 1333.53)]
[105.81, [440.4, 68.58, 28.96, 33.82, 375.84, 16.61, 268.2, 21.46, 274.08, 22.57, 205.97, 22.92, 162.94, 22.43, 84.6, 14.29], (127.5554, 537.0036, 1320.854)]
[111.9, [440.0, 69.0, 28.96, 23.25, 369.61, 16.25, 278.5, 21.07, 285.87, 21.72, 214.41, 22.92, 162.94, 22.43, 84.6, 14.38], (132.5014, 547.868, 1336.039)]
[117.65, [440.4, 68.58, 28.96, 32.75, 373.64, 15.83, 276.92, 20.94, 285.87, 22.54, 208.09, 22.65, 168.57, 22.11, 84.89, 14.74], (131.6026, 549.0344, 1353.875)]
[124.48, [440.0, 69.0, 28.96, 27.82, 369.61, 16.41, 274.83, 21.05, 285.87, 21.72, 209.69, 22.92, 162.94, 22.43, 84.6, 14.23], (132.3877, 549.4008, 1346.971)]
[128.13, [440.0, 69.0, 28.96, 42.78, 367.31, 16.63, 283.72, 21.51, 268.39, 23.03, 201.94, 22.56, 155.17, 22.11, 84.6, 14.98], (126.1259, 519.8821, 1289.222)]
[224.76, [440.4, 68.58, 28.96, 30.79, 369.44, 15.67, 282.61, 22.02, 272.28, 22.08, 207.76, 22.14, 155.17, 21.75, 79.75, 14.98], (137.5455, 541.3021, 1312.314)]
[246.59, [440.4, 68.58, 28.96, 32.75, 373.64, 15.34, 274.97, 21.09, 290.52, 22.63, 210.82, 22.19, 168.57, 22.11, 84.89, 14.74], (135.4964, 555.1832, 1372.853)]
[256.13, [440.0, 69.0, 29.0, 16.37, 383.94, 20.35, 302.12, 21.66, 283.18, 22.64, 207.84, 22.66, 168.57, 22.11, 84.89, 14.68], (128.1853, 495.6276, 1163.076)]
[326.59, [440.0, 69.0, 28.96, 26.87, 369.61, 16.49, 278.5, 21.05, 285.83, 21.72, 209.91, 22.37, 162.94, 22.21, 77.81, 14.23], (138.5921, 554.8733, 1337.894)]
[607.73, [440.0, 69.0, 28.96, 31.05, 368.95, 16.22, 278.21, 21.44, 275.63, 22.35, 206.57, 23.36, 162.94, 21.69, 68.28, 21.57], (121.272, 474.3873, 1116.402)]
[702.16, [440.4, 69.0, 28.96, 26.87, 369.61, 16.49, 282.7, 20.73, 239.53, 22.89, 172.58, 20.8, 129.54, 18.29, 83.58, 22.22], (145.1278, 553.4314, 1223.76)]
[911.76, [440.0, 69.0, 28.96, 28.83, 371.5, 16.37, 279.04, 21.44, 268.54, 22.56, 209.45, 22.17, 139.82, 17.22, 93.62, 17.31], (146.9696, 599.5187, 1378.765)]
[1538.1, [440.0, 69.0, 28.96, 26.87, 373.76, 16.49, 278.5, 21.05, 286.87, 21.72, 213.42, 22.83, 136.35, 14.99, 97.86, 16.79], (154.0289, 635.1337, 1446.718)]
[1619.46, [440, 69, 29, 22.65, 364.13, 19.43, 311.71, 18.51, 226.16, 22.25, 183.79, 21.41, 138.04, 17.42, 65.9, 20.96], (157.7535, 581.1396, 1232.731)]
[3096.35, [440.0, 69.0, 28.96, 26.87, 375.59, 22.54, 331.86, 22.27, 241.45, 18.21, 211.29, 16.77, 134.34, 22.1, 85.25, 18.69], (174.8303, 509.6439, 1167.188)]
[4780.42, [440.0, 69.0, 28.96, 30.87, 368.95, 16.22, 275.8, 21.44, 276.38, 22.39, 207.76, 22.06, 135.8, 15.89, 92.34, 17.58], (157.8643, 1423.558, 2429.547)]
[7585.99, [440, 69, 29, 32.6, 365.59, 14.57, 298.63, 20.56, 268.62, 15.47, 173.47, 19.32, 144.15, 21.72, 107.83, 15.2], (208.7016, 686.2769, 1610.556)]
[9700.41, [440, 69, 29, 40.66, 330.85, 17.33, 276.14, 15.4, 264.6, 17.08, 199.68, 19.05, 144.73, 19.27, 87.41, 15.51], (221.3795, 783.0101, 1738.134)]
[76735.72, [440.0, 69.0, 28.96, 21.89, 369.61, 16.51, 279.04, 20.99, 272.86, 22.65, 204.22, 22.25, 158.47, 21.56, 77.16, 14.79], (509.7634, 1315.842, 2289.379)]
[86878.37, [440.0, 69.0, 28.96, 27.71, 369.61, 16.78, 275.41, 22.19, 278.48, 22.0, 213.0, 22.51, 160.57, 21.87, 81.36, 14.4], (543.888, 1268.222, 2365.473)]
[89684.65, [440.0, 69.0, 29.0, 39.87, 340.06, 16.56, 282.35, 21.31, 272.28, 22.56, 207.07, 23.03, 162.94, 21.87, 81.36, 14.79], (551.6367, 1396.333, 2478.095)]
[151580.23, [440.0, 69.0, 28.96, 32.64, 377.06, 15.67, 281.85, 21.41, 274.24, 22.68, 205.67, 22.32, 162.39, 21.62, 85.25, 14.74], (730.9613, 1702.106, 2912.309)]

Population size: 30
Number of couples: 13
Number of kept parents: 0
Best parent kept: True
Mutation Probability: 0.3
Mutation range (x, y): 5, 0.5
Number of Parameters: 6
Length, Width, Height: [440, 69, 29]
Target Frequencies: (130.8, 523.2, 1308.0)

Written time: 11/05/2023 17:45:54