[65.98, [440.0, 69.0, 28.96, 26.87, 371.5, 16.39, 282.35, 21.31, 272.28, 22.56, 207.07, 22.64, 162.94, 21.87, 81.36, 14.79], (132.1401, 541.5206, 1312.661)]
[66.22, [440.4, 68.58, 28.96, 29.14, 367.91, 16.57, 278.64, 21.81, 283.14, 22.79, 204.67, 22.51, 161.19, 22.14, 77.03, 14.71], (128.3655, 521.4335, 1284.182)]
[104.19, [440.0, 69.0, 28.96, 30.87, 368.95, 16.22, 275.8, 21.44, 275.63, 22.39, 207.76, 22.51, 159.29, 22.11, 84.6, 14.98], (133.0724, 542.8232, 1328.878)]
[139.13, [440.0, 69.0, 28.96, 28.83, 371.5, 16.49, 273.48, 21.73, 277.0, 22.54, 207.76, 22.24, 159.29, 22.11, 84.6, 14.39], (134.4075, 542.9975, 1329.117)]
[157.44, [440.0, 69.0, 28.96, 32.64, 363.67, 16.36, 276.47, 21.59, 291.12, 21.72, 209.69, 22.51, 162.94, 22.43, 84.6, 14.87], (134.6617, 543.7923, 1338.072)]
[158.75, [440.0, 69.0, 28.96, 26.87, 369.61, 16.49, 279.04, 20.94, 285.87, 22.54, 208.09, 22.45, 168.57, 22.11, 84.89, 14.74], (133.869, 549.7371, 1346.645)]
[166.51, [440.0, 69.0, 28.96, 28.83, 371.5, 16.49, 275.41, 21.73, 278.48, 22.0, 211.79, 22.51, 159.29, 22.11, 81.82, 14.23], (135.2842, 545.3034, 1324.292)]
[170.3, [440.0, 69.0, 28.96, 28.13, 372.6, 16.11, 279.97, 21.44, 271.64, 22.39, 209.67, 22.2, 162.94, 22.43, 84.6, 14.74], (135.3866, 544.4786, 1326.873)]
[202.78, [440.0, 69.0, 28.96, 34.15, 372.99, 15.57, 282.35, 21.73, 272.28, 22.56, 206.81, 22.1, 166.93, 22.11, 84.6, 14.74], (135.5625, 548.1766, 1344.404)]
[253.33, [440.0, 69.0, 28.96, 31.53, 371.5, 15.79, 276.52, 21.12, 279.67, 22.15, 208.66, 22.51, 157.98, 21.81, 84.6, 14.63], (136.1604, 555.8955, 1355.484)]
[518.98, [440.4, 68.58, 28.96, 32.75, 369.44, 15.67, 282.35, 22.02, 272.28, 22.56, 206.57, 22.51, 162.94, 22.11, 68.28, 21.57], (124.0262, 465.9626, 1108.407)]
[720.14, [440.4, 68.58, 28.96, 33.82, 369.9, 16.61, 283.65, 21.2, 271.42, 23.16, 203.76, 22.08, 135.8, 15.42, 96.98, 17.58], (142.7756, 607.9429, 1401.86)]
[745.97, [440.4, 69.0, 28.96, 40.8, 367.31, 16.61, 283.65, 21.2, 271.42, 23.03, 205.47, 22.08, 135.8, 15.89, 92.34, 17.58], (143.5045, 604.7402, 1397.284)]
[783.9, [440.4, 68.58, 28.96, 32.75, 373.52, 16.59, 273.34, 21.99, 282.71, 22.43, 214.46, 22.51, 146.79, 17.23, 100.58, 17.49], (144.8521, 595.49, 1384.418)]
[817.44, [440.4, 68.58, 28.96, 33.82, 370.45, 16.61, 272.41, 21.06, 280.05, 22.81, 205.58, 22.83, 137.88, 14.99, 98.92, 16.79], (142.9047, 623.6059, 1453.278)]
[866.46, [440.4, 68.58, 28.96, 31.15, 374.37, 15.56, 278.52, 21.19, 270.08, 22.35, 204.88, 22.4, 136.01, 17.41, 96.42, 16.96], (145.902, 599.4211, 1397.025)]
[888.74, [440.4, 68.58, 28.96, 33.82, 374.67, 16.61, 272.41, 21.06, 279.76, 22.57, 203.51, 22.83, 137.66, 14.99, 97.86, 16.79], (144.4843, 622.1613, 1443.127)]
[895.38, [440.0, 69.0, 28.96, 28.65, 367.48, 16.28, 278.22, 21.44, 275.12, 22.15, 205.54, 22.51, 159.29, 21.76, 88.07, 14.3], (136.5153, 656.3825, 1733.787)]
[903.62, [440.4, 68.58, 28.96, 32.75, 372.99, 15.83, 278.52, 21.44, 270.08, 22.61, 209.39, 22.17, 139.82, 17.22, 93.62, 16.96], (146.3932, 602.8237, 1396.816)]
[934.56, [440.4, 68.58, 28.96, 32.75, 372.99, 15.67, 282.35, 21.73, 272.28, 22.68, 206.81, 22.51, 162.39, 22.11, 85.25, 14.74], (130.7127, 153.2021, 1317.312)]
[1138.41, [440.0, 69.0, 28.96, 29.8, 367.98, 15.88, 267.87, 20.74, 286.71, 22.81, 203.51, 22.38, 138.24, 15.4, 93.62, 17.53], (148.0118, 631.1789, 1462.391)]
[1174.05, [440.4, 68.58, 28.96, 29.43, 366.57, 16.88, 286.45, 20.51, 268.02, 22.38, 223.76, 22.45, 128.59, 16.96, 98.51, 16.79], (150.2271, 612.2606, 1403.13)]
[1280.18, [440.4, 68.58, 28.96, 32.75, 376.97, 15.67, 279.04, 20.94, 283.88, 22.59, 208.09, 22.45, 170.83, 22.11, 86.9, 14.74], (133.6199, 331.7238, 553.8615)]
[1681.79, [440.0, 69.0, 29.0, 54.1, 354.86, 17.42, 278.07, 18.73, 246.9, 21.26, 217.16, 17.13, 119.86, 14.78, 87.5, 14.74], (113.1764, 211.7464, 1144.687)]
[3946.69, [440, 69, 29, 33.38, 381.65, 21.08, 299.15, 17.83, 240.16, 21.79, 179.21, 17.58, 125.93, 19.29, 57.1, 17.32], (182.2719, 611.4227, 1274.658)]
[4110.27, [440, 69, 29, 31.19, 358.9, 17.04, 282.1, 20.36, 252.98, 19.71, 216.24, 18.92, 127.75, 20.73, 72.32, 17.08], (183.2081, 614.4185, 1396.219)]
[7875.8, [440, 69, 29, 34.16, 377.95, 16.89, 314.81, 22.31, 253.04, 16.89, 201.87, 18.38, 119.92, 15.38, 64.91, 14.8], (211.8972, 679.4531, 1490.043)]
[12796.45, [440.4, 68.58, 28.96, 26.87, 371.5, 16.49, 279.04, 20.46, 285.87, 22.15, 212.03, 22.45, 168.57, 22.11, 86.9, 14.74], (247.4448, 578.3461, 1368.69)]
[78773.24, [440.0, 69.0, 28.96, 28.83, 373.62, 16.49, 279.73, 21.73, 274.8, 22.39, 207.76, 22.51, 159.29, 22.11, 82.46, 14.47], (516.8566, 1297.44, 2291.991)]
[96950.89, [440.4, 69.0, 28.96, 40.72, 367.31, 15.56, 278.52, 21.4, 273.86, 22.76, 204.88, 22.7, 135.96, 17.53, 91.89, 17.42], (575.1346, 1386.279, 2438.813)]

Population size: 30
Number of couples: 13
Number of kept parents: 0
Best parent kept: True
Mutation Probability: 0.3
Mutation range (x, y): 5, 0.5
Number of Parameters: 6
Length, Width, Height: [440, 69, 29]
Target Frequencies: (130.8, 523.2, 1308.0)

Written time: 11/05/2023 17:19:46