[39.63, [440.4, 68.58, 28.96, 35.18, 377.68, 15.79, 329.22, 21.07, 266.17, 22.89, 201.96, 22.87, 135.19, 16.91, 95.8, 16.86], (131.4164, 541.7227, 1291.661)]
[72.67, [440.4, 68.58, 28.96, 35.58, 376.22, 15.76, 329.22, 21.52, 266.17, 22.88, 201.96, 22.71, 131.77, 16.84, 95.8, 17.07], (131.2677, 535.4132, 1250.684)]
[91.28, [440.4, 68.58, 28.96, 38.37, 378.44, 15.79, 329.22, 21.17, 261.22, 22.89, 201.96, 23.14, 131.54, 16.84, 99.05, 17.12], (128.7968, 534.9837, 1257.207)]
[107.82, [440.4, 68.58, 28.96, 47.43, 377.84, 15.67, 327.07, 22.27, 266.17, 22.89, 201.96, 22.68, 133.17, 16.84, 95.8, 17.22], (128.6406, 524.3045, 1233.377)]
[139.47, [440.4, 68.58, 28.96, 36.34, 380.03, 16.12, 329.22, 21.9, 266.17, 21.46, 170.65, 23.48, 113.75, 16.1, 95.8, 16.44], (132.7317, 509.9833, 1208.508)]
[140.2, [440.4, 68.58, 28.96, 43.76, 373.39, 16.52, 286.63, 22.33, 277.71, 22.75, 201.96, 22.72, 133.17, 16.34, 95.8, 17.2], (134.5732, 563.0638, 1335.603)]
[167.1, [440.4, 68.58, 28.96, 41.05, 378.44, 15.79, 329.22, 21.52, 266.17, 22.89, 201.96, 22.11, 133.17, 16.84, 97.12, 16.86], (135.5956, 546.7892, 1269.154)]
[177.76, [440.4, 68.58, 28.96, 39.11, 375.35, 15.79, 329.22, 21.52, 264.21, 23.01, 201.96, 23.2, 130.57, 16.84, 96.58, 16.86], (125.8478, 524.6888, 1242.442)]
[206.13, [440.4, 68.58, 28.96, 39.75, 376.08, 15.79, 322.03, 21.08, 265.95, 22.89, 202.86, 22.43, 141.72, 16.69, 98.31, 16.27], (136.6078, 567.555, 1330.467)]
[228.94, [440.4, 68.58, 28.96, 38.71, 383.86, 17.55, 329.22, 21.52, 266.17, 22.89, 197.0, 23.19, 130.38, 16.7, 99.19, 17.13], (125.7289, 514.1303, 1202.948)]
[312.18, [440.4, 68.58, 28.96, 35.18, 377.68, 15.34, 328.38, 21.05, 269.21, 22.62, 201.96, 22.35, 133.17, 16.84, 86.4, 23.02], (136.5839, 518.6552, 1139.184)]
[382.24, [440.4, 68.58, 28.96, 39.11, 378.44, 15.79, 329.22, 21.89, 268.33, 22.89, 201.11, 23.2, 133.17, 16.9, 100.52, 22.95], (124.5686, 493.6683, 1111.511)]
[450.72, [440.4, 68.58, 28.96, 36.05, 376.08, 15.33, 331.84, 21.52, 266.17, 22.89, 200.87, 22.2, 128.43, 16.84, 99.71, 16.86], (134.5923, 667.9005, 1540.727)]
[725.53, [440.4, 68.58, 28.96, 37.73, 376.08, 17.55, 287.17, 22.86, 279.28, 20.5, 169.04, 22.55, 133.17, 16.84, 98.39, 16.86], (147.6386, 550.1819, 1316.556)]
[938.85, [440.4, 68.58, 28.96, 35.77, 377.53, 16.12, 329.22, 21.9, 266.17, 21.21, 177.66, 23.48, 107.82, 22.44, 91.57, 22.52], (117.5077, 420.9603, 956.9007)]
[1099.07, [440.4, 68.58, 28.96, 40.54, 377.31, 15.04, 328.99, 15.35, 273.29, 19.6, 165.07, 23.77, 113.75, 16.57, 86.4, 23.2], (152.6268, 596.1798, 1315.455)]
[1423.38, [440.4, 68.58, 28.96, 34.8, 376.08, 15.79, 329.22, 21.52, 266.17, 22.89, 201.96, 23.01, 108.51, 22.62, 86.17, 22.88], (110.4586, 400.3787, 925.9289)]
[2244.27, [440.4, 68.58, 28.96, 46.3, 356.4, 22.65, 298.24, 17.9, 235.31, 17.71, 167.46, 19.0, 154.58, 15.52, 69.95, 15.26], (99.00551, 212.7853, 1168.211)]
[7262.32, [440.4, 68.58, 28.96, 39.54, 376.08, 15.34, 331.84, 21.65, 266.17, 23.24, 202.02, 22.19, 133.17, 16.84, 98.39, 16.86], (55.67961, 131.0538, 950.5324)]
[8049.83, [440.4, 68.58, 28.96, 40.32, 385.31, 15.33, 331.84, 21.54, 264.87, 22.89, 195.13, 23.2, 133.17, 16.96, 94.58, 17.12], (47.87896, 126.3965, 1207.807)]
[8258.29, [440.4, 68.58, 28.96, 13.98, 356.32, 19.12, 306.11, 18.61, 257.8, 18.65, 210.67, 18.85, 123.31, 14.87, 65.28, 18.61], (216.3984, 701.5438, 1470.42)]
[9582.14, [440.4, 68.58, 28.96, 42.0, 377.62, 19.21, 295.69, 15.68, 271.0, 19.78, 167.69, 23.53, 114.65, 16.84, 94.68, 16.86], (36.36528, 156.7463, 1271.323)]
[9703.25, [440.4, 68.58, 28.96, 44.61, 376.08, 15.79, 325.86, 21.08, 266.17, 22.89, 203.77, 22.72, 137.95, 22.44, 92.38, 22.62], (41.67698, 115.6902, 427.9383)]
[10019.32, [440.4, 68.58, 28.96, 37.73, 376.08, 15.33, 336.06, 21.89, 262.75, 22.89, 200.87, 22.59, 137.9, 16.84, 94.58, 17.12], (41.04447, 130.5643, 186.7334)]
[10300.05, [440.4, 68.58, 28.96, 52.64, 353.28, 20.41, 321.7, 22.71, 267.62, 21.26, 195.98, 20.33, 158.53, 20.52, 68.24, 14.92], (36.59007, 150.0113, 527.397)]
[11745.76, [440.4, 68.58, 28.96, 32.14, 376.08, 15.33, 332.81, 21.65, 266.17, 22.89, 200.18, 23.78, 114.35, 22.34, 92.5, 22.76], (24.51428, 114.0485, 931.1073)]
[49689.64, [440.4, 68.58, 28.96, 35.18, 377.68, 15.79, 329.22, 21.05, 265.19, 22.52, 203.74, 23.01, 108.51, 22.2, 86.17, 22.88], (418.4826, 957.833, 1772.046)]
[51945.92, [440.4, 68.58, 28.96, 35.91, 376.08, 15.52, 329.29, 21.52, 271.34, 22.72, 198.84, 22.72, 137.95, 22.19, 92.38, 22.62], (426.69, 1000.003, 1883.271)]
[81571.69, [440.4, 68.58, 28.96, 47.04, 377.84, 15.2, 327.07, 22.27, 266.17, 22.52, 203.74, 22.71, 129.76, 16.84, 95.8, 16.9], (532.1397, 1249.975, 1754.754)]
[202346.77, [440.4, 68.58, 28.96, 39.68, 376.08, 15.71, 287.5, 22.87, 274.6, 20.5, 169.04, 23.46, 114.35, 21.93, 92.5, 22.19], (870.2706, 1041.281, 2056.392)]

Population size: 30
Number of couples: 13
Number of kept parents: 0
Best parent kept: True
Mutation Probability: 0.3
Mutation range (x, y): 5, 0.5
Number of Parameters: 6

Written time: 25/03/2023 19:09:32