[81.74, [440.4, 68.58, 28.96, 32.68, 365.01, 16.1, 281.35, 21.5, 276.2, 22.58, 198.83, 22.33, 136.76, 16.67, 93.04, 17.05], (130.5047, 541.8762, 1274.553)]
[89.27, [440.4, 68.58, 28.96, 29.63, 367.79, 16.73, 274.19, 21.44, 274.78, 22.51, 201.52, 22.51, 135.8, 17.26, 96.81, 16.74], (129.9697, 538.691, 1265.023)]
[89.53, [440.4, 68.58, 28.96, 33.78, 362.41, 16.49, 274.19, 21.44, 274.78, 22.51, 200.99, 22.33, 139.37, 17.14, 96.81, 16.82], (131.982, 549.8697, 1297.998)]
[100.17, [440.4, 68.58, 28.96, 31.73, 369.75, 16.83, 281.93, 21.03, 274.78, 22.51, 201.52, 22.33, 135.8, 17.14, 93.95, 17.02], (131.4609, 538.2609, 1250.856)]
[100.19, [440.4, 68.58, 28.96, 32.64, 365.01, 16.1, 278.37, 20.91, 276.2, 22.63, 205.72, 22.45, 136.44, 16.81, 95.8, 16.55], (132.2005, 556.0791, 1306.581)]
[100.76, [440.4, 68.58, 28.96, 33.78, 369.87, 16.49, 282.88, 20.71, 271.42, 22.63, 201.15, 22.53, 134.45, 16.03, 95.8, 16.4], (131.6166, 556.6158, 1298.156)]
[102.24, [440.4, 68.58, 28.96, 32.68, 365.01, 15.68, 278.37, 21.22, 278.65, 22.58, 202.54, 22.33, 136.76, 16.67, 96.77, 17.13], (132.4828, 553.301, 1302.84)]
[102.42, [440.4, 68.58, 28.96, 32.75, 367.22, 16.49, 274.19, 21.44, 274.78, 22.51, 204.59, 22.33, 135.8, 17.14, 96.81, 16.67], (132.2623, 547.4616, 1283.913)]
[102.48, [440.4, 68.58, 28.96, 28.31, 366.06, 16.46, 281.32, 20.58, 268.78, 22.99, 204.13, 22.53, 134.45, 16.27, 95.8, 16.44], (129.8817, 557.4331, 1299.9)]
[107.25, [440.4, 68.58, 28.96, 33.78, 367.22, 16.49, 274.19, 21.44, 274.78, 22.51, 201.52, 22.69, 135.8, 17.14, 96.81, 16.81], (128.5957, 539.0557, 1273.115)]
[124.57, [440.4, 68.58, 28.96, 29.63, 364.85, 16.22, 286.01, 20.55, 270.81, 22.33, 208.08, 22.89, 135.39, 16.34, 95.8, 17.45], (132.4, 555.9703, 1285.591)]
[142.82, [440.0, 69.0, 29.0, 50.64, 336.1, 16.65, 327.59, 20.75, 276.0, 21.79, 205.96, 22.44, 131.63, 17.0, 91.53, 16.95], (134.506, 532.2407, 1259.126)]
[159.81, [440.0, 69.0, 29.0, 50.64, 336.1, 16.65, 278.37, 21.22, 276.2, 22.58, 202.54, 22.77, 136.87, 16.67, 91.84, 17.08], (129.8478, 560.2774, 1365.823)]
[169.82, [440.4, 68.58, 28.96, 35.21, 371.87, 15.57, 328.44, 20.75, 273.17, 21.79, 205.96, 22.44, 135.89, 17.0, 87.7, 16.95], (133.9179, 523.3401, 1193.586)]
[182.88, [440.4, 68.58, 28.96, 32.75, 366.81, 15.35, 273.41, 20.44, 279.01, 22.97, 200.72, 22.6, 135.08, 16.57, 89.3, 17.28], (129.3349, 529.5679, 1158.778)]
[183.89, [440.4, 68.58, 28.96, 33.78, 366.81, 15.82, 273.41, 20.88, 279.01, 22.63, 200.78, 23.09, 135.08, 16.8, 89.3, 16.98], (125.7709, 540.7451, 1280.754)]
[205.88, [440.4, 68.58, 29.0, 50.92, 336.1, 16.96, 278.37, 21.07, 276.2, 23.13, 203.68, 22.45, 136.44, 16.67, 94.34, 16.55], (128.2218, 561.2028, 1377.479)]
[231.54, [440.0, 69.0, 29.0, 54.62, 336.1, 16.65, 278.37, 20.99, 276.2, 23.13, 200.96, 22.45, 136.44, 16.67, 95.8, 16.47], (128.054, 563.0941, 1394.298)]
[284.92, [440.4, 68.58, 28.96, 29.63, 366.06, 16.46, 278.44, 20.58, 269.25, 22.77, 205.4, 22.32, 132.7, 15.27, 101.76, 16.55], (135.6451, 580.5133, 1342.987)]
[296.02, [440.4, 68.58, 28.96, 32.38, 362.19, 15.92, 282.25, 21.11, 271.42, 22.33, 206.45, 22.53, 132.7, 15.13, 95.2, 16.55], (136.308, 576.7147, 1340.963)]
[310.44, [440.4, 68.58, 28.96, 33.42, 364.28, 16.45, 275.2, 21.44, 279.99, 22.58, 202.97, 21.65, 133.79, 16.11, 87.53, 17.03], (138.2088, 562.5809, 1297.678)]
[334.26, [440.4, 68.58, 28.96, 29.63, 369.26, 16.46, 281.32, 20.55, 271.42, 22.33, 204.13, 22.22, 132.73, 15.84, 99.21, 17.03], (138.3936, 571.5195, 1312.21)]
[455.05, [440.4, 68.58, 28.96, 27.36, 366.06, 16.46, 281.32, 20.58, 271.42, 22.33, 204.13, 22.11, 132.7, 15.52, 99.15, 16.55], (140.1154, 580.6493, 1335.114)]
[917.48, [440.4, 68.58, 28.96, 35.89, 371.87, 15.08, 278.37, 20.8, 276.2, 23.13, 203.68, 22.45, 136.44, 17.14, 98.43, 16.72], (146.3403, 604.6878, 1409.147)]
[1025.06, [440.0, 69.0, 28.96, 33.07, 362.9, 17.96, 324.17, 22.16, 245.85, 21.99, 194.89, 17.86, 151.83, 15.2, 95.43, 16.22], (150.0718, 586.1477, 1286.336)]
[1264.97, [440.4, 68.58, 28.96, 30.6, 367.22, 16.49, 274.19, 21.89, 270.61, 22.52, 206.84, 22.53, 134.45, 22.38, 88.47, 20.78], (112.8906, 429.7904, 1034.469)]
[2242.0, [440, 69, 29, 15.44, 344.02, 16.68, 275.54, 20.12, 221.59, 21.13, 170.66, 17.33, 118.64, 21.16, 90.06, 19.48], (166.0469, 567.9392, 1270.42)]
[2608.53, [440, 69, 29, 15.03, 362.38, 22.28, 287.38, 16.66, 256.4, 18.12, 170.2, 22.8, 146.59, 16.32, 93.43, 18.48], (169.5395, 591.711, 1281.939)]
[2986.36, [440, 69, 29, 18.55, 380.85, 16.45, 302.55, 19.97, 252.77, 15.95, 188.53, 21.52, 117.4, 20.92, 104.17, 14.59], (170.3364, 338.2299, 1270.034)]
[3696.04, [440.4, 68.58, 28.96, 29.63, 367.79, 16.73, 278.04, 20.71, 267.96, 22.63, 201.15, 22.57, 134.45, 15.84, 92.02, 16.58], (132.6754, 1484.141, 2576.009)]

Population size: 30
Number of couples: 13
Number of kept parents: 0
Best parent kept: True
Mutation Probability: 0.3
Mutation range (x, y): 5, 0.5
Number of Parameters: 6
Length, Width, Height: [440, 69, 29]
Target Frequencies: (130.8, 523.2, 1308.0)

Written time: 11/05/2023 14:28:32