[82.59, [440.0, 69.0, 28.96, 32.64, 363.67, 16.36, 277.56, 21.59, 278.84, 22.14, 209.69, 22.91, 135.39, 16.81, 97.86, 16.79], (131.2518, 547.3956, 1288.933)]
[86.33, [440.4, 68.58, 28.96, 33.82, 362.52, 17.07, 283.59, 21.34, 284.25, 21.95, 212.1, 23.06, 139.27, 16.81, 97.86, 16.79], (131.1003, 543.9655, 1275.23)]
[92.63, [440.4, 68.58, 28.96, 32.75, 373.82, 16.04, 278.72, 21.44, 265.86, 22.63, 205.29, 22.4, 136.01, 17.27, 100.58, 17.2], (130.37, 541.3575, 1263.582)]
[94.12, [440.0, 69.0, 28.96, 30.21, 362.26, 16.12, 278.95, 21.42, 283.14, 22.79, 208.24, 22.51, 139.64, 17.27, 100.58, 17.49], (128.9532, 539.4395, 1279.573)]
[95.22, [440.0, 68.58, 28.96, 31.79, 366.57, 16.59, 273.64, 21.65, 281.92, 22.41, 212.61, 22.85, 136.01, 17.27, 101.3, 17.2], (129.2946, 538.7881, 1270.216)]
[103.61, [440.0, 69.0, 28.96, 30.21, 362.26, 16.58, 278.95, 21.31, 281.48, 22.95, 203.51, 22.51, 135.8, 15.2, 97.02, 16.96], (129.9544, 559.4407, 1313.234)]
[107.83, [440.0, 68.58, 28.96, 32.85, 366.57, 16.59, 273.64, 21.67, 276.56, 22.41, 209.06, 22.92, 129.31, 16.44, 96.81, 17.42], (129.1953, 540.7794, 1264.451)]
[115.95, [440.4, 68.58, 28.96, 33.78, 371.5, 16.49, 281.31, 21.44, 279.67, 22.15, 203.08, 22.51, 129.63, 16.47, 97.28, 16.61], (132.8038, 542.3546, 1268.303)]
[117.2, [440.4, 68.58, 28.96, 35.7, 376.24, 16.51, 277.99, 21.41, 274.33, 22.3, 205.11, 22.06, 134.59, 16.72, 88.26, 15.6], (130.2841, 552.6478, 1268.129)]
[117.94, [440.0, 68.58, 28.96, 29.9, 366.57, 16.94, 273.64, 21.72, 275.95, 22.54, 203.71, 22.81, 137.55, 16.8, 96.89, 16.24], (128.1605, 541.0191, 1277.495)]
[120.99, [440.4, 68.58, 28.96, 35.95, 366.15, 17.31, 284.13, 21.22, 281.48, 22.95, 203.51, 22.51, 135.8, 15.11, 98.57, 16.96], (128.5635, 550.3537, 1288.344)]
[121.58, [440.0, 69.0, 28.96, 29.14, 376.31, 16.59, 277.32, 21.72, 278.84, 22.54, 203.71, 22.51, 139.69, 15.42, 97.79, 16.52], (132.4004, 556.9654, 1291.08)]
[179.29, [440.0, 68.58, 28.96, 35.99, 330.2, 18.65, 279.55, 20.47, 273.49, 22.83, 197.78, 22.41, 138.32, 16.03, 93.45, 16.74], (131.8363, 569.6739, 1360.553)]
[264.34, [440.4, 68.58, 28.96, 30.21, 363.84, 16.58, 278.65, 21.07, 271.42, 22.72, 203.76, 23.26, 134.31, 16.83, 94.26, 16.88], (123.6262, 533.8148, 1262.337)]
[269.19, [440.4, 69.0, 28.96, 33.78, 364.63, 16.67, 286.45, 20.37, 274.98, 22.33, 203.19, 22.1, 139.46, 16.87, 93.45, 16.74], (137.2791, 561.1632, 1298.64)]
[288.03, [440.0, 68.58, 28.96, 29.9, 366.57, 16.8, 273.29, 21.67, 274.98, 22.33, 201.67, 21.8, 139.46, 16.83, 98.18, 16.99], (137.8494, 558.0499, 1294.266)]
[630.13, [440.0, 69.0, 28.96, 30.21, 362.26, 16.58, 278.95, 21.35, 284.25, 21.73, 203.51, 22.15, 133.96, 15.04, 98.57, 16.96], (143.4561, 581.6164, 1341.841)]
[935.04, [440, 69, 29, 30.68, 358.87, 20.47, 299.97, 22.72, 266.96, 18.53, 170.05, 22.01, 142.6, 18.27, 99.56, 22.77], (146.2531, 478.8226, 1091.374)]
[1695.33, [440.4, 69.0, 28.96, 38.75, 364.63, 16.67, 286.45, 20.75, 271.42, 22.65, 203.76, 22.21, 135.8, 15.89, 98.57, 16.96], (151.0772, 210.7872, 1309.216)]
[2640.5, [440, 69, 29, 20.23, 339.94, 20.97, 293.81, 22.8, 252.5, 14.92, 175.25, 21.45, 124.3, 17.31, 62.9, 22.61], (169.9207, 508.7557, 1150.474)]
[4699.52, [440, 69, 29, 14.58, 338.59, 21.3, 297.71, 18.28, 227.08, 19.82, 212.07, 14.63, 158.26, 22.11, 87.81, 14.74], (188.8124, 604.897, 1384.711)]
[13662.0, [440.4, 68.58, 28.96, 32.75, 373.82, 16.14, 282.88, 20.55, 274.33, 22.3, 205.11, 22.06, 135.8, 16.72, 88.26, 15.6], (244.1964, 898.5036, 1956.411)]
[26837.92, [440.4, 68.58, 28.96, 33.82, 370.45, 17.07, 276.68, 21.22, 281.48, 22.95, 209.69, 22.91, 135.39, 16.49, 101.44, 16.75], (323.3469, 564.4623, 1324.715)]
[79583.49, [440.0, 69.0, 28.96, 30.21, 362.26, 16.58, 278.95, 21.68, 284.25, 22.36, 205.72, 22.91, 132.31, 17.15, 97.86, 17.08], (521.0937, 1245.155, 1980.759)]
[83653.87, [440.0, 68.58, 28.96, 29.9, 366.57, 16.69, 276.01, 21.92, 273.2, 23.08, 203.76, 22.21, 135.8, 15.42, 98.57, 16.96], (533.4291, 1295.158, 2241.953)]
[85665.88, [440.4, 68.58, 28.96, 32.75, 373.82, 16.24, 282.88, 21.38, 274.33, 22.3, 205.11, 22.06, 137.71, 17.08, 88.26, 15.93], (540.6351, 1237.222, 2220.23)]
[89964.59, [440.4, 68.58, 28.96, 33.78, 375.68, 16.49, 278.72, 21.26, 274.16, 22.54, 203.51, 22.51, 135.8, 15.76, 96.02, 16.96], (554.318, 1281.605, 2218.467)]
[171954.58, [440.4, 68.58, 28.96, 30.14, 372.57, 16.1, 278.97, 20.57, 266.43, 22.53, 202.83, 22.49, 137.55, 17.72, 90.62, 16.67], (784.5493, 1797.036, 2923.962)]
[199578.01, [440.4, 68.58, 28.96, 33.82, 366.15, 17.07, 281.62, 21.22, 281.48, 22.57, 203.17, 22.51, 137.55, 16.8, 93.45, 16.24], (854.407, 1813.594, 3010.144)]
[325303.87, [440.0, 68.58, 28.96, 36.76, 369.68, 16.83, 276.42, 21.35, 284.25, 21.96, 209.69, 22.91, 138.41, 16.81, 97.86, 16.64], (1140.816, 1871.856, 2249.579)]

Population size: 30
Number of couples: 13
Number of kept parents: 0
Best parent kept: True
Mutation Probability: 0.3
Mutation range (x, y): 5, 0.5
Number of Parameters: 6
Length, Width, Height: [440, 69, 29]
Target Frequencies: (130.8, 523.2, 1308.0)

Written time: 11/05/2023 15:16:05