[21.21, [440.0, 68.58, 28.96, 39.4, 381.38, 15.11, 277.59, 22.36, 281.41, 22.0, 202.03, 22.51, 158.46, 22.65, 89.51, 15.02], (130.3281, 521.0783, 1295.333)]
[28.26, [440.0, 68.58, 28.96, 38.66, 381.38, 15.33, 277.59, 22.36, 281.41, 21.64, 203.38, 22.34, 158.51, 23.12, 93.91, 15.12], (132.058, 521.6673, 1297.681)]
[70.8, [440.0, 68.58, 28.96, 37.64, 384.61, 16.17, 276.58, 22.19, 276.43, 22.38, 212.37, 22.06, 158.23, 22.77, 86.64, 15.42], (131.7615, 516.9247, 1262.316)]
[84.82, [440.0, 69.0, 28.96, 42.68, 374.88, 16.82, 277.71, 22.44, 270.91, 22.71, 207.76, 22.35, 154.83, 22.18, 90.22, 14.89], (128.5129, 516.9595, 1273.369)]
[100.84, [440.0, 69.0, 28.96, 42.68, 374.88, 16.54, 278.88, 22.44, 270.91, 22.5, 202.11, 22.62, 164.23, 21.78, 87.12, 15.03], (133.381, 531.153, 1347.489)]
[116.79, [440.0, 69.0, 29.0, 24.62, 361.81, 18.55, 276.58, 22.24, 270.91, 22.86, 205.85, 22.97, 150.18, 20.2, 60.09, 15.53], (128.7744, 521.1394, 1225.195)]
[125.98, [440.0, 69.0, 29.0, 22.46, 362.96, 18.55, 272.58, 22.5, 270.91, 22.86, 205.85, 22.97, 150.18, 20.2, 60.09, 15.53], (128.6121, 519.896, 1222.645)]
[128.94, [440.0, 69.0, 28.96, 41.4, 374.88, 16.54, 278.88, 22.44, 277.46, 22.71, 213.7, 22.06, 158.23, 22.85, 85.67, 15.51], (128.5475, 506.4201, 1254.814)]
[148.23, [440.0, 68.58, 28.96, 31.96, 379.84, 15.59, 287.01, 21.64, 281.53, 22.43, 212.27, 21.91, 161.04, 22.33, 85.67, 15.15], (135.8673, 532.6055, 1297.355)]
[158.47, [440.0, 68.58, 28.96, 37.64, 382.63, 16.29, 279.66, 21.22, 282.48, 22.55, 211.05, 22.09, 154.88, 22.06, 91.74, 19.64], (131.3383, 502.3636, 1205.568)]
[176.89, [440.0, 69.0, 28.96, 20.32, 371.46, 16.49, 280.28, 21.14, 278.7, 22.55, 211.05, 22.09, 154.88, 22.2, 91.74, 15.12], (136.0263, 541.4795, 1319.717)]
[178.76, [440.0, 68.58, 28.96, 37.64, 384.61, 16.17, 276.58, 22.19, 275.33, 22.65, 214.07, 21.95, 157.8, 21.5, 60.09, 15.29], (135.5776, 526.2216, 1241.217)]
[258.1, [440.0, 68.58, 28.96, 38.6, 380.18, 16.5, 276.58, 22.19, 276.43, 22.65, 209.71, 21.94, 157.8, 21.5, 60.09, 19.57], (131.8552, 490.533, 1142.403)]
[260.78, [440.0, 68.58, 28.96, 37.64, 382.63, 16.36, 276.92, 21.22, 276.96, 22.55, 211.05, 21.61, 152.15, 21.76, 91.74, 20.07], (136.6138, 511.5668, 1216.489)]
[266.52, [440.0, 68.58, 28.96, 38.66, 381.45, 15.33, 277.59, 22.7, 281.33, 22.65, 211.24, 21.87, 157.8, 21.5, 60.09, 19.81], (131.392, 485.334, 1140.704)]
[266.63, [440.0, 68.58, 28.96, 34.27, 384.61, 16.17, 276.58, 22.19, 278.16, 22.0, 203.38, 22.34, 158.51, 22.65, 89.17, 19.64], (128.3887, 487.1786, 1168.863)]
[267.48, [440.0, 68.58, 28.96, 37.38, 381.11, 15.33, 277.99, 22.39, 277.46, 22.55, 207.22, 21.87, 153.73, 21.5, 60.09, 19.81], (132.3127, 489.0406, 1144.522)]
[310.99, [440.0, 68.58, 28.96, 35.44, 381.38, 16.47, 276.58, 22.41, 279.06, 22.65, 208.9, 21.4, 160.39, 21.5, 60.09, 15.19], (139.0836, 529.5357, 1251.262)]
[381.38, [440.0, 68.58, 28.96, 38.66, 381.38, 15.11, 276.58, 22.19, 275.33, 22.65, 205.97, 21.95, 157.8, 21.5, 60.09, 15.29], (140.6672, 542.8768, 1285.757)]
[389.45, [440.0, 68.58, 28.96, 28.41, 377.8, 16.3, 280.65, 21.96, 269.72, 22.86, 205.85, 22.8, 165.49, 21.78, 91.61, 20.52], (124.2438, 489.1808, 1171.468)]
[715.04, [440, 69, 29, 20.3, 333.04, 20.28, 316.45, 19.54, 259.82, 22.14, 178.82, 22.85, 140.72, 16.16, 83.56, 16.09], (144.1873, 585.8974, 1376.478)]
[1107.83, [440.0, 68.58, 28.96, 37.96, 382.8, 16.5, 277.59, 21.94, 281.41, 22.0, 202.03, 22.51, 155.14, 22.65, 95.62, 15.02], (130.4486, 145.8434, 1145.648)]
[2243.28, [440.0, 68.58, 28.96, 41.94, 381.11, 14.93, 277.99, 22.39, 277.46, 23.0, 202.64, 22.34, 151.01, 22.65, 93.27, 15.54], (94.85124, 523.4584, 1220.754)]
[3628.67, [440.0, 68.58, 28.96, 37.64, 382.63, 16.29, 276.92, 21.61, 273.87, 22.64, 205.85, 22.97, 150.18, 20.2, 63.08, 15.46], (97.30523, 131.2035, 597.8188)]
[9979.9, [440, 69, 29, 32.09, 382.31, 14.95, 325.37, 14.6, 220.94, 15.62, 169.54, 19.76, 153.75, 20.6, 68.68, 16.93], (224.8001, 750.6137, 1605.709)]
[15689.07, [440, 69, 29, 42.06, 355.09, 21.06, 314.21, 15.69, 259.57, 15.18, 183.23, 15.48, 131.36, 18.17, 64.18, 14.93], (260.4063, 766.1838, 1634.61)]
[72654.83, [440.0, 68.58, 28.96, 37.38, 381.91, 15.78, 273.32, 22.39, 277.46, 22.55, 211.96, 22.06, 158.23, 22.67, 87.5, 14.92], (495.9269, 1283.393, 2292.825)]
[88866.33, [440.0, 68.58, 28.96, 37.38, 381.11, 15.33, 277.99, 22.39, 270.91, 22.86, 208.93, 22.62, 160.91, 22.16, 91.61, 20.2], (550.7927, 1285.556, 2196.302)]
[91383.94, [440.0, 68.58, 28.96, 37.29, 388.34, 16.21, 276.58, 20.24, 265.5, 23.15, 204.21, 21.72, 159.51, 22.21, 85.9, 14.31], (558.0059, 1342.117, 2345.629)]
[164942.18, [440.0, 69.0, 28.96, 42.68, 373.91, 16.54, 278.88, 22.44, 270.91, 22.86, 205.85, 22.62, 161.59, 21.78, 91.61, 20.52], (771.7392, 1243.717, 2183.737)]

Population size: 30
Number of couples: 13
Number of kept parents: 0
Best parent kept: True
Mutation Probability: 0.3
Mutation range (x, y): 5, 0.5
Number of Parameters: 6
Length, Width, Height: [440, 69, 29]
Target Frequencies: (130.8, 523.2, 1308.0)

Written time: 12/05/2023 17:39:04