[50.76, [440.4, 68.58, 28.96, 32.75, 372.99, 15.67, 282.35, 21.73, 272.28, 22.56, 206.81, 22.51, 162.94, 22.11, 84.6, 14.74], (131.2479, 537.0872, 1321.043)]
[57.03, [440.4, 68.58, 28.96, 29.14, 367.91, 16.57, 278.64, 21.81, 283.14, 22.79, 204.67, 22.51, 162.94, 22.14, 84.6, 14.74], (128.7583, 528.9651, 1321.443)]
[65.24, [440.0, 69.0, 28.96, 32.64, 363.67, 16.36, 279.8, 21.59, 291.12, 22.14, 209.69, 22.51, 155.73, 22.11, 84.6, 14.63], (132.5904, 534.3383, 1321.433)]
[69.96, [440.0, 69.0, 28.96, 28.83, 371.5, 16.49, 275.41, 21.73, 274.8, 22.39, 207.76, 22.51, 159.29, 22.11, 81.82, 14.47], (132.7306, 538.4124, 1313.106)]
[90.06, [440.0, 69.0, 28.96, 30.87, 368.95, 16.49, 279.97, 21.44, 271.64, 22.39, 207.76, 22.51, 159.29, 22.11, 84.6, 14.76], (133.0235, 540.968, 1320.482)]
[100.48, [440.0, 69.0, 28.96, 29.14, 371.5, 16.28, 276.73, 21.44, 279.67, 22.15, 205.54, 22.51, 162.94, 22.43, 84.6, 14.74], (133.3206, 540.8412, 1324.359)]
[262.19, [440.0, 69.0, 28.96, 26.87, 371.5, 16.49, 279.04, 20.94, 285.87, 22.15, 208.09, 22.45, 168.57, 22.11, 86.9, 14.74], (136.4438, 556.2346, 1353.523)]
[339.12, [440.0, 69.0, 28.96, 24.34, 362.26, 15.66, 278.95, 21.7, 282.9, 22.94, 209.51, 23.2, 125.05, 15.89, 100.54, 16.96], (134.9609, 585.9413, 1405.396)]
[560.61, [440.0, 69.0, 28.96, 30.7, 371.61, 16.78, 284.93, 21.44, 272.12, 22.39, 207.76, 22.77, 135.39, 16.81, 94.76, 17.53], (141.9003, 583.4531, 1348.15)]
[571.42, [440.4, 68.58, 28.96, 30.21, 362.26, 16.58, 272.25, 21.28, 277.36, 22.14, 209.09, 23.41, 135.81, 16.88, 97.28, 16.83], (139.98, 598.6312, 1412.697)]
[666.58, [440.4, 68.58, 28.96, 31.42, 380.72, 17.01, 277.74, 21.39, 279.67, 22.38, 203.08, 22.25, 129.24, 17.08, 93.62, 17.35], (144.5382, 577.9944, 1328.385)]
[683.35, [440.4, 69.0, 28.96, 39.87, 367.31, 15.56, 278.52, 21.5, 270.08, 22.56, 204.88, 22.4, 136.01, 17.53, 96.42, 16.96], (142.6583, 593.7926, 1406.513)]
[724.36, [440.4, 68.58, 28.96, 33.82, 370.45, 16.61, 283.65, 21.2, 271.42, 23.11, 203.76, 22.08, 135.8, 15.89, 96.98, 17.58], (142.5396, 617.934, 1393.292)]
[738.48, [440.4, 68.58, 28.96, 29.8, 370.81, 15.88, 272.41, 20.74, 286.71, 22.81, 203.51, 22.83, 137.88, 15.4, 93.62, 17.79], (142.3436, 613.6844, 1428.064)]
[758.26, [440.4, 68.58, 28.96, 29.43, 366.57, 16.88, 286.45, 20.75, 268.02, 22.38, 219.68, 22.91, 128.59, 16.96, 97.86, 16.79], (144.2996, 598.5073, 1381.995)]
[782.26, [440.4, 68.58, 28.96, 33.82, 370.45, 16.61, 272.41, 21.06, 279.76, 22.81, 203.51, 22.83, 137.88, 14.99, 98.51, 16.79], (142.3667, 621.4411, 1451.271)]
[798.96, [440.0, 69.0, 28.96, 34.15, 373.52, 16.59, 273.34, 21.99, 282.71, 22.43, 214.46, 22.51, 146.79, 17.23, 100.58, 17.49], (145.0267, 596.3809, 1387.402)]
[807.32, [440.4, 68.58, 28.96, 33.82, 369.24, 16.31, 272.41, 20.74, 284.12, 22.82, 203.48, 22.83, 137.88, 15.22, 100.58, 16.96], (142.5324, 622.9422, 1464.097)]
[810.94, [440.4, 68.58, 28.96, 32.75, 372.99, 15.83, 278.52, 21.44, 270.08, 22.56, 205.29, 22.17, 136.01, 17.22, 93.62, 17.42], (145.4452, 594.9563, 1379.089)]
[1095.37, [440.4, 69.0, 28.96, 39.87, 364.47, 16.78, 278.64, 21.48, 274.87, 21.82, 206.43, 22.4, 140.04, 17.36, 97.28, 16.96], (149.2394, 603.2761, 1411.374)]
[1622.71, [440.0, 68.58, 28.96, 29.14, 365.87, 16.89, 277.56, 21.45, 280.15, 21.25, 203.51, 22.15, 133.96, 16.81, 90.33, 17.42], (156.7791, 609.0265, 1391.992)]
[1659.71, [440.0, 69.0, 28.96, 24.34, 362.26, 15.99, 281.3, 21.7, 284.19, 22.79, 209.51, 23.2, 129.54, 15.34, 100.15, 16.29], (134.6751, 172.7946, 600.5856)]
[1680.7, [440.0, 69.0, 28.96, 34.79, 355.27, 16.31, 277.56, 21.36, 278.84, 22.06, 203.76, 22.23, 135.8, 14.97, 98.57, 16.28], (154.5681, 647.6729, 1518.763)]
[2372.24, [440, 69, 29, 29.67, 337.55, 19.93, 320.95, 20.89, 260.86, 21.78, 181.54, 19.35, 141.94, 15.07, 74.88, 21.75], (166.866, 599.967, 1293.621)]
[6646.35, [440, 69, 29, 51.88, 351.84, 17.42, 278.07, 19.22, 246.9, 21.26, 212.23, 17.4, 119.86, 14.8, 68.28, 21.57], (202.1012, 700.7974, 1489.681)]
[8192.96, [440, 69, 29, 33.41, 361.54, 22.26, 284.07, 18.39, 247.56, 14.99, 215.81, 17.94, 141.59, 17.24, 79.19, 22.35], (215.9296, 627.6212, 1385.368)]
[16687.96, [440.0, 68.58, 28.96, 28.45, 365.01, 15.89, 279.15, 21.44, 277.06, 22.15, 198.04, 22.51, 163.95, 21.7, 84.6, 14.78], (266.234, 839.5198, 1443.879)]
[84410.62, [440.4, 68.58, 28.96, 32.75, 375.98, 16.49, 278.64, 21.48, 279.67, 21.82, 203.54, 22.51, 162.94, 22.0, 81.35, 14.25], (534.8468, 1351.713, 2430.229)]
[107335.1, [440.4, 68.58, 28.96, 29.14, 366.57, 16.49, 273.0, 21.38, 279.67, 22.57, 208.03, 23.26, 131.26, 16.37, 94.14, 17.42], (605.5091, 1637.556, 2428.449)]
[200282.7, [440.0, 69.0, 28.96, 37.28, 368.1, 16.28, 274.24, 20.94, 284.05, 22.15, 207.92, 22.45, 170.03, 22.11, 86.9, 14.74], (857.9868, 1747.791, 2433.108)]

Population size: 30
Number of couples: 13
Number of kept parents: 0
Best parent kept: True
Mutation Probability: 0.3
Mutation range (x, y): 5, 0.5
Number of Parameters: 6
Length, Width, Height: [440, 69, 29]
Target Frequencies: (130.8, 523.2, 1308.0)

Written time: 11/05/2023 17:12:52