[1405.33, [440.4, 68.58, 28.96, 47.19, 349.21, 20.16, 311.96, 19.12, 274.74, 16.06, 197.07, 18.04, 119.31, 22.77, 71.87, 19.76], (146.633, 582.4318, 591.2104)]
[1669.51, [440.4, 68.58, 28.96, 38.68, 381.16, 15.29, 323.39, 15.57, 257.6, 19.41, 180.28, 22.6, 145.03, 19.53, 64.83, 22.48], (159.9043, 591.1569, 1275.604)]
[1753.51, [440.4, 68.58, 28.96, 42.15, 377.17, 17.59, 299.43, 22.13, 225.92, 18.54, 212.46, 18.9, 131.61, 22.19, 57.24, 22.09], (159.5147, 493.7387, 1121.798)]
[2745.4, [440.4, 68.58, 28.96, 23.0, 353.39, 18.96, 326.99, 20.54, 238.14, 22.05, 171.81, 16.58, 138.58, 16.5, 79.65, 19.95], (172.056, 618.8659, 1309.265)]
[3160.22, [440.4, 68.58, 28.96, 39.43, 358.6, 16.11, 288.4, 20.38, 258.69, 20.58, 200.55, 21.47, 124.16, 14.85, 78.28, 17.78], (174.1304, 663.6082, 1477.018)]
[3222.79, [440.4, 68.58, 28.96, 31.89, 342.53, 15.77, 290.54, 15.37, 261.3, 21.85, 211.94, 19.08, 113.1, 21.88, 57.3, 15.11], (175.2817, 630.8191, 1457.964)]
[3694.6, [440.4, 68.58, 28.96, 23.0, 355.37, 19.05, 326.99, 21.14, 273.52, 21.41, 206.1, 18.12, 125.04, 19.26, 81.56, 16.99], (176.486, 839.0564, 1600.261)]
[3891.84, [440.4, 68.58, 28.96, 39.43, 359.67, 15.83, 284.01, 20.77, 245.59, 18.06, 181.46, 20.93, 147.23, 21.89, 80.59, 14.65], (180.6385, 674.4366, 1531.741)]
[3960.53, [440.4, 68.58, 28.96, 11.92, 371.93, 20.97, 279.93, 22.18, 272.04, 21.72, 167.66, 19.61, 161.74, 17.11, 91.8, 18.68], (183.0773, 645.4993, 1368.011)]
[4554.28, [440.4, 68.58, 28.96, 52.47, 372.88, 14.6, 328.17, 18.67, 273.52, 21.41, 201.57, 18.12, 125.04, 19.26, 81.56, 17.11], (187.9966, 639.3513, 1422.096)]
[4882.76, [440.4, 68.58, 28.96, 11.52, 359.03, 22.53, 311.06, 19.9, 262.83, 15.21, 170.65, 20.21, 133.39, 21.6, 57.04, 16.5], (192.1046, 567.4255, 1268.0)]
[4941.59, [440.4, 68.58, 28.96, 23.0, 355.37, 18.96, 326.99, 20.92, 273.52, 21.41, 200.25, 17.79, 116.4, 21.86, 77.35, 16.79], (178.225, 1188.841, 2319.511)]
[4990.02, [440.4, 68.58, 28.96, 11.76, 344.15, 16.29, 305.99, 22.58, 265.78, 20.33, 173.94, 16.77, 129.87, 16.0, 97.89, 18.2], (190.934, 669.0978, 1490.66)]
[5177.89, [440.4, 68.58, 28.96, 46.79, 344.95, 16.41, 314.41, 22.83, 254.15, 17.19, 195.35, 18.41, 112.12, 18.38, 57.67, 21.19], (194.6021, 594.9131, 1319.643)]
[5285.51, [440.4, 68.58, 28.96, 29.79, 363.21, 19.46, 315.88, 19.9, 263.96, 15.21, 170.65, 20.12, 134.98, 21.34, 57.04, 16.5], (195.2931, 606.3925, 1332.778)]
[6797.3, [440.4, 68.58, 28.96, 45.9, 357.66, 17.53, 317.94, 17.45, 262.26, 15.23, 215.68, 18.89, 111.17, 19.52, 92.06, 22.25], (206.2608, 662.8377, 1412.392)]
[7609.63, [440.4, 68.58, 28.96, 47.45, 357.66, 17.53, 317.99, 17.45, 262.26, 15.18, 215.68, 17.79, 116.4, 21.52, 77.35, 16.3], (211.6342, 687.883, 1487.256)]
[7852.27, [440.4, 68.58, 28.96, 47.03, 350.05, 17.98, 280.93, 22.91, 255.0, 15.45, 167.95, 15.11, 166.89, 17.03, 65.22, 21.78], (213.7171, 640.0721, 1495.022)]
[7934.59, [440.4, 68.58, 28.96, 45.48, 365.79, 18.27, 309.92, 21.46, 224.15, 15.04, 184.56, 16.96, 164.01, 19.2, 77.19, 17.62], (215.0925, 650.2492, 1378.535)]
[8404.73, [440.4, 68.58, 28.96, 47.19, 346.02, 20.16, 311.56, 18.76, 274.74, 16.06, 197.07, 19.61, 167.02, 17.11, 91.8, 18.42], (216.7587, 708.2721, 1560.083)]
[9025.82, [440.4, 68.58, 28.96, 50.21, 361.03, 17.76, 317.99, 17.45, 261.81, 15.51, 216.82, 18.26, 125.04, 19.26, 81.56, 16.99], (221.2795, 714.6583, 1537.922)]
[9093.64, [440.4, 68.58, 28.96, 54.38, 372.36, 21.4, 309.25, 14.58, 253.28, 19.55, 200.73, 17.79, 116.4, 21.78, 75.61, 16.79], (211.4888, 1299.431, 2379.313)]
[10235.24, [440.4, 68.58, 28.96, 42.43, 379.07, 17.0, 299.77, 15.23, 260.18, 22.18, 211.94, 18.98, 126.88, 16.44, 97.89, 18.56], (32.00042, 678.8857, 1565.315)]
[10938.06, [440.4, 68.58, 28.96, 31.89, 342.53, 15.77, 290.54, 22.53, 274.65, 14.96, 166.38, 14.83, 155.75, 22.55, 65.75, 17.01], (28.21497, 221.3181, 1552.028)]
[11755.68, [440.4, 68.58, 28.96, 47.02, 365.52, 15.7, 328.21, 18.27, 258.69, 20.18, 204.2, 21.2, 121.1, 15.12, 78.28, 17.45], (25.68321, 181.66, 673.2921)]
[11769.92, [440.4, 68.58, 28.96, 24.02, 331.53, 17.56, 292.89, 14.84, 249.7, 15.68, 182.94, 14.73, 124.32, 22.6, 109.45, 19.64], (238.5222, 736.9799, 1685.934)]
[11841.54, [440.4, 68.58, 28.96, 11.92, 369.89, 20.97, 279.05, 22.18, 268.58, 21.25, 167.66, 18.04, 114.74, 22.77, 72.64, 19.76], (26.42343, 159.9707, 495.4771)]
[13155.7, [440.4, 68.58, 28.96, 29.79, 366.28, 19.46, 277.95, 16.0, 233.26, 20.52, 185.22, 15.63, 116.54, 16.06, 86.39, 23.1], (237.5685, 1363.231, 2593.601)]
[111816.29, [440.4, 68.58, 28.96, 47.84, 358.35, 18.82, 289.73, 22.24, 252.29, 19.32, 197.67, 21.41, 132.31, 15.34, 92.32, 22.26], (624.9586, 1349.941, 2452.202)]
[118339.64, [440.4, 68.58, 28.96, 40.76, 346.79, 17.61, 286.37, 20.79, 257.72, 19.02, 197.52, 16.28, 114.97, 15.06, 99.13, 17.6], (644.2968, 977.6282, 2837.034)]

Population size: 30
Number of couples: 13
Number of kept parents: 0
Best parent kept: True
Mutation Probability: 0.3
Mutation range (x, y): 5, 0.5
Number of Parameters: 6

Written time: 25/03/2023 14:29:05