[180.46, [440.4, 68.58, 28.96, 39.16, 334.77, 14.62, 320.43, 16.12, 277.46, 21.4, 169.04, 22.64, 130.73, 22.05, 67.08, 22.54], (131.8469, 496.4713, 1164.968)]
[199.51, [440.4, 68.58, 28.96, 34.83, 334.83, 14.9, 316.89, 16.12, 277.46, 21.4, 169.04, 22.64, 126.94, 21.88, 64.83, 22.78], (132.5136, 496.6305, 1157.422)]
[254.69, [440.4, 68.58, 28.96, 54.07, 347.51, 15.3, 324.62, 15.57, 259.58, 19.41, 170.25, 23.48, 110.52, 21.88, 62.08, 22.84], (135.3959, 519.3929, 1155.408)]
[377.84, [440.4, 68.58, 28.96, 38.41, 381.16, 15.52, 324.72, 15.57, 259.58, 19.09, 177.05, 23.15, 108.18, 22.19, 61.03, 22.84], (137.8797, 518.5579, 1122.841)]
[407.08, [440.4, 68.58, 28.96, 38.68, 381.16, 15.14, 321.12, 15.57, 261.08, 19.41, 173.0, 23.15, 108.18, 21.88, 62.31, 22.92], (138.9293, 520.9317, 1134.592)]
[519.44, [440.4, 68.58, 28.96, 19.12, 358.19, 18.99, 292.59, 21.18, 259.58, 19.41, 173.0, 23.15, 108.18, 21.41, 64.83, 22.84], (138.0422, 474.1387, 1032.181)]
[539.08, [440.4, 68.58, 28.96, 38.68, 381.16, 15.14, 324.34, 21.15, 269.43, 21.88, 202.24, 22.43, 124.74, 16.84, 90.78, 16.75], (144.0724, 562.3601, 1290.983)]
[549.2, [440.4, 68.58, 28.96, 54.07, 344.98, 15.3, 324.34, 21.35, 273.47, 21.88, 202.54, 22.43, 124.74, 16.84, 95.36, 17.32], (143.6134, 568.2671, 1354.344)]
[566.99, [440.4, 68.58, 28.96, 54.07, 347.51, 15.3, 321.06, 21.35, 269.43, 21.85, 197.92, 22.43, 124.74, 16.84, 95.23, 16.85], (143.6433, 571.0554, 1367.745)]
[966.48, [440.4, 68.58, 28.96, 26.72, 351.37, 18.96, 326.99, 21.12, 257.18, 21.85, 217.07, 19.23, 111.74, 22.28, 57.74, 22.54], (146.6717, 459.279, 1037.162)]
[1225.24, [440.4, 68.58, 28.96, 29.83, 334.77, 15.0, 323.48, 15.81, 274.42, 21.4, 169.04, 22.54, 127.0, 16.96, 72.82, 19.64], (153.0126, 608.6398, 1402.011)]
[1462.49, [440.4, 68.58, 28.96, 30.24, 347.13, 18.96, 326.99, 21.12, 257.18, 21.85, 217.07, 18.98, 113.1, 21.84, 61.61, 15.11], (157.2756, 528.1721, 1211.845)]
[1522.86, [440.4, 68.58, 28.96, 19.88, 358.19, 19.21, 292.59, 15.68, 274.42, 21.24, 169.04, 22.64, 127.0, 16.98, 85.76, 17.28], (156.7018, 626.4806, 1410.511)]
[2366.2, [440.4, 68.58, 28.96, 22.35, 358.19, 19.57, 292.59, 21.18, 242.74, 18.51, 178.11, 22.33, 143.23, 19.01, 60.18, 15.11], (168.2514, 577.8471, 1328.998)]
[2381.45, [440.4, 68.58, 28.96, 41.0, 381.15, 17.66, 292.02, 19.76, 252.61, 17.24, 173.41, 22.43, 125.33, 19.52, 67.98, 22.75], (167.5813, 560.9637, 1193.911)]
[2492.68, [440.4, 68.58, 28.96, 29.89, 336.28, 14.33, 320.43, 21.34, 245.59, 18.82, 178.11, 22.33, 143.23, 19.01, 60.18, 15.22], (168.2575, 610.3656, 1422.399)]
[2557.57, [440.4, 68.58, 28.96, 40.32, 377.17, 17.59, 291.09, 22.13, 225.92, 18.4, 188.77, 20.8, 147.23, 21.53, 81.01, 16.79], (170.6973, 557.6746, 1312.426)]
[2723.53, [440.4, 68.58, 28.96, 27.82, 342.53, 15.35, 324.34, 21.35, 269.43, 21.49, 198.4, 21.95, 127.0, 17.17, 88.96, 17.24], (151.6364, 1149.332, 2455.357)]
[2739.22, [440.4, 68.58, 28.96, 41.0, 382.12, 17.37, 293.35, 19.47, 252.61, 17.24, 173.41, 22.43, 125.33, 19.52, 86.6, 20.59], (172.1436, 591.7543, 1294.506)]
[3148.41, [440.4, 68.58, 28.96, 27.82, 342.53, 16.0, 283.89, 21.18, 248.2, 18.45, 176.71, 22.33, 145.09, 18.58, 60.18, 15.06], (174.3011, 636.3915, 1475.557)]
[3270.3, [440.4, 68.58, 28.96, 45.98, 382.63, 22.86, 281.85, 22.11, 251.71, 14.76, 198.45, 19.05, 158.47, 20.68, 91.72, 19.32], (177.9189, 531.2664, 1278.896)]
[3461.98, [440.4, 68.58, 28.96, 40.32, 340.42, 16.22, 298.43, 18.67, 277.52, 21.41, 199.02, 17.79, 116.4, 22.22, 79.88, 16.79], (178.353, 599.5927, 1415.917)]
[3740.44, [440.4, 68.58, 28.96, 25.79, 342.7, 16.93, 320.8, 22.47, 245.02, 18.65, 207.25, 20.39, 131.56, 18.13, 67.79, 14.76], (180.8377, 617.6199, 1416.046)]
[4005.86, [440.4, 68.58, 28.96, 52.57, 372.88, 15.05, 328.17, 15.37, 261.3, 21.44, 214.44, 18.98, 113.1, 21.45, 57.3, 15.11], (175.9078, 238.7351, 615.0218)]
[4418.38, [440.4, 68.58, 28.96, 38.68, 381.16, 15.14, 320.99, 15.57, 255.84, 21.41, 201.29, 17.92, 116.4, 21.33, 77.35, 14.65], (81.67131, 188.7199, 669.1659)]
[4428.56, [440.4, 68.58, 28.96, 38.68, 377.98, 15.01, 321.12, 15.57, 245.59, 18.56, 178.11, 21.87, 143.23, 19.01, 60.18, 15.11], (185.6963, 691.4207, 1502.584)]
[6781.05, [440.4, 68.58, 28.96, 39.38, 340.42, 15.05, 317.76, 15.67, 254.9, 19.04, 176.11, 22.73, 145.87, 19.53, 92.11, 22.5], (61.73219, 163.6128, 628.3619)]
[11495.16, [440.4, 68.58, 28.96, 32.23, 336.57, 18.03, 323.54, 18.5, 223.52, 22.39, 178.6, 21.2, 163.59, 17.47, 80.85, 22.22], (25.21646, 156.8301, 1030.516)]
[12072.72, [440.4, 68.58, 28.96, 35.47, 363.42, 15.73, 294.6, 15.37, 259.11, 21.27, 208.88, 19.28, 117.16, 22.29, 86.6, 20.59], (24.25665, 167.8508, 590.2066)]
[17919.01, [440.4, 68.58, 28.96, 43.56, 338.71, 14.99, 279.25, 20.6, 254.31, 14.83, 176.21, 21.69, 147.95, 16.86, 63.86, 20.75], (273.466, 862.0121, 1850.272)]

Population size: 30
Number of couples: 13
Number of kept parents: 0
Best parent kept: True
Mutation Probability: 0.3
Mutation range (x, y): 5, 0.5
Number of Parameters: 6

Written time: 25/03/2023 15:04:40