[78.35, [440.0, 68.58, 28.96, 31.79, 366.57, 16.59, 273.64, 21.98, 278.84, 22.41, 208.24, 22.51, 136.01, 17.27, 100.58, 17.2], (130.7031, 537.6784, 1266.151)]
[89.3, [440.4, 68.58, 28.96, 33.78, 371.5, 16.49, 278.72, 21.44, 275.03, 22.54, 203.08, 22.51, 137.55, 16.8, 93.45, 16.24], (130.2547, 543.3816, 1273.179)]
[94.78, [440.0, 68.58, 28.96, 27.02, 363.03, 16.37, 270.06, 21.9, 278.84, 22.54, 207.16, 22.51, 137.55, 16.8, 92.26, 16.24], (131.9435, 552.408, 1298.469)]
[105.16, [440.4, 68.58, 28.96, 29.41, 364.28, 16.28, 277.67, 21.44, 279.75, 22.8, 208.24, 22.51, 136.01, 17.27, 100.58, 17.2], (128.5682, 537.9302, 1273.006)]
[111.17, [440.0, 69.0, 28.96, 30.21, 362.26, 16.58, 278.95, 21.35, 284.25, 21.95, 209.69, 22.91, 135.39, 16.81, 97.86, 16.79], (132.7928, 548.9242, 1289.268)]
[112.8, [440.4, 69.0, 28.96, 33.78, 362.77, 16.67, 282.88, 20.92, 287.05, 22.4, 205.72, 22.91, 132.81, 16.73, 94.34, 16.79], (128.2346, 536.6325, 1269.871)]
[113.64, [440.0, 69.0, 28.96, 29.14, 376.31, 16.59, 277.32, 21.72, 278.84, 22.54, 203.71, 22.51, 135.8, 15.42, 97.79, 16.52], (132.0757, 553.8213, 1285.32)]
[113.73, [440.0, 69.0, 28.96, 32.64, 364.63, 16.1, 277.56, 21.59, 278.84, 22.85, 208.24, 22.51, 136.01, 17.27, 100.58, 17.09], (127.9838, 537.9003, 1278.283)]
[116.81, [440.4, 68.58, 28.96, 33.82, 366.15, 17.07, 281.62, 21.22, 281.48, 22.95, 203.51, 22.51, 135.8, 15.42, 98.57, 16.96], (128.6843, 550.2864, 1289.682)]
[120.14, [440.0, 68.58, 28.96, 36.76, 369.68, 16.83, 276.42, 21.35, 284.25, 22.36, 205.72, 22.91, 132.31, 16.81, 97.86, 17.08], (128.1663, 534.151, 1257.983)]
[125.87, [440.0, 68.58, 28.96, 35.99, 330.2, 18.97, 279.55, 20.91, 273.49, 22.83, 197.78, 22.41, 133.38, 16.03, 98.18, 16.99], (130.1557, 558.3154, 1340.912)]
[164.86, [440.0, 68.58, 28.96, 29.9, 366.57, 16.59, 276.01, 21.9, 274.98, 22.33, 201.67, 22.1, 139.46, 16.87, 93.45, 16.74], (134.5393, 548.237, 1278.04)]
[173.04, [440.0, 68.58, 28.96, 29.9, 366.57, 16.94, 273.64, 21.72, 278.84, 22.54, 203.71, 23.01, 129.63, 16.47, 97.28, 16.74], (126.1398, 532.5867, 1259.027)]
[182.08, [440.4, 68.58, 28.96, 29.9, 372.57, 16.1, 278.37, 20.57, 269.03, 22.07, 201.52, 22.49, 135.8, 17.72, 89.95, 16.67], (134.7562, 548.1373, 1266.954)]
[212.85, [440.4, 69.0, 28.96, 33.78, 364.63, 16.67, 286.45, 20.75, 271.42, 22.65, 203.76, 22.21, 135.8, 15.42, 98.57, 16.96], (135.1366, 568.8576, 1316.402)]
[268.55, [440.4, 68.58, 28.96, 32.75, 373.82, 16.51, 282.88, 20.95, 274.33, 22.3, 205.11, 22.06, 135.8, 16.72, 88.26, 15.6], (137.1537, 557.6042, 1285.617)]
[279.28, [440.0, 69.0, 29.0, 13.46, 364.28, 16.13, 277.67, 21.51, 279.75, 22.97, 211.13, 21.72, 139.92, 17.08, 93.62, 16.4], (137.5558, 561.1282, 1299.139)]
[328.49, [440.0, 69.0, 28.96, 29.14, 375.83, 16.53, 277.32, 21.72, 278.84, 22.41, 211.13, 21.72, 140.61, 17.08, 93.62, 16.4], (138.576, 554.2438, 1273.957)]
[384.87, [440.4, 68.58, 28.96, 30.21, 363.84, 16.58, 274.05, 21.35, 271.42, 23.08, 203.76, 23.26, 134.31, 16.83, 97.28, 16.74], (120.6009, 530.9642, 1268.264)]
[558.67, [440.0, 69.0, 28.96, 29.99, 368.05, 16.53, 274.97, 20.71, 264.5, 22.97, 195.0, 22.33, 148.23, 21.37, 74.26, 16.78], (120.7347, 487.2077, 1158.646)]
[632.01, [440.4, 68.58, 28.96, 27.71, 364.63, 16.1, 280.03, 21.02, 271.08, 22.89, 203.63, 22.33, 141.59, 21.37, 74.26, 16.78], (119.9889, 477.5339, 1145.625)]
[1086.52, [440, 69, 29, 49.99, 353.95, 21.12, 311.31, 20.65, 262.97, 21.66, 167.42, 17.65, 139.63, 21.27, 55.06, 21.15], (147.4096, 469.1295, 1033.578)]
[2562.86, [440.4, 68.58, 28.96, 32.75, 373.82, 16.04, 278.72, 21.44, 265.86, 22.63, 201.3, 22.4, 129.31, 16.44, 96.81, 17.42], (130.5767, 1228.639, 2106.21)]
[2891.78, [440.0, 69.0, 28.96, 29.14, 371.5, 16.59, 274.03, 21.86, 282.21, 22.41, 204.34, 22.51, 136.01, 16.88, 100.58, 17.2], (168.1442, 673.4541, 1542.044)]
[4959.23, [440, 69, 29, 25.9, 367.65, 22.24, 296.76, 16.43, 239.68, 17.3, 202.6, 20.97, 113.19, 15.16, 63.86, 18.62], (191.2296, 615.7389, 1277.699)]
[10920.13, [440, 69, 29, 13.77, 367.67, 20.53, 282.32, 17.06, 260.13, 15.34, 181.2, 15.36, 144.51, 18.4, 72.59, 15.04], (233.2177, 677.131, 1478.467)]
[17192.41, [440.0, 69.0, 28.96, 29.14, 373.35, 16.42, 280.03, 21.02, 270.61, 22.89, 201.52, 22.33, 144.62, 21.37, 72.37, 16.77], (262.4017, 1119.18, 1913.403)]
[28629.55, [440.4, 68.58, 28.96, 30.21, 363.84, 16.58, 283.57, 20.58, 275.88, 22.51, 199.48, 23.15, 136.75, 17.25, 95.8, 16.41], (319.8484, 1253.308, 2119.09)]
[83644.6, [440.4, 68.58, 28.96, 28.62, 333.14, 19.1, 279.55, 20.71, 271.42, 22.83, 197.78, 22.83, 128.86, 15.99, 96.81, 16.74], (533.1454, 1310.3, 2280.196)]
[85215.05, [440.0, 69.0, 29.0, 13.46, 372.33, 16.71, 280.97, 21.03, 272.1, 22.3, 198.27, 23.15, 128.82, 16.8, 86.79, 16.74], (539.4729, 1234.282, 2129.419)]

Population size: 30
Number of couples: 13
Number of kept parents: 0
Best parent kept: True
Mutation Probability: 0.3
Mutation range (x, y): 5, 0.5
Number of Parameters: 6
Length, Width, Height: [440, 69, 29]
Target Frequencies: (130.8, 523.2, 1308.0)

Written time: 11/05/2023 15:07:25