[29.0, [440.0, 68.58, 28.96, 36.93, 381.38, 15.91, 276.58, 22.19, 275.36, 22.71, 209.71, 22.35, 155.57, 21.79, 90.13, 15.46], (131.0086, 527.7936, 1291.437)]
[37.82, [440.0, 68.58, 28.96, 36.79, 374.67, 15.99, 277.34, 21.74, 276.22, 22.71, 204.08, 22.31, 158.23, 22.65, 87.56, 15.15], (129.0881, 521.8522, 1295.943)]
[57.09, [440.0, 68.58, 28.96, 35.44, 381.38, 15.33, 277.99, 21.92, 280.0, 22.55, 203.38, 22.34, 155.14, 22.65, 89.15, 15.02], (129.0825, 517.7984, 1286.918)]
[60.08, [440.0, 69.0, 28.96, 20.32, 367.47, 16.71, 283.63, 21.32, 284.48, 22.68, 214.77, 22.77, 160.62, 22.24, 83.93, 14.6], (128.3409, 526.906, 1295.752)]
[62.17, [440.0, 69.0, 28.96, 41.18, 381.27, 16.3, 282.2, 22.12, 284.35, 22.55, 207.97, 22.06, 154.88, 22.35, 89.15, 15.02], (131.346, 515.7186, 1268.568)]
[65.85, [440.0, 68.58, 28.96, 35.44, 381.38, 16.17, 281.46, 20.62, 275.43, 22.9, 204.08, 22.69, 154.88, 21.22, 82.73, 14.57], (130.8426, 545.0841, 1319.051)]
[74.02, [440.4, 68.58, 28.96, 29.73, 374.1, 15.79, 276.92, 20.39, 267.31, 22.87, 204.08, 22.69, 151.55, 21.91, 83.94, 15.02], (130.2199, 544.107, 1325.338)]
[80.12, [440.0, 69.0, 28.96, 29.73, 374.1, 15.79, 276.92, 20.39, 269.82, 22.99, 204.08, 22.69, 151.55, 22.05, 83.94, 15.02], (128.751, 538.659, 1320.142)]
[80.71, [440.0, 68.58, 28.96, 36.87, 381.38, 15.68, 279.7, 22.33, 280.0, 22.55, 203.38, 22.06, 152.97, 22.65, 84.41, 14.59], (130.1748, 510.8664, 1263.064)]
[129.69, [440.0, 69.0, 28.96, 26.96, 342.92, 18.02, 277.67, 21.22, 275.36, 22.71, 204.7, 22.59, 155.57, 21.79, 90.05, 14.5], (131.5207, 547.7596, 1370.176)]
[151.93, [440.0, 69.0, 29.0, 35.65, 370.12, 15.62, 276.92, 20.87, 267.86, 23.13, 204.08, 22.53, 159.99, 21.46, 86.41, 15.4], (132.227, 554.6615, 1364.231)]
[155.61, [440.0, 68.58, 28.96, 31.97, 385.27, 15.33, 278.97, 22.05, 280.0, 22.55, 203.38, 21.99, 156.29, 21.63, 79.09, 14.29], (135.8717, 537.3539, 1301.995)]
[157.3, [440.0, 69.0, 29.0, 54.09, 350.33, 21.22, 326.89, 20.36, 278.67, 22.23, 201.17, 22.23, 169.69, 21.7, 88.61, 15.66], (135.3495, 523.237, 1247.832)]
[178.5, [440.0, 69.0, 28.96, 26.96, 374.32, 15.79, 276.92, 20.94, 274.68, 22.94, 204.33, 22.43, 155.38, 21.3, 84.44, 14.27], (133.7256, 555.7531, 1355.076)]
[211.32, [440.0, 68.58, 28.96, 36.79, 374.67, 16.4, 277.34, 21.65, 276.22, 22.71, 204.08, 22.18, 159.51, 21.13, 84.44, 14.86], (135.8463, 551.465, 1335.3)]
[211.36, [440.0, 69.0, 28.96, 33.68, 371.2, 15.55, 282.43, 21.33, 278.67, 22.71, 201.17, 22.23, 167.8, 21.61, 88.61, 15.38], (134.992, 553.1278, 1358.709)]
[306.34, [440.0, 68.58, 28.96, 25.73, 378.48, 16.93, 279.62, 21.53, 281.6, 22.37, 198.39, 23.2, 157.45, 22.51, 87.21, 14.7], (123.2062, 507.3856, 1250.459)]
[350.35, [440.0, 68.58, 28.96, 36.93, 381.11, 15.82, 286.58, 20.94, 276.22, 22.71, 201.72, 22.97, 150.18, 22.65, 84.23, 14.8], (122.4088, 504.1767, 1248.282)]
[1201.56, [440.0, 69.0, 28.96, 24.45, 367.47, 16.26, 282.78, 21.68, 281.6, 22.68, 214.77, 22.51, 172.14, 22.36, 85.16, 15.4], (135.3101, 776.6077, 1780.263)]
[1212.93, [440.0, 68.58, 28.96, 32.87, 379.69, 15.44, 276.58, 22.44, 270.91, 22.86, 207.76, 22.35, 154.83, 22.18, 90.45, 15.15], (128.5909, 765.3345, 1882.758)]
[2244.78, [440.0, 69.0, 29.0, 54.09, 350.33, 20.76, 328.36, 20.62, 247.97, 17.79, 168.1, 22.99, 126.96, 18.44, 103.07, 19.53], (166.441, 567.4198, 1301.545)]
[2559.13, [440.4, 68.58, 28.96, 33.68, 374.67, 15.55, 278.34, 21.51, 247.97, 17.58, 168.1, 22.99, 126.96, 18.78, 103.07, 19.53], (168.4069, 594.3472, 1383.038)]
[2975.37, [440.0, 69.0, 28.96, 25.82, 375.52, 16.22, 277.99, 21.48, 277.87, 22.55, 202.22, 22.06, 150.99, 22.29, 88.56, 14.54], (134.2169, 1300.453, 2277.075)]
[4989.25, [440, 69, 29, 49.97, 377.53, 17.88, 292.64, 20.06, 258.92, 19.68, 167.38, 16.6, 160.83, 20.2, 60.09, 20.01], (191.8243, 601.1896, 1335.181)]
[8235.45, [440, 69, 29, 14.84, 373.97, 20.24, 300.4, 17.95, 240.81, 17.89, 170.68, 16.79, 115.29, 20.38, 101.11, 20.01], (215.9459, 641.1755, 1391.715)]
[8395.38, [440, 69, 29, 51.54, 378.85, 22.43, 300.17, 17.19, 250.65, 17.84, 206.41, 16.42, 151.35, 18.06, 95.3, 21.22], (216.852, 647.227, 1410.771)]
[70863.8, [440.0, 69.0, 28.96, 42.75, 381.27, 16.12, 277.99, 21.92, 281.15, 22.89, 203.38, 21.97, 154.88, 22.59, 84.41, 14.69], (490.0158, 1242.727, 2290.848)]
[76821.88, [440.0, 69.0, 28.96, 22.63, 368.92, 16.15, 277.34, 21.08, 275.36, 22.45, 205.1, 22.53, 155.38, 21.68, 86.41, 14.61], (509.4283, 1356.465, 2371.806)]
[84528.26, [440.0, 69.0, 28.96, 39.49, 381.38, 15.21, 274.06, 22.19, 275.36, 22.71, 207.76, 22.35, 159.55, 21.59, 90.13, 15.15], (538.9244, 1326.398, 1378.615)]
[130078.35, [440.0, 68.58, 28.96, 29.37, 386.21, 15.51, 273.44, 21.99, 281.57, 21.92, 200.45, 22.51, 169.84, 22.13, 85.16, 14.61], (675.0454, 1347.72, 2357.668)]

Population size: 30
Number of couples: 13
Number of kept parents: 0
Best parent kept: True
Mutation Probability: 0.3
Mutation range (x, y): 5, 0.5
Number of Parameters: 6
Length, Width, Height: [440, 69, 29]
Target Frequencies: (130.8, 523.2, 1308.0)

Written time: 12/05/2023 16:19:02