[28.68, [440.0, 69.0, 28.96, 24.85, 373.57, 16.0, 282.35, 21.73, 271.6, 22.37, 205.67, 22.51, 162.39, 22.82, 87.21, 15.18], (129.9955, 524.041, 1288.637)]
[29.05, [440.0, 69.0, 28.96, 27.79, 374.67, 16.16, 278.65, 21.76, 278.87, 22.68, 212.68, 22.51, 162.39, 22.11, 85.25, 15.18], (130.7717, 531.8486, 1300.617)]
[36.4, [440.0, 69.0, 28.96, 29.02, 372.86, 17.05, 281.57, 21.44, 275.63, 22.77, 207.76, 22.42, 162.39, 22.11, 85.25, 15.18], (130.7662, 529.4022, 1287.17)]
[41.38, [440.0, 69.0, 28.96, 27.79, 374.67, 16.16, 278.65, 21.76, 279.31, 22.68, 204.03, 22.51, 155.87, 22.11, 83.75, 14.85], (129.347, 523.0405, 1284.534)]
[43.8, [440.0, 69.0, 28.96, 30.87, 368.95, 16.22, 286.52, 21.73, 271.6, 22.68, 205.67, 22.51, 162.39, 22.36, 85.35, 15.18], (128.9375, 523.6505, 1290.742)]
[58.2, [440.0, 68.58, 28.96, 32.75, 377.96, 16.18, 276.92, 20.94, 281.15, 22.71, 207.76, 22.46, 155.87, 21.91, 86.41, 15.02], (131.8797, 538.7546, 1316.09)]
[72.43, [440.4, 69.0, 28.96, 23.51, 372.86, 17.05, 281.57, 21.44, 275.63, 22.39, 207.76, 22.46, 157.93, 22.11, 84.6, 14.71], (132.8504, 531.9923, 1286.912)]
[88.71, [440.0, 69.0, 28.96, 24.85, 373.57, 16.22, 275.8, 21.72, 272.51, 22.38, 204.71, 22.35, 155.17, 22.11, 84.6, 15.27], (133.7237, 533.6426, 1295.388)]
[94.6, [440.4, 68.58, 28.96, 32.75, 377.96, 16.18, 274.01, 20.94, 285.87, 22.38, 208.09, 23.04, 166.8, 21.94, 81.69, 14.74], (129.1263, 543.9549, 1329.06)]
[106.87, [440.0, 69.0, 28.96, 27.79, 374.67, 16.16, 278.65, 21.76, 277.19, 23.14, 208.95, 22.51, 162.39, 22.36, 88.53, 15.18], (126.529, 521.5733, 1293.46)]
[246.76, [440.0, 69.0, 28.96, 27.79, 375.17, 16.72, 284.17, 21.31, 271.9, 22.27, 212.8, 22.37, 165.91, 21.88, 85.25, 14.74], (137.1299, 551.8924, 1323.776)]
[418.17, [440.0, 69.0, 28.96, 29.48, 365.14, 15.67, 281.17, 22.02, 272.28, 22.27, 212.8, 22.37, 162.63, 22.27, 65.34, 21.57], (126.3984, 469.9232, 1115.364)]
[516.68, [440.0, 69.0, 29.0, 22.65, 364.4, 19.89, 311.71, 18.35, 226.16, 22.68, 204.53, 22.52, 164.51, 22.12, 81.06, 14.23], (142.3798, 571.7803, 1306.822)]
[571.52, [440.0, 69.0, 28.96, 28.84, 374.67, 16.16, 282.21, 21.76, 277.19, 22.68, 206.98, 22.66, 162.39, 22.11, 85.95, 15.18], (144.8836, 534.4736, 1293.198)]
[625.8, [440.0, 69.0, 28.96, 30.59, 368.95, 16.65, 280.95, 21.44, 275.48, 22.38, 210.96, 23.36, 162.58, 21.69, 64.56, 21.24], (121.2305, 472.5112, 1104.946)]
[840.86, [440.0, 69.0, 28.96, 33.72, 373.23, 15.71, 282.35, 21.76, 274.7, 22.25, 185.6, 21.41, 142.63, 17.35, 73.62, 21.46], (147.6935, 557.4493, 1247.112)]
[864.16, [440.0, 69.0, 28.96, 30.92, 375.17, 16.37, 284.17, 21.56, 274.38, 22.08, 211.24, 22.59, 157.75, 21.58, 81.23, 15.3], (134.9662, 519.4576, 538.2369)]
[1052.0, [440.0, 69.0, 28.96, 30.87, 373.57, 16.66, 283.97, 21.73, 268.2, 23.06, 203.33, 22.77, 162.58, 21.69, 65.1, 21.57], (114.8044, 453.2091, 1070.712)]
[1088.28, [440.0, 69.0, 28.96, 33.73, 368.95, 16.65, 280.95, 21.44, 275.63, 21.87, 206.57, 23.36, 162.39, 22.11, 85.25, 15.18], (127.5049, 421.8009, 533.0356)]
[1386.33, [440.0, 69.0, 28.96, 29.48, 369.44, 15.67, 274.83, 21.05, 285.87, 21.74, 212.15, 22.92, 166.08, 22.55, 81.06, 14.64], (122.541, 153.7395, 1082.668)]
[1875.98, [440.4, 68.58, 28.96, 29.21, 365.3, 16.41, 276.34, 21.05, 285.87, 21.72, 209.73, 22.51, 162.39, 21.88, 85.25, 14.74], (138.4892, 156.3749, 562.2987)]
[2765.37, [440.0, 69.0, 28.96, 26.87, 368.99, 17.05, 281.57, 21.24, 275.63, 22.38, 210.78, 23.04, 163.39, 21.94, 84.89, 14.49], (128.9739, 1313.471, 2073.016)]
[3515.33, [440.4, 68.58, 28.96, 29.21, 365.86, 16.67, 281.17, 21.73, 272.28, 22.08, 211.24, 22.59, 157.75, 21.58, 85.72, 14.98], (148.5629, 1317.425, 2089.133)]
[5286.73, [440, 69, 29, 54.65, 349.53, 18.73, 297.06, 19.07, 242.2, 20.76, 208.81, 18.72, 130.01, 16.84, 103.87, 20.07], (191.4269, 673.8876, 1497.403)]
[10508.16, [440, 69, 29, 51.35, 330.61, 21.21, 313.79, 18.87, 267.1, 16.42, 170.24, 15.43, 150.19, 19.77, 55.43, 17.92], (230.2444, 676.4099, 1516.356)]
[11366.48, [440.0, 69.0, 28.96, 24.85, 372.66, 16.22, 282.35, 21.73, 267.59, 23.01, 208.54, 22.51, 162.74, 22.11, 85.25, 15.17], (239.0594, 562.8287, 1304.741)]
[71145.01, [440.0, 69.0, 29.0, 22.65, 360.9, 19.3, 311.71, 18.63, 226.16, 22.68, 208.1, 22.64, 162.39, 22.27, 68.28, 21.57], (493.2098, 1105.118, 2006.029)]
[74851.11, [440, 69, 29, 28.23, 363.69, 22.4, 281.22, 18.26, 254.38, 20.25, 174.76, 20.59, 114.65, 21.12, 62.98, 22.73], (506.156, 1092.74, 2013.394)]
[88820.56, [440.0, 69.0, 28.96, 27.6, 369.61, 16.51, 279.04, 21.39, 269.64, 22.65, 200.61, 22.25, 162.2, 21.42, 77.16, 15.07], (549.8093, 1334.689, 2329.822)]
[150498.95, [440.0, 69.0, 28.96, 31.97, 373.23, 15.35, 282.35, 21.76, 272.28, 21.84, 178.66, 21.41, 138.04, 17.42, 69.41, 21.12], (728.2867, 1683.382, 2859.592)]

Population size: 30
Number of couples: 13
Number of kept parents: 0
Best parent kept: True
Mutation Probability: 0.3
Mutation range (x, y): 5, 0.5
Number of Parameters: 6
Length, Width, Height: [440, 69, 29]
Target Frequencies: (130.8, 523.2, 1308.0)

Written time: 12/05/2023 12:28:26