[29.84, [440.0, 68.58, 28.96, 36.93, 381.38, 15.44, 276.58, 22.19, 275.36, 22.71, 207.76, 22.35, 155.57, 21.79, 90.13, 14.98], (131.2618, 532.5083, 1311.431)]
[33.72, [440.0, 69.0, 28.96, 30.08, 374.67, 16.51, 279.62, 21.53, 281.6, 22.37, 198.39, 22.35, 157.45, 22.37, 87.21, 14.7], (131.8868, 527.0697, 1295.281)]
[35.06, [440.0, 68.58, 28.96, 29.37, 385.86, 15.51, 273.9, 22.32, 276.79, 22.37, 200.15, 22.77, 160.62, 21.7, 90.13, 15.37], (130.1034, 529.8206, 1295.304)]
[67.19, [440.0, 68.58, 28.96, 36.79, 371.28, 16.16, 277.34, 21.99, 281.6, 22.72, 206.43, 22.58, 162.39, 22.37, 87.21, 14.61], (127.6949, 525.6232, 1314.416)]
[69.1, [440.4, 68.58, 28.96, 36.79, 371.76, 16.14, 270.59, 21.94, 281.01, 22.78, 210.47, 22.46, 162.39, 22.37, 87.21, 14.7], (129.3695, 534.2846, 1332.282)]
[72.3, [440.0, 68.58, 28.96, 36.93, 381.37, 15.82, 282.11, 20.94, 276.22, 22.71, 204.08, 22.58, 155.38, 21.38, 84.44, 14.86], (132.0242, 542.9592, 1317.359)]
[76.57, [440.0, 69.0, 28.96, 26.96, 374.32, 16.13, 274.22, 21.42, 283.39, 22.74, 201.48, 22.46, 168.97, 23.31, 87.25, 14.7], (127.0643, 523.3234, 1312.055)]
[80.51, [440.0, 69.0, 28.96, 27.98, 374.1, 16.15, 277.34, 21.45, 275.36, 22.45, 205.1, 22.53, 155.38, 21.68, 86.41, 15.4], (133.2711, 539.5331, 1308.834)]
[93.25, [440.0, 69.0, 28.96, 26.96, 374.32, 15.79, 276.92, 20.16, 269.76, 22.9, 203.07, 22.69, 155.14, 22.15, 86.41, 15.02], (130.0168, 546.0417, 1337.21)]
[95.37, [440.0, 69.0, 28.96, 41.18, 381.27, 16.28, 281.46, 20.62, 271.72, 22.9, 204.08, 22.69, 155.14, 22.29, 87.56, 15.02], (127.1159, 527.8135, 1294.873)]
[98.21, [440.0, 69.0, 28.96, 29.48, 363.49, 16.0, 276.58, 21.92, 281.15, 22.37, 203.38, 22.06, 162.39, 22.83, 85.76, 14.77], (133.5657, 533.9351, 1333.374)]
[99.12, [440.0, 69.0, 28.96, 23.06, 374.01, 15.32, 267.16, 21.48, 270.85, 22.49, 200.96, 22.77, 158.79, 23.04, 87.21, 14.7], (127.7874, 533.5115, 1329.056)]
[114.24, [440.0, 68.58, 28.96, 25.18, 383.16, 15.51, 276.29, 21.46, 278.87, 22.41, 215.87, 22.51, 166.65, 22.05, 83.12, 15.82], (134.1919, 542.428, 1304.295)]
[116.11, [440.0, 68.58, 28.96, 36.79, 374.67, 16.4, 277.34, 21.74, 276.22, 22.71, 204.08, 22.97, 155.38, 21.63, 82.51, 14.55], (126.3254, 525.8234, 1293.105)]
[127.37, [440.0, 69.0, 29.0, 30.9, 363.69, 16.18, 272.1, 20.94, 278.92, 22.71, 204.08, 23.05, 155.38, 21.83, 82.3, 15.15], (127.6689, 540.053, 1337.836)]
[141.66, [440.0, 68.58, 28.96, 28.64, 374.8, 16.28, 272.26, 21.92, 276.79, 22.69, 202.01, 22.77, 163.68, 22.82, 87.21, 14.7], (125.4919, 519.9862, 1296.668)]
[181.6, [440.0, 69.0, 28.96, 26.96, 370.12, 15.79, 276.92, 20.62, 271.72, 22.88, 204.08, 22.69, 155.14, 22.29, 83.94, 15.02], (129.5812, 563.6972, 1374.898)]
[188.11, [440.0, 69.0, 28.96, 24.45, 367.47, 16.26, 283.63, 21.53, 281.6, 22.68, 214.77, 22.51, 167.6, 21.74, 89.38, 14.15], (133.8831, 554.3487, 1364.107)]
[365.44, [440.0, 69.0, 28.96, 31.16, 372.52, 16.16, 274.15, 22.68, 275.36, 22.71, 207.76, 22.69, 152.17, 23.04, 87.21, 14.7], (122.4644, 496.426, 1250.16)]
[986.27, [440.0, 69.0, 28.96, 31.16, 379.31, 16.34, 274.15, 21.67, 281.15, 22.63, 200.93, 22.06, 162.39, 22.37, 87.21, 14.77], (141.467, 692.283, 1523.173)]
[1500.55, [440, 69, 29, 49.71, 345.87, 22.28, 322.42, 20.78, 250.48, 19.17, 174.5, 22.23, 126.36, 19.69, 103.97, 18.63], (157.8012, 537.1604, 1245.405)]
[1700.4, [440.0, 68.58, 28.96, 35.44, 381.38, 15.82, 277.99, 21.92, 281.15, 22.55, 203.38, 22.06, 155.14, 22.29, 89.15, 15.02], (132.7631, 166.9948, 525.6197)]
[2557.83, [440.4, 68.58, 28.96, 33.68, 374.67, 15.55, 276.28, 21.51, 278.67, 22.71, 201.17, 22.23, 167.8, 22.11, 83.93, 14.86], (134.2164, 301.0457, 3247.3)]
[2958.24, [440, 69, 29, 35.65, 339.55, 18.21, 279.85, 21.22, 236.73, 19.78, 176.69, 20.94, 123.9, 17.58, 57.62, 19.02], (172.4791, 607.5921, 1364.483)]
[4979.49, [440.0, 69.0, 28.96, 24.85, 369.07, 15.79, 272.1, 21.85, 271.6, 22.49, 202.31, 22.49, 159.84, 21.91, 87.64, 15.47], (163.4549, 1344.772, 2367.513)]
[8111.84, [440, 69, 29, 19.58, 355.25, 14.81, 325.4, 18.72, 267.88, 19.06, 218.64, 20.47, 164.52, 17.09, 109.0, 19.71], (211.8935, 743.2556, 1567.078)]
[84383.72, [440.0, 69.0, 28.96, 30.08, 374.96, 16.51, 270.47, 21.57, 283.24, 22.74, 210.47, 22.51, 162.39, 22.37, 87.21, 14.7], (535.4081, 1319.225, 2315.254)]
[84582.01, [440.0, 69.0, 28.96, 29.48, 362.46, 16.0, 281.94, 20.94, 275.36, 22.43, 205.1, 22.53, 155.38, 21.4, 86.41, 15.4], (535.4352, 1411.08, 2275.73)]
[91809.37, [440.0, 69.0, 28.96, 26.96, 374.32, 15.79, 279.42, 20.62, 269.76, 22.66, 200.49, 22.69, 160.68, 22.83, 83.9, 15.13], (551.7141, 2254.052, 2434.699)]
[103086.16, [440.0, 68.58, 28.96, 29.37, 383.16, 15.51, 272.2, 21.92, 276.79, 22.37, 203.52, 22.61, 160.21, 21.91, 90.8, 15.47], (595.2068, 1323.966, 2312.121)]

Population size: 30
Number of couples: 13
Number of kept parents: 0
Best parent kept: True
Mutation Probability: 0.3
Mutation range (x, y): 5, 0.5
Number of Parameters: 6
Length, Width, Height: [440, 69, 29]
Target Frequencies: (130.8, 523.2, 1308.0)

Written time: 12/05/2023 16:02:42