[246.02, [440.4, 68.58, 28.96, 40.4, 345.45, 15.3, 324.62, 15.57, 259.58, 19.38, 170.25, 23.48, 110.11, 21.88, 62.08, 22.84], (136.0339, 522.7583, 1181.902)]
[278.02, [440.4, 68.58, 28.96, 39.38, 340.42, 14.99, 317.76, 15.67, 254.9, 20.94, 165.46, 22.75, 126.85, 22.05, 67.08, 22.54], (137.5082, 527.8549, 1207.955)]
[339.88, [440.4, 68.58, 28.96, 54.07, 347.51, 15.3, 321.06, 21.35, 269.43, 22.25, 194.31, 22.43, 124.74, 16.84, 95.23, 16.45], (139.2826, 561.6716, 1363.102)]
[414.34, [440.4, 68.58, 28.96, 41.67, 381.45, 17.12, 291.09, 22.13, 277.46, 21.11, 169.04, 22.46, 130.11, 22.05, 67.08, 22.54], (128.5113, 445.9665, 1005.992)]
[438.4, [440.4, 68.58, 28.96, 38.68, 384.84, 15.14, 321.12, 15.57, 261.08, 19.41, 173.0, 23.33, 105.4, 21.41, 64.83, 22.84], (139.8685, 527.7292, 1146.712)]
[439.82, [440.4, 68.58, 28.96, 39.68, 376.33, 15.14, 324.34, 21.52, 269.43, 22.03, 205.01, 22.43, 124.74, 16.84, 90.78, 22.92], (140.1967, 524.5873, 1157.093)]
[450.15, [440.4, 68.58, 28.96, 42.84, 381.16, 15.52, 323.95, 15.7, 258.4, 19.09, 178.07, 22.95, 112.43, 22.19, 61.03, 22.71], (139.9448, 523.4467, 1134.128)]
[451.04, [440.4, 68.58, 28.96, 20.47, 358.19, 18.99, 292.59, 21.18, 259.58, 19.41, 173.0, 23.15, 108.18, 21.88, 62.31, 22.92], (135.3502, 465.182, 1011.81)]
[656.69, [440.4, 68.58, 28.96, 36.49, 381.16, 15.14, 321.12, 15.57, 261.08, 19.41, 170.62, 23.26, 108.18, 21.45, 62.31, 16.75], (145.6096, 566.5628, 1263.918)]
[678.27, [440.4, 68.58, 28.96, 38.41, 381.16, 15.9, 324.72, 15.99, 258.69, 19.03, 177.05, 23.15, 108.18, 22.67, 61.03, 22.84], (136.3572, 390.7378, 1723.342)]
[1007.57, [440.4, 68.58, 28.96, 38.83, 381.15, 17.66, 292.02, 19.76, 252.61, 21.85, 193.18, 22.43, 126.45, 16.74, 95.23, 16.85], (150.6232, 598.8834, 1358.339)]
[1287.42, [440.4, 68.58, 28.96, 49.95, 343.94, 19.9, 325.54, 17.67, 254.27, 21.81, 203.81, 21.69, 157.05, 19.92, 83.38, 17.39], (154.6364, 596.743, 1359.257)]
[1294.13, [440.4, 68.58, 28.96, 27.82, 358.19, 19.21, 292.59, 15.36, 274.42, 21.64, 169.04, 22.64, 127.0, 16.98, 85.76, 17.28], (153.4866, 624.7295, 1421.14)]
[1438.36, [440.4, 68.58, 28.96, 40.32, 377.17, 19.21, 292.59, 15.45, 274.42, 20.96, 167.77, 22.64, 122.47, 17.39, 85.76, 17.28], (156.0493, 618.5297, 1383.451)]
[1466.09, [440.4, 68.58, 28.96, 19.12, 358.19, 18.78, 292.59, 21.18, 259.58, 19.41, 173.0, 23.15, 108.18, 21.41, 64.89, 22.47], (141.2526, 1039.662, 1920.504)]
[1622.13, [440.4, 68.58, 28.96, 38.68, 381.16, 15.14, 319.86, 21.15, 269.43, 21.88, 202.24, 20.39, 131.56, 17.77, 67.79, 14.76], (159.4398, 591.007, 1330.855)]
[2107.69, [440.4, 68.58, 28.96, 54.07, 347.51, 15.45, 321.07, 21.0, 269.43, 17.02, 173.41, 22.43, 126.68, 19.56, 66.69, 23.03], (164.6785, 559.7957, 1207.754)]
[2300.73, [440.4, 68.58, 28.96, 19.88, 358.19, 17.67, 291.09, 22.13, 225.92, 18.29, 188.77, 20.8, 147.23, 21.87, 81.01, 16.79], (167.6544, 562.3616, 1333.587)]
[2496.25, [440.4, 68.58, 28.96, 24.03, 338.29, 16.93, 320.8, 22.47, 243.87, 18.65, 212.07, 22.43, 127.64, 17.27, 90.78, 17.04], (168.6854, 604.2255, 1392.714)]
[4115.43, [440.4, 68.58, 28.96, 15.76, 355.47, 15.02, 295.97, 19.62, 242.1, 16.73, 217.34, 20.5, 154.71, 20.25, 76.04, 21.15], (184.5535, 630.0528, 1377.16)]
[4425.42, [440.4, 68.58, 28.96, 39.16, 334.77, 14.62, 320.43, 16.5, 224.88, 18.64, 188.88, 20.8, 147.23, 21.42, 81.01, 16.79], (185.2447, 684.4838, 1556.469)]
[5334.72, [440.4, 68.58, 28.96, 34.39, 334.77, 14.62, 323.08, 16.12, 277.46, 19.52, 172.81, 22.73, 149.46, 19.53, 88.89, 22.5], (70.94368, 156.27, 972.7922)]
[8894.59, [440.4, 68.58, 28.96, 54.07, 347.51, 15.3, 316.98, 21.35, 269.43, 21.85, 197.92, 22.43, 119.93, 16.75, 61.61, 15.11], (210.0451, 1267.691, 2405.636)]
[10574.53, [440.4, 68.58, 28.96, 54.07, 381.16, 14.97, 322.66, 21.15, 269.43, 22.07, 200.73, 22.43, 122.48, 17.31, 89.42, 16.75], (27.34212, 505.1361, 1276.843)]
[68154.56, [440.4, 68.58, 28.96, 39.16, 334.77, 14.62, 320.43, 16.12, 277.46, 21.4, 169.04, 22.64, 132.69, 22.1, 67.08, 22.54], (485.1089, 1157.103, 2140.611)]
[70060.56, [440.4, 68.58, 28.96, 25.01, 375.7, 20.14, 283.07, 22.87, 264.26, 17.28, 192.52, 20.79, 152.88, 21.26, 65.4, 22.31], (492.2786, 1122.798, 2046.401)]
[74517.97, [440.4, 68.58, 28.96, 36.26, 381.16, 15.52, 324.72, 15.57, 259.58, 19.09, 177.05, 23.15, 104.92, 22.19, 61.33, 22.7], (507.8834, 1119.646, 2009.041)]
[79903.67, [440.4, 68.58, 28.96, 32.38, 351.13, 18.96, 326.99, 21.12, 257.18, 21.85, 217.07, 19.34, 113.1, 21.84, 95.23, 16.85], (524.9687, 1220.254, 2261.672)]
[145400.88, [440.4, 68.58, 28.96, 19.88, 342.53, 16.0, 283.89, 21.18, 248.2, 18.79, 176.71, 22.33, 143.33, 18.58, 60.18, 15.06], (719.2243, 1641.843, 2858.365)]
[165425.28, [440.4, 68.58, 28.96, 15.1, 355.44, 19.05, 292.59, 21.18, 259.58, 19.41, 173.0, 22.68, 108.18, 21.41, 60.49, 22.84], (776.8897, 1106.431, 1930.207)]

Population size: 30
Number of couples: 13
Number of kept parents: 0
Best parent kept: True
Mutation Probability: 0.3
Mutation range (x, y): 5, 0.5
Number of Parameters: 6

Written time: 25/03/2023 15:23:18