[25.25, [440.0, 68.58, 28.96, 36.93, 377.8, 15.91, 276.58, 22.19, 275.36, 22.71, 209.71, 22.35, 155.57, 21.79, 90.13, 15.46], (131.1157, 529.4491, 1300.149)]
[27.49, [440.0, 68.58, 28.96, 38.59, 381.38, 15.33, 277.99, 22.39, 277.46, 22.55, 207.97, 22.06, 154.88, 22.35, 89.15, 15.02], (131.9828, 522.9573, 1293.979)]
[29.32, [440.0, 68.58, 28.96, 32.87, 379.69, 15.44, 276.58, 22.44, 274.85, 22.86, 209.73, 22.35, 154.83, 21.79, 80.39, 14.25], (130.0446, 527.1761, 1295.185)]
[49.98, [440.0, 68.58, 28.96, 35.44, 381.38, 16.17, 276.58, 22.44, 270.91, 22.86, 207.76, 22.35, 154.83, 22.18, 90.22, 14.89], (129.8858, 519.2561, 1276.62)]
[59.87, [440.0, 68.58, 28.96, 35.44, 381.38, 15.33, 277.99, 22.27, 280.0, 22.55, 203.38, 22.29, 155.14, 22.65, 93.98, 15.02], (128.9727, 516.0528, 1290.699)]
[66.08, [440.0, 68.58, 28.96, 36.93, 379.38, 15.91, 276.58, 22.19, 278.34, 22.71, 214.63, 22.35, 155.57, 21.53, 90.13, 15.01], (132.6094, 537.0745, 1315.057)]
[77.92, [440.0, 69.0, 28.96, 20.32, 362.96, 16.72, 280.28, 21.14, 284.48, 22.68, 214.77, 22.77, 160.62, 22.18, 93.63, 15.14], (129.2417, 536.7359, 1332.625)]
[84.06, [440.0, 68.58, 28.96, 36.93, 382.6, 15.91, 276.58, 22.19, 278.59, 23.27, 204.08, 22.38, 154.88, 21.22, 82.73, 14.57], (127.5817, 525.7345, 1288.012)]
[91.14, [440.0, 68.58, 28.96, 32.87, 379.69, 15.44, 281.46, 20.62, 278.32, 22.9, 199.27, 22.81, 154.88, 21.56, 82.73, 14.57], (128.0796, 536.755, 1320.381)]
[95.89, [440.0, 69.0, 28.96, 41.18, 381.27, 16.3, 282.2, 22.12, 281.53, 22.24, 203.38, 22.34, 155.14, 22.65, 89.15, 15.02], (129.5538, 510.4231, 1257.959)]
[100.52, [440.0, 69.0, 28.96, 30.57, 374.32, 15.82, 276.58, 22.19, 275.36, 22.92, 209.71, 21.89, 155.7, 21.79, 90.33, 15.43], (134.1552, 535.747, 1315.692)]
[139.79, [440.4, 68.58, 28.96, 29.73, 370.06, 15.79, 276.92, 20.39, 262.75, 22.87, 204.08, 23.08, 151.05, 21.44, 90.13, 15.46], (128.6811, 551.5044, 1346.186)]
[152.17, [440.0, 68.58, 28.96, 35.44, 381.38, 16.17, 281.46, 20.37, 275.43, 22.71, 209.71, 22.35, 155.57, 21.79, 91.27, 15.46], (134.3972, 548.6036, 1328.436)]
[211.83, [440.0, 68.58, 28.96, 38.99, 381.11, 15.82, 286.58, 20.76, 271.65, 22.71, 204.21, 22.97, 150.18, 20.2, 60.09, 20.01], (128.8662, 507.7136, 1161.774)]
[236.16, [440.0, 68.58, 28.96, 25.73, 378.48, 16.43, 279.62, 21.12, 280.43, 22.37, 194.77, 23.2, 157.45, 22.51, 87.21, 14.7], (123.9618, 514.5861, 1272.198)]
[282.28, [440.0, 69.0, 29.0, 54.09, 350.33, 21.22, 326.89, 20.36, 278.67, 22.23, 201.17, 21.87, 168.47, 21.7, 86.87, 14.82], (138.6876, 531.0536, 1266.876)]
[322.31, [440.0, 68.58, 28.96, 36.93, 381.38, 16.29, 276.92, 20.94, 277.87, 22.94, 199.89, 21.94, 155.38, 21.3, 84.44, 14.27], (138.0784, 558.1493, 1346.577)]
[1345.8, [440.0, 69.0, 29.0, 51.54, 378.85, 15.79, 274.12, 20.94, 274.68, 22.94, 204.33, 22.43, 155.38, 20.96, 82.24, 14.27], (134.7675, 590.0619, 2407.617)]
[1532.91, [440.0, 69.0, 29.0, 54.09, 374.67, 15.99, 277.34, 21.74, 276.22, 22.71, 207.34, 21.88, 158.23, 22.65, 85.67, 15.15], (103.6651, 506.2641, 1230.914)]
[1835.59, [440, 69, 29, 17.77, 347.11, 17.33, 318.39, 16.6, 252.52, 20.51, 199.09, 21.95, 146.25, 21.27, 60.42, 16.5], (159.9593, 607.9548, 1357.118)]
[1906.84, [440, 69, 29, 49.07, 365.24, 18.45, 279.59, 18.17, 267.58, 18.08, 181.11, 22.14, 134.37, 21.24, 92.04, 20.92], (162.0191, 588.0518, 1308.37)]
[2821.93, [440.0, 68.58, 28.96, 36.79, 350.33, 21.64, 326.89, 20.36, 276.86, 22.23, 201.17, 22.5, 168.86, 21.7, 88.61, 15.66], (135.0002, 1225.883, 2287.142)]
[2836.94, [440.0, 68.58, 28.96, 36.93, 381.38, 15.91, 276.58, 22.11, 280.03, 22.51, 209.71, 22.35, 155.57, 21.79, 90.13, 15.46], (132.4968, 1251.277, 2302.646)]
[3156.07, [440.0, 68.58, 28.96, 41.93, 381.38, 15.91, 280.05, 22.19, 275.36, 22.65, 209.71, 21.87, 157.8, 21.91, 83.94, 15.02], (103.7289, 134.7514, 531.5575)]
[5395.06, [440.0, 69.0, 29.0, 49.97, 380.73, 17.88, 292.64, 20.06, 258.92, 19.4, 167.38, 16.6, 160.83, 22.85, 84.23, 14.8], (193.7898, 626.5475, 1445.439)]
[8368.46, [440.0, 69.0, 28.96, 26.96, 374.32, 22.43, 300.17, 17.19, 250.65, 17.84, 206.41, 16.42, 151.35, 18.27, 98.69, 21.22], (216.8554, 640.2991, 1400.688)]
[8779.46, [440.0, 69.0, 29.0, 49.97, 377.53, 17.88, 292.64, 20.06, 258.92, 19.68, 167.38, 16.6, 160.83, 20.2, 60.09, 20.07], (198.0613, 1365.728, 2464.838)]
[11337.23, [440, 69, 29, 12.75, 367.32, 14.53, 318.05, 19.85, 233.46, 14.81, 183.31, 18.87, 127.21, 17.36, 99.1, 19.04], (234.5507, 720.3278, 1584.567)]
[74288.38, [440.0, 68.58, 28.96, 35.44, 381.38, 15.95, 281.46, 20.62, 275.43, 22.9, 205.65, 22.69, 156.31, 21.08, 85.9, 14.81], (501.2356, 1331.932, 2277.903)]
[78234.03, [440.0, 68.58, 28.96, 35.44, 380.48, 15.33, 274.49, 21.92, 283.06, 22.49, 201.06, 22.34, 155.14, 22.65, 88.39, 15.66], (515.324, 1268.75, 2275.758)]

Population size: 30
Number of couples: 13
Number of kept parents: 0
Best parent kept: True
Mutation Probability: 0.3
Mutation range (x, y): 5, 0.5
Number of Parameters: 6
Length, Width, Height: [440, 69, 29]
Target Frequencies: (130.8, 523.2, 1308.0)

Written time: 12/05/2023 16:50:16