[88.38, [440.4, 68.58, 28.96, 35.89, 367.21, 15.5, 325.32, 20.6, 273.12, 22.07, 201.96, 22.51, 141.09, 17.21, 103.14, 17.02], (131.2875, 527.0747, 1232.712)]
[96.7, [440.4, 68.58, 28.96, 37.39, 367.21, 15.5, 325.32, 20.75, 271.26, 22.07, 201.13, 22.44, 135.19, 16.9, 93.0, 16.55], (131.4195, 524.1546, 1218.56)]
[98.92, [440.4, 68.58, 28.96, 37.39, 370.96, 15.82, 329.59, 19.63, 266.49, 22.51, 201.52, 22.32, 131.88, 17.14, 95.8, 16.44], (130.44, 527.0896, 1220.96)]
[107.08, [440.4, 68.58, 28.96, 32.02, 364.71, 15.74, 281.72, 20.78, 269.21, 22.44, 201.96, 22.51, 136.77, 17.12, 103.27, 17.02], (132.489, 555.7828, 1311.674)]
[108.91, [440.4, 68.58, 28.96, 29.63, 368.69, 16.55, 278.37, 21.08, 276.2, 22.68, 199.64, 22.71, 136.44, 16.2, 95.8, 16.44], (128.8487, 548.1814, 1288.805)]
[114.76, [440.4, 68.58, 28.96, 29.39, 366.88, 16.3, 278.37, 21.08, 276.2, 22.68, 196.43, 22.71, 138.07, 15.8, 95.8, 16.44], (131.8498, 560.4807, 1318.798)]
[115.94, [440.4, 68.58, 28.96, 23.75, 372.49, 15.79, 321.05, 20.95, 263.33, 22.98, 203.6, 21.77, 133.79, 15.74, 92.23, 16.74], (130.7478, 534.5724, 1220.608)]
[122.03, [440.4, 68.58, 28.96, 22.22, 374.09, 15.86, 327.28, 20.8, 263.33, 22.32, 199.14, 22.26, 134.45, 16.26, 94.53, 16.47], (132.0855, 526.9995, 1210.04)]
[134.8, [440.4, 68.58, 28.96, 29.63, 366.96, 16.52, 282.86, 20.71, 271.42, 22.81, 204.13, 22.26, 134.45, 16.27, 86.74, 16.47], (132.7671, 555.8157, 1282.327)]
[135.33, [440.4, 68.58, 28.96, 22.22, 374.09, 15.7, 323.64, 20.95, 269.21, 21.92, 201.96, 22.59, 135.19, 17.14, 92.6, 16.55], (131.7979, 518.8819, 1193.433)]
[137.23, [440.4, 68.58, 28.96, 31.2, 366.88, 16.3, 278.37, 21.08, 280.92, 22.68, 199.64, 22.71, 136.44, 17.45, 108.08, 16.53], (126.4967, 536.0157, 1292.08)]
[144.43, [440.0, 69.0, 29.0, 30.85, 369.83, 15.5, 325.32, 20.6, 268.79, 22.45, 206.19, 22.57, 134.65, 16.89, 89.57, 17.65], (129.5263, 519.1576, 1188.051)]
[144.7, [440.4, 68.58, 28.96, 27.05, 365.82, 15.91, 275.4, 20.86, 272.43, 22.33, 201.07, 22.67, 129.92, 16.12, 95.8, 16.89], (133.655, 561.3469, 1309.094)]
[161.28, [440.4, 68.58, 28.96, 34.37, 366.88, 16.3, 273.64, 20.99, 268.29, 22.93, 206.73, 22.8, 136.77, 17.45, 103.14, 17.02], (126.4908, 544.5864, 1289.642)]
[214.44, [440.4, 68.58, 28.96, 32.02, 364.71, 16.38, 281.72, 20.78, 269.21, 22.07, 204.19, 22.51, 141.7, 17.14, 103.14, 17.21], (136.0016, 561.3181, 1308.51)]
[232.51, [440.4, 68.58, 28.96, 34.54, 367.94, 16.65, 284.2, 20.65, 263.33, 22.08, 202.01, 22.32, 132.43, 17.14, 94.27, 16.55], (136.2947, 553.3605, 1279.692)]
[233.51, [440.4, 68.58, 28.96, 33.5, 364.71, 16.09, 284.34, 20.45, 269.21, 22.07, 201.96, 22.44, 138.38, 17.14, 88.33, 16.55], (136.3672, 559.5122, 1296.629)]
[296.24, [440.4, 68.58, 28.96, 23.75, 372.49, 15.59, 330.17, 20.95, 263.33, 22.33, 206.07, 22.98, 132.43, 17.14, 95.8, 16.25], (125.3836, 506.9749, 1178.378)]
[356.98, [440.4, 68.58, 28.96, 37.39, 370.96, 15.82, 329.59, 19.7, 266.49, 21.68, 201.96, 22.1, 136.13, 17.29, 106.34, 16.85], (139.3471, 546.9085, 1260.167)]
[358.75, [440.4, 68.58, 28.96, 31.2, 367.21, 16.3, 281.84, 20.71, 271.42, 22.19, 201.96, 22.09, 139.57, 17.14, 99.22, 17.6], (137.7611, 571.6083, 1362.066)]
[1221.8, [440.4, 68.58, 28.96, 37.39, 366.92, 15.82, 329.98, 20.82, 268.79, 23.04, 204.4, 23.21, 132.54, 16.55, 96.89, 16.5], (117.0862, 382.0627, 946.8941)]
[2337.77, [440.4, 68.58, 28.96, 37.39, 366.44, 16.1, 333.06, 21.44, 267.14, 22.77, 200.85, 22.29, 138.07, 16.74, 95.8, 16.42], (124.147, 1097.126, 2039.356)]
[2435.03, [440.4, 68.58, 28.96, 30.49, 367.94, 16.16, 284.2, 20.65, 266.17, 22.35, 201.96, 22.59, 135.19, 17.14, 92.6, 16.55], (132.5257, 1146.871, 2161.187)]
[2514.11, [440, 69, 29, 30.53, 335.54, 22.01, 320.11, 17.73, 246.58, 22.77, 213.73, 17.3, 113.96, 16.22, 101.88, 21.54], (168.2419, 590.0924, 1252.179)]
[3236.13, [440.4, 68.58, 28.96, 37.22, 366.45, 15.82, 329.59, 19.7, 264.12, 22.81, 203.48, 22.51, 142.33, 16.06, 95.8, 16.74], (133.5069, 1406.084, 2292.384)]
[8159.86, [440, 69, 29, 19.22, 358.31, 20.09, 320.54, 14.74, 257.14, 16.53, 200.09, 17.53, 117.14, 19.18, 55.91, 15.49], (214.9938, 665.6967, 1386.23)]
[57748.95, [440, 69, 29, 47.09, 338.49, 22.16, 309.98, 20.78, 243.64, 18.76, 193.32, 21.84, 147.97, 20.97, 65.02, 17.59], (444.1951, 1114.398, 2098.717)]
[79056.74, [440.4, 68.58, 28.96, 22.22, 374.09, 15.29, 328.57, 20.95, 263.33, 22.32, 200.73, 22.32, 129.92, 16.28, 95.8, 17.53], (519.4343, 1187.759, 2088.717)]
[96380.92, [440.4, 68.58, 28.96, 29.63, 364.93, 16.52, 282.31, 20.78, 267.73, 22.47, 207.03, 22.26, 134.45, 16.26, 91.06, 16.72], (574.1414, 1314.528, 2362.081)]
[96564.23, [440.4, 68.58, 28.96, 32.02, 364.71, 15.95, 281.72, 20.78, 269.21, 22.07, 199.88, 22.51, 136.77, 16.2, 95.8, 16.44], (574.6873, 1336.134, 2318.912)]

Population size: 30
Number of couples: 13
Number of kept parents: 0
Best parent kept: True
Mutation Probability: 0.3
Mutation range (x, y): 5, 0.5
Number of Parameters: 6
Length, Width, Height: [440, 69, 29]
Target Frequencies: (130.8, 523.2, 1308.0)

Written time: 11/05/2023 13:57:13