[1479.71, [440.4, 68.58, 28.96, 34.83, 334.77, 14.62, 320.43, 16.12, 274.42, 21.4, 169.04, 22.43, 127.0, 16.84, 87.62, 16.85], (154.7974, 630.2198, 1506.261)]
[1537.75, [440.4, 68.58, 28.96, 38.68, 381.16, 15.14, 323.39, 15.57, 257.6, 19.41, 184.2, 22.6, 145.03, 19.81, 68.59, 22.48], (158.2879, 588.374, 1275.636)]
[1854.36, [440.4, 68.58, 28.96, 38.68, 381.16, 15.29, 323.39, 15.57, 259.08, 19.41, 175.36, 22.6, 145.03, 19.53, 92.11, 22.25], (161.8659, 610.0386, 1345.277)]
[2048.18, [440.4, 68.58, 28.96, 23.0, 355.37, 18.96, 326.99, 20.92, 273.52, 21.41, 200.25, 17.81, 116.4, 21.86, 80.36, 22.09], (163.3506, 500.2519, 1138.954)]
[2201.74, [440.4, 68.58, 28.96, 40.32, 377.17, 17.59, 294.45, 22.13, 225.92, 18.54, 212.46, 18.9, 131.61, 22.02, 71.87, 19.69], (166.2148, 528.6304, 1218.157)]
[2342.2, [440.4, 68.58, 28.96, 54.38, 372.36, 21.4, 307.46, 14.58, 253.28, 19.24, 200.73, 17.79, 116.4, 21.78, 75.61, 17.24], (96.81905, 199.0662, 1344.152)]
[2353.9, [440.4, 68.58, 28.96, 27.58, 355.37, 18.96, 326.99, 20.92, 273.52, 21.41, 199.47, 17.79, 117.68, 21.86, 97.89, 18.56], (168.0467, 540.705, 1243.662)]
[2648.07, [440.4, 68.58, 28.96, 31.89, 342.53, 15.35, 324.34, 21.35, 273.52, 21.41, 197.92, 17.5, 116.4, 21.86, 74.17, 16.81], (171.6596, 558.6429, 1306.011)]
[2802.86, [440.4, 68.58, 28.96, 31.89, 342.53, 15.77, 290.54, 15.37, 261.3, 21.85, 216.85, 19.51, 113.1, 21.88, 57.3, 15.11], (171.1477, 624.6359, 1447.962)]
[2880.28, [440.4, 68.58, 28.96, 23.0, 353.39, 18.96, 326.99, 20.53, 238.14, 22.05, 171.81, 16.58, 140.61, 16.5, 91.8, 18.42], (172.7267, 634.8409, 1363.296)]
[3002.42, [440.4, 68.58, 28.96, 19.74, 355.37, 19.05, 326.99, 21.14, 273.52, 21.41, 206.1, 18.12, 125.04, 19.26, 78.38, 16.99], (174.9309, 581.4527, 1294.282)]
[3117.38, [440.4, 68.58, 28.96, 52.47, 372.88, 15.05, 328.17, 18.67, 277.52, 21.41, 201.29, 17.79, 116.4, 21.8, 77.35, 16.79], (176.1058, 579.2978, 1321.259)]
[3210.57, [440.4, 68.58, 28.96, 38.68, 381.16, 15.29, 323.39, 15.57, 257.6, 18.94, 180.28, 22.26, 143.95, 19.31, 60.18, 15.11], (174.7877, 666.0256, 1459.809)]
[3295.5, [440.4, 68.58, 28.96, 39.43, 363.42, 15.83, 283.89, 21.18, 245.59, 17.75, 181.46, 20.93, 147.23, 21.89, 80.59, 14.65], (176.2297, 612.9009, 1453.263)]
[3301.42, [440.4, 68.58, 28.96, 31.89, 342.53, 15.77, 290.53, 15.37, 261.3, 21.53, 211.94, 18.98, 113.1, 21.88, 64.83, 22.48], (87.9126, 179.8959, 1456.283)]
[3363.82, [440.4, 68.58, 28.96, 23.0, 355.75, 18.96, 326.99, 20.35, 238.14, 22.05, 171.81, 16.86, 138.58, 16.5, 79.65, 19.95], (88.30665, 181.3889, 1057.453)]
[4973.09, [440.4, 68.58, 28.96, 41.16, 364.16, 15.24, 304.05, 16.12, 248.08, 21.0, 196.96, 18.04, 158.47, 19.96, 92.56, 20.94], (190.7999, 657.4632, 1500.948)]
[5198.05, [440.4, 68.58, 28.96, 39.85, 379.6, 17.42, 299.77, 15.24, 260.18, 22.43, 215.67, 18.98, 126.88, 16.44, 81.97, 16.79], (192.0053, 712.363, 1530.267)]
[6627.98, [440.4, 68.58, 28.96, 47.09, 357.66, 17.53, 317.94, 17.45, 262.26, 14.89, 215.68, 18.89, 111.17, 19.52, 64.83, 22.22], (205.5099, 651.3017, 1352.202)]
[7050.0, [440.4, 68.58, 28.96, 23.0, 355.37, 18.96, 328.67, 20.92, 273.52, 21.41, 201.57, 18.2, 125.04, 19.26, 80.4, 17.61], (185.0421, 1973.684, 2914.243)]
[7400.87, [440.4, 68.58, 28.96, 23.0, 358.19, 18.96, 292.59, 22.7, 271.4, 14.96, 166.38, 14.83, 159.77, 22.55, 65.75, 17.01], (210.9875, 597.0677, 1456.34)]
[7443.06, [440.4, 68.58, 28.96, 47.03, 350.98, 17.98, 280.93, 23.25, 255.0, 15.45, 167.95, 15.11, 166.89, 17.03, 65.22, 21.78], (210.8069, 635.9998, 1483.845)]
[8281.34, [440.4, 68.58, 28.96, 47.19, 342.37, 20.16, 311.56, 18.56, 279.22, 16.17, 197.07, 19.15, 167.02, 17.11, 79.57, 19.95], (216.4026, 692.2, 1502.235)]
[8703.69, [440.4, 68.58, 28.96, 51.72, 349.21, 20.0, 311.96, 19.12, 274.74, 16.41, 199.54, 18.04, 119.31, 22.77, 56.28, 22.09], (48.46189, 52.28746, 548.5618)]
[9404.48, [440.4, 68.58, 28.96, 46.25, 361.03, 17.76, 318.34, 17.04, 258.87, 15.51, 214.8, 18.26, 125.04, 19.13, 82.54, 16.99], (223.7597, 723.0109, 1551.964)]
[9823.73, [440.4, 68.58, 28.96, 42.15, 377.17, 17.67, 302.96, 22.13, 225.92, 18.54, 212.46, 18.94, 135.76, 22.19, 61.71, 16.79], (228.1382, 564.9398, 1488.693)]
[10191.19, [440.4, 68.58, 28.96, 43.37, 349.21, 20.16, 311.96, 19.12, 274.74, 16.06, 197.07, 18.5, 119.31, 22.77, 71.87, 20.23], (36.76442, 183.1874, 577.7119)]
[11950.58, [440.4, 68.58, 28.96, 24.02, 330.68, 17.56, 288.05, 14.72, 249.7, 15.68, 182.94, 14.73, 124.32, 22.6, 109.45, 19.64], (238.8579, 855.1324, 1696.143)]
[14145.79, [440.4, 68.58, 28.96, 38.43, 334.06, 19.55, 316.19, 14.51, 266.02, 14.91, 196.23, 17.27, 156.65, 14.87, 88.14, 22.71], (253.3276, 773.1134, 1643.374)]
[90198.06, [440.4, 68.58, 28.96, 23.0, 353.39, 19.19, 326.99, 20.61, 238.14, 21.59, 171.81, 16.93, 138.58, 16.5, 79.65, 19.95], (558.1883, 1298.605, 2379.301)]

Population size: 30
Number of couples: 13
Number of kept parents: 0
Best parent kept: True
Mutation Probability: 0.3
Mutation range (x, y): 5, 0.5
Number of Parameters: 6

Written time: 25/03/2023 14:38:04