[56.95, [440.4, 68.58, 28.96, 35.58, 376.22, 15.76, 332.27, 21.52, 266.17, 22.88, 206.14, 22.71, 131.77, 16.84, 98.63, 15.1], (131.9716, 543.1583, 1283.556)]
[62.77, [440.4, 68.58, 28.96, 35.58, 376.22, 15.76, 329.22, 21.7, 266.17, 22.97, 203.97, 22.71, 133.17, 16.34, 95.8, 16.83], (130.9816, 540.2477, 1263.047)]
[68.03, [440.4, 68.58, 28.96, 39.54, 376.08, 15.34, 334.5, 21.65, 263.74, 23.24, 202.02, 22.19, 133.17, 16.84, 98.39, 16.86], (130.6216, 535.7965, 1253.478)]
[78.37, [440.4, 68.58, 28.96, 35.77, 377.53, 16.12, 329.22, 21.52, 266.17, 22.88, 203.82, 22.71, 131.77, 16.97, 95.55, 16.9], (131.2875, 534.1019, 1243.877)]
[83.31, [440.4, 68.58, 28.96, 35.18, 377.68, 15.34, 328.38, 22.33, 277.71, 22.75, 201.72, 22.72, 133.17, 16.66, 95.8, 17.2], (130.2614, 524.6831, 1230.343)]
[84.17, [440.4, 68.58, 28.96, 39.11, 378.44, 15.79, 329.22, 21.07, 266.17, 22.73, 201.96, 22.87, 135.19, 16.91, 95.8, 16.66], (132.8155, 544.9961, 1274.04)]
[91.11, [440.4, 68.58, 28.96, 35.18, 377.68, 15.79, 329.22, 21.07, 266.17, 22.71, 201.96, 22.87, 135.19, 16.91, 95.8, 16.43], (133.2578, 546.5421, 1278.532)]
[98.88, [440.4, 68.58, 28.96, 43.76, 372.09, 16.52, 286.63, 22.33, 277.71, 22.75, 201.96, 22.72, 131.77, 16.84, 95.8, 17.08], (133.6972, 556.2448, 1325.034)]
[104.45, [440.4, 68.58, 28.96, 39.11, 375.35, 15.36, 329.22, 21.76, 264.21, 22.75, 204.34, 23.2, 130.57, 16.84, 97.14, 16.86], (128.2561, 529.3894, 1250.7)]
[124.33, [440.4, 68.58, 28.96, 39.11, 375.25, 15.38, 329.22, 21.52, 268.28, 23.01, 201.96, 22.18, 134.97, 16.81, 95.8, 17.22], (134.2121, 545.0544, 1268.272)]
[126.01, [440.4, 68.58, 28.96, 38.71, 383.86, 17.55, 329.22, 21.52, 266.17, 22.89, 199.17, 22.85, 130.38, 16.7, 99.19, 17.13], (128.7997, 522.0818, 1211.862)]
[126.27, [440.4, 68.58, 28.96, 42.37, 378.44, 15.79, 329.22, 21.17, 261.22, 22.7, 204.64, 22.72, 131.54, 16.84, 99.05, 17.12], (134.3987, 547.9563, 1274.46)]
[129.76, [440.4, 68.58, 28.96, 39.75, 373.25, 15.79, 329.22, 21.52, 266.17, 22.88, 201.96, 22.28, 131.77, 16.84, 95.8, 16.87], (134.4668, 544.172, 1269.136)]
[138.47, [440.4, 68.58, 28.96, 36.05, 376.08, 15.33, 335.79, 21.52, 262.49, 22.89, 200.87, 22.2, 133.07, 16.84, 96.58, 16.82], (134.5496, 542.7112, 1261.344)]
[170.28, [440.4, 68.58, 28.96, 41.05, 380.02, 15.79, 329.22, 21.52, 266.17, 22.89, 201.96, 22.11, 134.62, 16.84, 97.12, 16.86], (135.6663, 547.354, 1268.875)]
[208.33, [440.4, 68.58, 28.96, 45.47, 377.84, 15.54, 325.85, 22.27, 266.17, 22.89, 201.96, 23.2, 135.48, 16.84, 96.58, 16.86], (125.1043, 519.9449, 1239.504)]
[212.83, [440.4, 68.58, 28.96, 31.16, 379.26, 15.76, 322.03, 21.08, 265.95, 22.89, 202.86, 22.43, 141.72, 16.69, 98.31, 16.27], (137.0618, 566.9247, 1321.086)]
[238.65, [440.4, 68.58, 28.96, 39.75, 378.41, 15.79, 317.08, 21.08, 268.14, 22.89, 202.86, 22.43, 141.72, 16.5, 99.53, 16.73], (137.2632, 571.3518, 1334.86)]
[361.44, [440.4, 68.58, 28.96, 35.18, 377.68, 15.62, 329.22, 21.89, 264.16, 22.89, 201.11, 23.2, 133.17, 16.9, 100.52, 22.95], (124.9746, 495.7532, 1115.26)]
[478.98, [440.4, 68.58, 28.96, 24.2, 376.41, 21.4, 314.82, 20.39, 272.81, 22.94, 203.79, 21.43, 161.87, 19.63, 58.21, 17.65], (140.4434, 517.6158, 1133.643)]
[920.31, [440.4, 68.58, 28.96, 40.54, 381.92, 15.04, 328.99, 15.35, 273.29, 21.21, 168.83, 23.32, 117.86, 16.1, 95.8, 16.44], (147.8953, 610.0486, 1435.624)]
[993.6, [440.4, 68.58, 28.96, 53.53, 353.28, 20.56, 321.7, 22.42, 267.62, 21.26, 195.98, 20.33, 158.53, 20.23, 68.24, 17.07], (150.6838, 522.8071, 1200.747)]
[1055.31, [440.4, 68.58, 28.96, 31.32, 377.68, 15.79, 328.68, 21.07, 261.9, 22.89, 201.96, 22.87, 135.19, 16.91, 95.8, 16.86], (131.9243, 243.4048, 544.3775)]
[1184.98, [440.4, 68.58, 28.96, 43.76, 373.0, 16.52, 286.63, 21.05, 269.21, 22.62, 201.96, 22.35, 133.17, 16.84, 86.4, 23.02], (153.795, 583.8579, 1285.498)]
[1341.7, [440.4, 68.58, 28.96, 36.34, 380.03, 16.07, 329.22, 21.9, 266.17, 19.6, 164.76, 23.77, 118.54, 16.57, 86.4, 23.2], (113.6758, 153.3762, 1045.733)]
[3458.87, [440.4, 68.58, 28.96, 40.88, 373.39, 16.89, 286.42, 22.33, 277.71, 22.75, 201.96, 22.72, 133.17, 16.34, 90.91, 17.2], (100.7973, 1324.481, 2321.31)]
[4259.91, [440.4, 68.58, 28.96, 54.72, 335.25, 20.96, 302.69, 16.17, 274.74, 16.37, 218.67, 20.81, 136.14, 15.28, 59.83, 17.28], (81.61531, 215.2649, 1809.273)]
[12083.44, [440.4, 68.58, 28.96, 35.58, 380.4, 15.76, 329.22, 21.9, 266.17, 21.21, 177.66, 23.48, 107.82, 22.44, 91.57, 22.52], (25.60681, 117.5686, 421.3751)]
[87361.99, [440.4, 68.58, 28.96, 48.28, 373.39, 16.97, 286.63, 22.33, 273.78, 23.18, 197.0, 22.72, 133.17, 16.34, 99.73, 17.2], (549.0462, 1324.272, 2337.273)]
[103737.98, [440.4, 68.58, 28.96, 17.24, 356.98, 17.56, 304.54, 16.38, 259.97, 20.18, 184.08, 16.93, 137.74, 21.98, 92.06, 19.47], (599.8258, 1441.541, 2555.114)]

Population size: 30
Number of couples: 13
Number of kept parents: 0
Best parent kept: True
Mutation Probability: 0.3
Mutation range (x, y): 5, 0.5
Number of Parameters: 6

Written time: 25/03/2023 19:19:33