[113.74, [440.4, 68.58, 28.96, 31.2, 369.89, 16.52, 281.9, 21.05, 269.21, 22.73, 207.94, 22.71, 134.65, 16.49, 95.8, 16.83], (129.3799, 547.0834, 1270.888)]
[191.88, [440.4, 68.58, 28.96, 39.11, 370.96, 15.79, 325.32, 20.82, 268.79, 22.41, 201.96, 22.51, 135.19, 17.14, 103.14, 17.13], (127.3737, 513.939, 1202.699)]
[217.31, [440.4, 68.58, 28.96, 43.76, 369.89, 16.29, 281.9, 21.05, 272.11, 22.73, 210.62, 23.17, 138.88, 16.97, 98.5, 16.83], (124.8468, 540.1458, 1278.308)]
[294.49, [440.4, 68.58, 28.96, 43.76, 373.07, 16.52, 281.9, 21.05, 269.21, 23.21, 207.8, 22.71, 134.65, 17.44, 95.8, 16.83], (122.9288, 526.4305, 1242.414)]
[297.26, [440.4, 68.58, 28.96, 23.75, 371.5, 15.79, 329.64, 20.74, 266.17, 22.73, 201.96, 22.69, 135.19, 16.7, 103.14, 16.89], (124.6948, 510.8961, 1192.355)]
[568.94, [440.4, 68.58, 28.96, 31.2, 380.63, 15.91, 328.83, 21.65, 265.39, 23.24, 202.02, 22.19, 133.17, 16.51, 95.94, 16.32], (120.3017, 494.6316, 1150.637)]
[607.63, [440.4, 68.58, 28.96, 39.98, 383.22, 15.83, 333.98, 21.76, 266.17, 22.58, 201.96, 22.23, 134.45, 16.23, 91.06, 23.32], (123.8587, 468.6892, 1019.529)]
[609.29, [440.4, 68.58, 28.96, 33.38, 378.02, 15.83, 329.22, 21.76, 266.17, 22.58, 201.96, 22.27, 133.17, 16.58, 91.06, 23.32], (123.811, 467.4019, 1022.968)]
[637.42, [440.4, 68.58, 28.96, 37.76, 373.27, 15.76, 329.22, 21.92, 269.62, 23.0, 203.24, 22.59, 131.77, 16.84, 105.25, 15.03], (118.6221, 490.3711, 1177.622)]
[654.09, [440.4, 68.58, 28.96, 39.46, 381.34, 17.98, 329.22, 21.52, 268.25, 22.73, 206.14, 22.93, 133.05, 16.84, 95.15, 15.2], (119.4419, 485.5886, 1130.725)]
[661.21, [440.4, 68.58, 28.96, 39.11, 380.63, 15.76, 332.31, 21.65, 265.39, 23.24, 202.02, 22.19, 133.17, 16.91, 93.79, 16.39], (119.1415, 486.9829, 1135.403)]
[701.88, [440.4, 68.58, 28.96, 35.58, 380.63, 15.63, 329.66, 21.22, 265.39, 23.54, 204.94, 22.19, 130.06, 16.84, 91.29, 17.15], (118.4051, 488.9408, 1128.148)]
[713.12, [440.4, 68.58, 28.96, 23.75, 371.5, 21.6, 315.16, 21.52, 264.05, 23.09, 201.96, 22.37, 135.19, 16.7, 101.8, 17.5], (119.7901, 475.5439, 1079.344)]
[728.16, [440.0, 69.0, 29.0, 27.46, 343.69, 21.23, 284.9, 17.04, 242.77, 20.47, 212.87, 21.43, 135.04, 22.05, 95.91, 16.96], (146.0081, 545.6028, 1228.921)]
[801.76, [440.4, 68.58, 28.96, 42.64, 370.96, 21.8, 315.16, 21.52, 264.05, 22.99, 203.52, 22.58, 131.34, 16.75, 96.58, 16.33], (118.1494, 471.681, 1084.991)]
[926.2, [440.4, 68.58, 28.96, 35.58, 377.35, 15.57, 329.66, 20.79, 266.17, 23.32, 204.3, 22.85, 133.27, 16.91, 96.92, 16.38], (117.5753, 576.328, 1620.451)]
[1149.72, [440.4, 68.58, 28.96, 39.46, 383.86, 17.55, 330.56, 22.02, 266.17, 23.32, 202.07, 22.85, 131.44, 16.64, 96.92, 16.38], (112.4636, 464.9549, 1089.081)]
[1340.63, [440.4, 68.58, 28.96, 35.86, 372.82, 15.76, 332.24, 21.59, 266.17, 23.0, 206.14, 22.53, 132.71, 20.78, 71.07, 18.18], (112.5184, 427.4821, 988.3303)]
[1366.31, [440.4, 68.58, 28.96, 35.58, 377.68, 15.34, 324.61, 22.42, 281.85, 23.57, 199.14, 22.91, 133.17, 16.69, 95.8, 17.13], (109.3339, 458.3306, 1098.425)]
[2114.36, [440.4, 68.58, 28.96, 39.39, 380.63, 15.67, 334.74, 21.65, 267.52, 22.77, 202.02, 22.19, 133.17, 16.96, 95.8, 16.66], (123.4146, 1001.722, 2025.351)]
[2392.22, [440, 69, 29, 27.86, 354.38, 22.76, 288.99, 22.55, 227.06, 15.36, 175.2, 18.25, 111.63, 19.62, 72.97, 18.72], (167.3769, 506.8307, 1168.831)]
[3103.62, [440.4, 68.58, 28.96, 31.2, 374.23, 15.38, 329.66, 21.52, 268.28, 22.52, 200.67, 22.18, 134.97, 16.47, 95.55, 16.9], (128.7898, 1348.931, 2318.79)]
[3334.24, [440.0, 69.0, 29.0, 24.83, 340.38, 17.49, 316.92, 22.79, 264.22, 15.33, 174.81, 21.98, 110.46, 16.84, 101.51, 15.03], (177.0388, 579.5714, 1357.11)]
[3812.8, [440.4, 68.58, 28.96, 39.11, 370.96, 15.79, 329.09, 21.29, 264.04, 22.73, 199.58, 23.01, 134.38, 16.53, 96.58, 16.47], (96.65513, 119.8217, 498.855)]
[4153.9, [440, 69, 29, 49.25, 354.54, 22.3, 287.91, 20.48, 243.8, 16.45, 194.52, 18.01, 134.86, 17.72, 103.89, 19.71], (185.135, 575.3715, 1326.313)]
[7347.51, [440, 69, 29, 29.9, 366.94, 15.88, 308.45, 18.69, 264.46, 19.11, 171.43, 15.98, 152.82, 15.16, 75.74, 18.34], (208.2221, 681.2574, 1448.008)]
[50680.44, [440.4, 68.58, 28.96, 39.57, 377.68, 15.25, 325.08, 22.79, 274.38, 23.16, 201.38, 22.58, 131.34, 16.37, 96.58, 16.33], (423.0059, 536.5148, 2005.389)]
[59933.86, [440.4, 68.58, 28.96, 36.47, 374.71, 15.61, 332.02, 21.07, 266.05, 23.36, 201.89, 22.85, 133.27, 19.25, 103.38, 18.21], (453.2985, 1076.324, 1943.989)]
[70443.02, [440.4, 68.58, 28.96, 39.46, 383.86, 17.21, 324.41, 21.52, 260.42, 23.24, 205.28, 22.19, 131.67, 16.84, 96.51, 16.95], (490.555, 1123.343, 2015.186)]
[129314.45, [440.4, 68.58, 28.96, 28.54, 371.5, 21.6, 318.34, 21.52, 264.05, 23.09, 201.35, 22.82, 133.17, 16.66, 91.73, 17.2], (676.0471, 1075.749, 1923.007)]

Population size: 30
Number of couples: 13
Number of kept parents: 0
Best parent kept: True
Mutation Probability: 0.3
Mutation range (x, y): 5, 0.5
Number of Parameters: 6
Length, Width, Height: [440, 69, 29]
Target Frequencies: (130.8, 523.2, 1308.0)

Written time: 11/05/2023 12:59:25