[301.06, [440.4, 68.58, 28.96, 47.04, 379.1, 15.14, 323.41, 21.48, 269.43, 22.39, 202.39, 22.43, 129.29, 16.84, 90.78, 22.92], (136.7062, 520.3511, 1153.032)]
[325.96, [440.4, 68.58, 28.96, 40.32, 378.07, 19.32, 292.59, 15.67, 260.58, 19.38, 170.25, 23.48, 109.56, 22.03, 62.08, 22.61], (135.6155, 515.1014, 1095.561)]
[357.99, [440.4, 68.58, 28.96, 54.07, 347.51, 15.3, 321.06, 21.35, 269.43, 22.25, 194.31, 22.38, 124.74, 16.84, 95.23, 16.45], (139.7055, 562.6323, 1361.566)]
[367.72, [440.4, 68.58, 28.96, 42.84, 380.43, 15.44, 323.95, 15.7, 261.08, 19.41, 173.0, 23.33, 105.4, 21.68, 64.83, 22.84], (137.8686, 519.7109, 1131.361)]
[370.1, [440.4, 68.58, 28.96, 43.85, 381.45, 17.12, 291.09, 22.45, 280.06, 21.11, 169.04, 22.46, 130.11, 21.16, 65.27, 22.92], (130.5539, 452.0714, 1010.532)]
[403.79, [440.4, 68.58, 28.96, 44.9, 381.45, 17.12, 291.09, 22.13, 277.46, 21.11, 169.04, 22.46, 130.11, 22.05, 67.08, 22.28], (128.6463, 447.8423, 1011.639)]
[407.32, [440.4, 68.58, 28.96, 38.41, 381.16, 15.9, 324.72, 15.99, 258.69, 19.03, 178.97, 22.73, 109.24, 22.79, 61.03, 22.84], (137.8908, 509.9639, 1102.4)]
[443.72, [440.4, 68.58, 28.96, 21.85, 358.19, 18.44, 291.56, 21.54, 259.58, 19.41, 168.18, 23.27, 108.15, 21.65, 64.89, 22.47], (135.9306, 469.7791, 1033.651)]
[502.67, [440.4, 68.58, 28.96, 19.12, 358.19, 18.78, 292.59, 21.52, 259.58, 19.41, 173.0, 23.17, 108.18, 21.41, 64.89, 22.47], (137.6936, 472.93, 1036.268)]
[590.47, [440.4, 68.58, 28.96, 40.4, 347.08, 15.3, 324.62, 15.57, 259.58, 19.38, 170.25, 23.48, 110.11, 21.88, 62.08, 22.84], (135.8505, 229.4253, 1124.553)]
[675.09, [440.4, 68.58, 28.96, 38.68, 379.85, 15.14, 323.21, 15.57, 258.4, 19.09, 175.93, 22.95, 112.43, 22.19, 59.78, 22.71], (147.0812, 515.6774, 1296.773)]
[732.97, [440.4, 68.58, 28.96, 41.67, 381.45, 17.55, 291.09, 22.09, 277.46, 20.75, 169.04, 23.48, 114.35, 21.88, 62.08, 22.84], (121.457, 431.2177, 953.3759)]
[1006.47, [440.4, 68.58, 28.96, 40.4, 345.45, 15.3, 327.82, 15.57, 263.52, 19.38, 171.03, 22.11, 130.11, 21.72, 62.08, 22.8], (150.8022, 548.5245, 1220.633)]
[1095.45, [440.4, 68.58, 28.96, 27.82, 358.19, 19.21, 292.59, 15.36, 278.59, 21.64, 169.04, 22.64, 127.0, 17.43, 85.76, 17.28], (151.0325, 613.5085, 1404.133)]
[1208.57, [440.4, 68.58, 28.96, 38.41, 381.16, 15.9, 324.72, 15.99, 256.53, 19.12, 177.05, 23.15, 108.18, 22.67, 61.03, 22.84], (127.9104, 134.9167, 537.343)]
[1438.36, [440.4, 68.58, 28.96, 40.32, 377.17, 19.21, 292.59, 15.45, 274.42, 20.96, 167.77, 22.64, 122.47, 17.39, 85.76, 17.28], (156.0493, 618.5297, 1383.451)]
[1573.12, [440.4, 68.58, 28.96, 38.68, 384.64, 15.14, 319.86, 21.15, 265.19, 21.56, 202.24, 20.39, 131.56, 17.77, 67.79, 22.84], (157.9736, 539.7911, 1167.046)]
[2007.66, [440.4, 68.58, 28.96, 38.68, 384.84, 15.14, 321.12, 15.57, 261.08, 19.41, 173.0, 23.33, 105.4, 21.68, 64.83, 14.76], (144.2768, 1091.288, 2253.726)]
[2345.38, [440.4, 68.58, 28.96, 19.88, 358.19, 17.67, 294.22, 21.75, 228.19, 18.29, 186.99, 21.01, 147.23, 21.87, 81.01, 16.79], (168.1001, 565.7698, 1334.123)]
[3042.64, [440.4, 68.58, 28.96, 39.68, 381.16, 15.54, 323.95, 15.7, 258.4, 19.09, 180.48, 23.19, 112.43, 22.3, 64.65, 22.47], (167.4955, 728.1531, 1924.155)]
[4391.4, [440.4, 68.58, 28.96, 39.16, 334.77, 14.62, 320.43, 16.5, 228.21, 18.64, 188.88, 22.73, 146.32, 19.53, 88.89, 22.5], (75.04507, 636.4644, 1421.684)]
[5171.91, [440.4, 68.58, 28.96, 51.15, 360.28, 18.9, 292.33, 15.53, 229.29, 18.37, 199.34, 21.98, 113.3, 16.41, 73.05, 20.24], (192.7705, 690.2312, 1436.192)]
[5561.13, [440.4, 68.58, 28.96, 24.03, 338.29, 16.93, 324.61, 22.01, 243.87, 18.65, 212.07, 22.43, 127.64, 17.27, 90.78, 17.04], (182.4138, 1184.643, 2501.191)]
[7206.77, [440.4, 68.58, 28.96, 29.42, 341.09, 15.94, 316.85, 18.17, 267.0, 22.18, 216.46, 22.4, 111.19, 20.22, 95.76, 14.64], (54.36528, 141.7778, 1166.992)]
[8309.47, [440.4, 68.58, 28.96, 40.4, 345.45, 15.3, 323.36, 15.57, 274.42, 21.32, 167.77, 22.64, 122.47, 17.39, 85.76, 17.28], (51.4349, 276.8267, 317.2313)]
[11125.92, [440.4, 68.58, 28.96, 42.33, 349.23, 14.65, 328.82, 21.4, 263.57, 15.87, 173.94, 20.83, 112.1, 18.6, 95.59, 14.76], (29.77313, 201.5817, 660.2675)]
[11801.24, [440.4, 68.58, 28.96, 34.39, 334.77, 14.62, 323.08, 16.12, 273.6, 19.52, 172.81, 21.17, 147.23, 21.76, 81.01, 16.79], (231.8223, 1079.035, 2401.808)]
[12815.03, [440.4, 68.58, 28.96, 35.7, 384.84, 15.14, 321.12, 15.57, 261.08, 19.41, 172.26, 23.33, 101.38, 21.99, 67.08, 22.54], (20.16093, 137.1006, 518.8828)]
[80519.89, [440.4, 68.58, 28.96, 35.38, 376.33, 15.14, 324.34, 21.47, 269.43, 21.68, 205.01, 22.43, 124.74, 16.84, 90.78, 22.92], (527.6664, 1165.937, 2127.452)]
[82477.28, [440.4, 68.58, 28.96, 54.07, 347.51, 15.3, 318.79, 21.35, 271.79, 22.25, 199.31, 22.43, 124.74, 16.84, 93.21, 16.45], (531.9716, 1414.238, 2546.593)]

Population size: 30
Number of couples: 13
Number of kept parents: 0
Best parent kept: True
Mutation Probability: 0.3
Mutation range (x, y): 5, 0.5
Number of Parameters: 6

Written time: 25/03/2023 15:57:29