[51.93, [440.0, 69.0, 29.0, 24.62, 361.81, 18.55, 276.58, 22.1, 270.91, 22.46, 207.76, 22.35, 154.83, 22.18, 90.22, 14.95], (132.4232, 524.0626, 1278.907)]
[102.87, [440.0, 68.58, 28.96, 37.64, 382.63, 16.26, 276.92, 21.31, 269.14, 22.64, 205.85, 22.97, 151.84, 20.2, 62.0, 15.46], (132.0148, 542.496, 1266.756)]
[110.81, [440.0, 68.58, 28.96, 37.64, 385.15, 16.17, 276.58, 22.19, 275.04, 22.65, 209.82, 22.06, 153.79, 22.77, 86.64, 15.42], (129.6221, 508.6904, 1246.25)]
[125.11, [440.0, 69.0, 28.96, 25.14, 371.46, 16.37, 280.28, 21.47, 278.7, 22.38, 209.81, 22.16, 152.52, 22.19, 91.74, 15.12], (135.1194, 536.1246, 1311.024)]
[128.04, [440.0, 69.0, 29.0, 20.3, 333.28, 20.28, 316.45, 19.58, 262.75, 22.14, 202.03, 22.51, 158.46, 22.65, 89.51, 15.02], (134.7873, 535.1646, 1289.491)]
[133.98, [440.0, 68.58, 28.96, 39.4, 385.69, 15.11, 277.59, 22.46, 283.49, 22.0, 202.03, 22.51, 158.46, 23.03, 89.51, 15.48], (127.9828, 507.4848, 1260.594)]
[139.15, [440.0, 68.58, 28.96, 37.21, 381.38, 15.39, 276.58, 22.52, 275.33, 22.65, 205.97, 21.91, 153.43, 21.57, 56.9, 15.29], (133.9376, 518.7452, 1235.561)]
[157.72, [440.0, 69.0, 29.0, 24.62, 361.81, 18.55, 276.58, 22.24, 270.91, 22.86, 209.81, 23.21, 150.18, 20.2, 60.09, 15.42], (127.2653, 520.2426, 1224.126)]
[168.1, [440.0, 69.0, 29.0, 42.66, 353.8, 21.06, 277.59, 22.36, 281.41, 22.0, 197.59, 22.51, 160.93, 22.65, 90.53, 14.83], (128.5296, 497.6635, 1237.952)]
[178.59, [440.0, 68.58, 28.96, 37.38, 381.11, 15.33, 277.99, 22.39, 275.1, 22.11, 207.22, 22.34, 158.51, 22.16, 89.17, 19.64], (130.0578, 497.7085, 1199.536)]
[252.63, [440.0, 68.58, 28.96, 37.64, 384.61, 16.17, 276.82, 22.19, 271.58, 22.38, 212.37, 21.95, 161.32, 21.5, 60.09, 15.64], (137.4383, 530.2982, 1244.155)]
[260.76, [440.0, 68.58, 28.96, 37.98, 378.2, 15.33, 277.99, 22.39, 274.67, 22.55, 209.18, 21.87, 153.73, 21.5, 60.09, 19.84], (132.5434, 490.8954, 1151.022)]
[268.24, [440.0, 68.58, 28.96, 38.6, 380.18, 16.5, 276.58, 22.19, 276.43, 22.65, 208.44, 21.94, 157.8, 21.22, 58.49, 19.81], (132.5975, 492.4496, 1140.733)]
[275.5, [440.0, 68.58, 28.96, 39.4, 381.38, 15.11, 275.28, 22.36, 281.41, 21.84, 215.18, 21.91, 161.0, 22.33, 80.9, 15.15], (138.7985, 540.7915, 1313.31)]
[290.45, [440.0, 68.58, 28.96, 35.33, 381.42, 16.36, 274.8, 21.02, 276.96, 22.55, 214.0, 21.68, 152.15, 21.43, 91.74, 20.07], (138.5106, 521.7741, 1235.226)]
[353.36, [440.0, 68.58, 28.96, 34.27, 384.61, 16.17, 276.58, 22.36, 278.16, 22.0, 203.38, 21.87, 153.73, 21.4, 62.0, 19.81], (135.8161, 494.0509, 1139.855)]
[357.67, [440.0, 68.58, 28.96, 31.96, 380.49, 15.59, 287.01, 22.0, 281.53, 22.43, 213.99, 21.42, 161.04, 21.99, 85.67, 15.15], (140.762, 540.3949, 1308.259)]
[385.35, [440.0, 68.58, 28.96, 39.87, 377.07, 15.11, 277.59, 22.36, 281.41, 22.0, 202.03, 22.51, 155.22, 22.65, 89.51, 15.02], (130.1159, 531.4963, 1666.948)]
[404.5, [440.0, 68.58, 28.96, 39.4, 381.38, 15.11, 280.12, 22.36, 281.82, 22.0, 178.82, 22.8, 140.72, 16.16, 79.86, 16.09], (139.0151, 569.4869, 1361.323)]
[494.4, [440.0, 68.58, 28.96, 40.26, 381.38, 15.06, 277.59, 22.36, 281.41, 22.86, 205.85, 22.8, 165.49, 21.78, 91.61, 20.98], (122.2097, 480.4859, 1172.163)]
[733.48, [440.0, 69.0, 28.96, 42.68, 377.34, 16.82, 279.62, 22.21, 270.91, 22.81, 204.26, 22.97, 149.12, 20.08, 60.09, 15.09], (127.5272, 522.8899, 634.5038)]
[2059.71, [440, 69, 29, 29.89, 346.77, 20.76, 306.75, 22.4, 238.69, 22.21, 202.73, 15.53, 142.26, 17.65, 99.35, 17.86], (162.3726, 622.6702, 1344.987)]
[2123.92, [440.0, 68.58, 28.96, 33.91, 381.46, 15.11, 277.59, 22.61, 281.41, 21.91, 202.03, 22.51, 163.21, 22.21, 87.16, 15.02], (145.829, 213.7423, 540.3547)]
[2766.81, [440.0, 68.58, 28.96, 37.64, 384.61, 16.44, 276.58, 22.19, 276.43, 22.59, 216.58, 22.06, 158.23, 22.77, 86.64, 15.53], (131.9954, 1252.699, 2237.993)]
[4865.44, [440, 69, 29, 40.44, 365.42, 20.46, 318.96, 20.07, 231.39, 20.84, 210.6, 14.58, 123.07, 21.78, 65.52, 16.99], (185.9553, 281.1023, 1472.001)]
[9724.01, [440, 69, 29, 54.06, 332.31, 22.69, 319.99, 18.33, 246.26, 15.56, 209.7, 15.63, 156.91, 19.14, 60.85, 19.54], (225.4853, 659.088, 1478.808)]
[17343.78, [440.0, 68.58, 28.96, 39.4, 381.38, 14.86, 314.21, 15.21, 259.03, 15.18, 183.23, 15.48, 131.36, 18.17, 66.96, 14.99], (268.603, 818.8496, 1736.024)]
[17704.82, [440.0, 68.58, 28.96, 28.55, 377.8, 16.3, 280.65, 21.95, 269.72, 21.64, 203.38, 22.34, 158.51, 23.12, 90.56, 15.12], (263.8439, 964.4696, 2563.747)]
[79184.99, [440.0, 68.58, 28.96, 31.96, 379.84, 15.59, 287.01, 21.64, 281.53, 22.43, 202.03, 22.51, 160.63, 22.65, 89.51, 14.72], (518.4106, 1282.33, 2283.051)]
[440315.1, [440.0, 68.58, 28.96, 39.4, 377.56, 15.27, 277.59, 21.92, 277.8, 22.0, 202.03, 22.51, 158.46, 23.09, 89.51, 15.36], (1365.352, 2311.682, 3377.332)]

Population size: 30
Number of couples: 13
Number of kept parents: 0
Best parent kept: True
Mutation Probability: 0.3
Mutation range (x, y): 5, 0.5
Number of Parameters: 6
Length, Width, Height: [440, 69, 29]
Target Frequencies: (130.8, 523.2, 1308.0)

Written time: 12/05/2023 17:47:32