[1458.03, [440.4, 68.58, 28.96, 11.92, 369.89, 20.97, 279.93, 22.18, 272.04, 21.72, 167.66, 19.61, 162.86, 17.11, 91.8, 18.42], (157.4993, 572.837, 1278.269)]
[1630.51, [440.4, 68.58, 28.96, 40.76, 348.7, 17.61, 323.39, 15.57, 261.72, 19.41, 179.35, 22.6, 146.34, 19.53, 64.83, 22.04], (159.5867, 594.2933, 1292.115)]
[1955.69, [440.4, 68.58, 28.96, 42.15, 376.69, 17.81, 299.43, 22.13, 225.92, 18.54, 208.2, 18.63, 131.61, 22.19, 59.86, 21.59], (162.3131, 500.4915, 1143.14)]
[2337.85, [440.4, 68.58, 28.96, 44.69, 358.35, 18.82, 289.73, 22.73, 250.25, 19.32, 197.67, 21.41, 132.31, 14.84, 92.32, 22.26], (167.9237, 590.8163, 1317.682)]
[3011.6, [440.4, 68.58, 28.96, 23.0, 355.37, 18.96, 326.99, 20.92, 273.52, 21.41, 201.57, 18.12, 125.04, 19.26, 81.56, 16.99], (175.0838, 585.6496, 1304.547)]
[3166.31, [440.4, 68.58, 28.96, 39.43, 359.67, 16.11, 284.01, 20.38, 258.69, 20.58, 200.55, 21.47, 124.16, 15.12, 78.28, 17.45], (174.1228, 664.6094, 1482.856)]
[3464.53, [440.4, 68.58, 28.96, 11.76, 344.15, 16.29, 303.45, 22.58, 265.78, 20.6, 177.31, 16.75, 114.54, 21.88, 57.3, 15.11], (179.4036, 577.7548, 1331.058)]
[3664.19, [440.4, 68.58, 28.96, 51.84, 365.52, 15.7, 329.08, 18.27, 245.59, 18.06, 181.46, 20.88, 147.23, 21.89, 76.12, 14.65], (179.6562, 636.5181, 1445.504)]
[4117.17, [440.4, 68.58, 28.96, 52.47, 374.41, 14.54, 328.17, 18.67, 238.14, 22.05, 171.81, 16.58, 138.58, 16.5, 83.55, 19.95], (183.804, 666.8683, 1424.208)]
[4561.5, [440.4, 68.58, 28.96, 47.19, 349.21, 20.16, 315.47, 18.71, 274.74, 16.06, 197.07, 18.04, 114.74, 22.77, 72.64, 19.76], (189.3022, 591.3322, 1287.859)]
[4723.66, [440.4, 68.58, 28.96, 22.21, 341.27, 20.25, 303.29, 18.46, 232.34, 17.49, 205.5, 20.25, 145.91, 19.77, 69.7, 15.13], (130.6835, 2755.065, 3799.511)]
[4764.02, [440.4, 68.58, 28.96, 11.52, 359.03, 22.92, 277.95, 16.0, 236.53, 20.91, 184.58, 15.23, 116.54, 16.06, 86.39, 22.78], (184.547, 273.7615, 732.4922)]
[5185.02, [440.4, 68.58, 28.96, 29.79, 366.28, 19.46, 311.06, 19.9, 261.6, 15.21, 170.65, 20.0, 133.39, 21.6, 57.04, 16.5], (194.5622, 600.5553, 1325.917)]
[5239.35, [440.4, 68.58, 28.96, 54.38, 372.36, 21.47, 309.25, 14.58, 253.28, 19.76, 200.73, 18.47, 111.17, 19.52, 92.06, 22.25], (194.7433, 628.845, 1330.244)]
[5645.9, [440.4, 68.58, 28.96, 20.78, 344.26, 19.14, 326.06, 15.06, 256.74, 20.78, 166.03, 17.93, 152.69, 16.52, 58.23, 16.07], (69.60488, 209.1644, 764.9719)]
[5796.3, [440.4, 68.58, 28.96, 31.89, 342.53, 15.77, 290.54, 15.37, 261.3, 21.85, 211.94, 19.08, 130.23, 16.44, 97.89, 18.2], (198.5888, 552.1748, 1495.796)]
[5917.02, [440.4, 68.58, 28.96, 50.21, 357.66, 17.53, 317.99, 17.45, 262.26, 15.18, 215.68, 17.79, 116.4, 21.86, 77.35, 16.79], (66.88199, 796.8561, 1839.826)]
[7159.53, [440.4, 68.58, 28.96, 48.71, 350.05, 17.98, 280.93, 22.91, 255.0, 15.45, 167.95, 15.11, 164.78, 17.03, 65.22, 21.78], (208.1157, 243.0416, 1390.849)]
[7360.61, [440.4, 68.58, 28.96, 20.77, 338.11, 21.84, 309.3, 15.65, 264.2, 15.8, 210.51, 18.71, 117.04, 21.06, 79.72, 14.81], (209.9738, 681.8847, 1466.98)]
[7902.45, [440.4, 68.58, 28.96, 42.43, 379.07, 17.0, 299.77, 22.38, 274.65, 14.96, 166.38, 14.83, 152.67, 22.79, 65.75, 17.01], (214.7043, 606.897, 1443.148)]
[7957.38, [440.4, 68.58, 28.96, 40.44, 376.45, 21.87, 288.92, 14.92, 255.1, 17.43, 177.63, 16.73, 156.03, 22.61, 77.29, 15.67], (214.4407, 667.9024, 1473.255)]
[9647.73, [440.4, 68.58, 28.96, 28.89, 369.78, 15.79, 317.29, 21.61, 252.69, 15.68, 206.07, 16.4, 132.77, 16.75, 109.48, 22.31], (226.18, 665.8798, 1500.071)]
[9707.93, [440.4, 68.58, 28.96, 39.45, 384.13, 15.29, 286.37, 20.79, 257.72, 19.02, 197.52, 16.22, 114.97, 15.06, 99.13, 17.54], (36.42647, 217.5048, 1540.402)]
[10328.79, [440.4, 68.58, 28.96, 27.28, 365.64, 22.53, 313.16, 14.75, 249.78, 17.93, 190.83, 18.44, 133.95, 16.07, 92.93, 15.93], (229.9535, 739.1167, 1549.704)]
[11500.09, [440.4, 68.58, 28.96, 49.65, 376.18, 17.02, 299.83, 14.83, 260.54, 17.23, 168.55, 17.34, 139.75, 20.72, 74.52, 19.05], (24.17845, 236.6237, 1510.078)]
[11778.0, [440.4, 68.58, 28.96, 23.96, 378.56, 21.02, 284.26, 16.77, 220.38, 15.83, 217.64, 17.97, 164.06, 15.74, 63.52, 18.2], (239.7362, 718.1784, 1523.294)]
[11992.5, [440.4, 68.58, 28.96, 51.45, 338.08, 17.45, 277.81, 15.91, 271.28, 15.48, 202.64, 18.23, 131.7, 17.47, 63.46, 15.98], (239.4706, 791.639, 1705.889)]
[13820.77, [440.4, 68.58, 28.96, 12.56, 343.31, 21.73, 320.7, 18.89, 240.66, 15.25, 192.27, 14.49, 121.12, 17.45, 72.46, 14.56], (251.9396, 729.2218, 1592.035)]
[92100.38, [440.4, 68.58, 28.96, 10.35, 359.32, 22.38, 297.67, 19.64, 231.33, 20.68, 175.52, 22.73, 142.9, 15.08, 56.18, 17.2], (564.8929, 1270.711, 2222.309)]
[100060.28, [440.4, 68.58, 28.96, 43.89, 350.79, 17.71, 319.26, 14.71, 272.83, 17.03, 176.93, 22.02, 115.65, 20.52, 77.1, 14.7], (593.9744, 665.9587, 1547.886)]

Population size: 30
Number of couples: 13
Number of kept parents: 0
Best parent kept: True
Mutation Probability: 0.3
Mutation range (x, y): 5, 0.5
Number of Parameters: 6

Written time: 25/03/2023 14:20:32