[26.33, [440.0, 69.0, 29.0, 42.91, 365.32, 19.44, 277.42, 21.87, 212.05, 22.69, 135.37, 19.65], (130.81, 530.8125, 1296.906)]
[26.33, [440.0, 69.0, 29.0, 42.91, 365.32, 19.44, 277.42, 21.87, 212.05, 22.69, 135.37, 19.65], (130.81, 530.8125, 1296.906)]
[26.83, [440.0, 69.0, 29.0, 42.91, 365.32, 19.44, 277.42, 22.03, 212.05, 22.57, 135.37, 19.65], (130.6533, 529.7419, 1294.817)]
[28.09, [440.0, 69.0, 29.0, 38.95, 365.32, 19.44, 277.42, 22.03, 212.05, 22.77, 139.05, 19.27], (130.447, 534.6151, 1304.84)]
[42.45, [440.0, 69.0, 29.0, 38.95, 365.32, 19.44, 277.42, 22.03, 212.05, 22.69, 135.37, 19.65], (129.6888, 526.6433, 1284.153)]
[42.45, [440.0, 69.0, 29.0, 38.95, 365.32, 19.44, 277.42, 22.03, 212.05, 22.69, 135.37, 19.65], (129.6888, 526.6433, 1284.153)]
[56.5, [440.0, 69.0, 29.0, 44.78, 343.71, 18.63, 280.09, 20.56, 168.2, 23.47, 135.09, 20.13], (131.4619, 533.5827, 1338.351)]
[71.75, [440.0, 69.0, 29.0, 32.48, 361.79, 18.75, 277.42, 22.39, 208.0, 22.69, 135.37, 19.65], (128.0936, 526.1372, 1286.643)]
[76.05, [440.0, 69.0, 29.0, 42.91, 365.32, 19.44, 277.42, 21.87, 212.05, 22.69, 130.79, 20.13], (128.8628, 518.9069, 1267.502)]
[78.78, [440.0, 69.0, 29.0, 46.84, 343.71, 18.63, 284.82, 20.42, 168.2, 23.17, 126.8, 20.13], (133.8163, 531.5569, 1317.677)]
[82.88, [440.0, 69.0, 29.0, 47.88, 343.71, 18.63, 284.82, 20.42, 169.91, 23.29, 130.79, 20.13], (133.1384, 534.28, 1332.957)]
[85.94, [440.0, 69.0, 29.0, 38.95, 365.32, 19.44, 277.42, 21.87, 212.05, 22.37, 135.37, 19.65], (133.7787, 536.0164, 1299.106)]
[86.68, [440.0, 69.0, 29.0, 47.88, 343.71, 18.63, 284.82, 20.42, 168.2, 23.47, 126.8, 19.32], (133.2091, 535.5787, 1332.534)]
[108.06, [440.0, 69.0, 29.0, 38.95, 359.0, 18.63, 288.51, 20.42, 168.2, 23.47, 130.79, 20.55], (129.144, 510.1098, 1247.429)]
[109.5, [440.0, 69.0, 29.0, 56.94, 345.27, 18.63, 288.51, 20.42, 168.2, 23.47, 135.37, 19.65], (132.6136, 538.4225, 1362.636)]
[114.87, [440.0, 69.0, 29.0, 40.67, 361.79, 19.21, 275.22, 22.61, 214.98, 22.69, 135.37, 19.65], (126.226, 523.4683, 1291.493)]
[127.26, [440.0, 69.0, 29.0, 40.35, 359.37, 18.82, 274.9, 22.39, 208.0, 23.05, 136.49, 19.27], (125.9191, 529.7881, 1314.248)]
[156.83, [440.0, 69.0, 29.0, 38.95, 361.79, 19.44, 277.42, 21.87, 212.05, 22.17, 135.37, 19.65], (135.7801, 542.3609, 1315.367)]
[157.26, [440.0, 69.0, 29.0, 47.88, 343.71, 19.06, 275.22, 22.61, 214.98, 22.69, 135.37, 19.65], (127.6521, 541.8466, 1372.112)]
[170.2, [440.0, 69.0, 29.0, 47.88, 343.71, 19.44, 277.42, 21.87, 212.05, 22.57, 135.37, 19.65], (133.3056, 551.6972, 1381.549)]
[352.66, [440.0, 69.0, 29.0, 42.91, 365.32, 19.44, 277.42, 21.87, 212.05, 22.69, 135.37, 21.96], (123.2544, 491.3976, 1226.215)]
[538.31, [440.0, 69.0, 29.0, 38.95, 361.79, 18.75, 276.13, 22.84, 208.0, 22.77, 101.5, 19.65], (120.4897, 484.3832, 1178.386)]
[972.23, [440.0, 69.0, 29.0, 49.4, 343.06, 18.72, 284.82, 20.36, 168.2, 21.84, 133.28, 19.55], (148.8517, 574.6621, 1410.333)]
[1340.07, [440.0, 69.0, 29.0, 38.95, 359.19, 18.95, 281.78, 22.78, 214.7, 23.47, 130.79, 20.13], (116.3465, 717.472, 1710.037)]
[2905.55, [440.0, 69.0, 29.0, 44.78, 343.71, 18.63, 280.09, 20.56, 168.2, 23.47, 135.09, 19.32], (136.9553, 1367.305, 2372.625)]
[10009.89, [440.0, 69.0, 29.0, 42.91, 359.19, 18.95, 277.42, 22.78, 214.7, 22.13, 133.28, 20.9], (31.33117, 496.3521, 1272.239)]
[12235.52, [440, 69, 29, 63.04, 316.7, 20.37, 220.01, 20.96, 175.51, 14.97, 131.27, 19.39], (22.87575, 197.0834, 1679.4)]
[73323.62, [440.0, 69.0, 29.0, 42.91, 361.32, 19.44, 277.42, 21.87, 212.05, 22.69, 135.37, 20.9], (499.6928, 1271.899, 2282.525)]
[73611.76, [440.0, 69.0, 29.0, 38.95, 364.0, 18.95, 277.42, 20.42, 168.2, 23.47, 126.8, 20.13], (501.0429, 1240.755, 2243.634)]
[80770.89, [440.0, 69.0, 29.0, 38.95, 359.0, 18.63, 288.51, 20.42, 168.2, 23.47, 130.79, 20.55], (524.3442, 1317.009, 2420.18)]

Population size: 30
Number of couples: 14
Number of kept parents: 0
Best parent kept: True
Mutation Probability: 0.08
Mutation range (x, y): 5, 0.5
Number of Parameters: 4
Length, Width, Height: [440, 69, 29]
Target Frequencies: (130.8, 523.2, 1308.0)

Written time: 28/03/2023 18:00:32