[29.2, [440.0, 69.0, 29.0, 42.04, 365.32, 19.49, 272.97, 22.14, 212.05, 22.57, 139.52, 19.65], (130.5357, 533.9485, 1308.969)]
[29.22, [440.0, 69.0, 29.0, 42.04, 365.32, 19.49, 272.97, 22.14, 212.05, 22.57, 139.52, 19.65], (130.5357, 533.9486, 1308.994)]
[29.24, [440.0, 69.0, 29.0, 42.41, 361.32, 19.77, 278.19, 22.14, 212.05, 22.57, 139.52, 19.47], (130.3901, 532.993, 1310.138)]
[29.69, [440.0, 69.0, 29.0, 43.03, 365.32, 19.44, 275.67, 21.69, 207.52, 22.69, 135.37, 20.14], (130.459, 525.8715, 1286.981)]
[29.94, [440.0, 69.0, 29.0, 41.32, 361.32, 19.98, 277.42, 21.87, 215.76, 22.69, 135.37, 19.65], (130.5503, 529.1382, 1294.15)]
[31.89, [440.0, 69.0, 29.0, 40.67, 364.32, 19.49, 277.42, 21.69, 207.1, 22.57, 135.37, 20.27], (131.0117, 524.651, 1280.707)]
[32.18, [440.0, 69.0, 29.0, 42.91, 368.42, 19.31, 277.42, 22.14, 212.05, 22.57, 139.52, 19.65], (130.3186, 531.4771, 1299.849)]
[32.54, [440.0, 69.0, 29.0, 42.91, 368.02, 19.44, 278.45, 21.87, 214.98, 22.57, 135.37, 20.13], (130.509, 525.428, 1282.6)]
[32.85, [440.0, 69.0, 29.0, 42.91, 368.02, 19.44, 278.45, 21.87, 212.35, 22.69, 139.52, 19.65], (131.0966, 533.1438, 1301.625)]
[34.59, [440.0, 69.0, 29.0, 42.04, 365.32, 19.7, 277.33, 21.83, 215.76, 22.69, 134.63, 19.65], (130.9891, 529.8549, 1290.872)]
[35.13, [440.0, 69.0, 29.0, 42.91, 368.02, 19.44, 278.45, 22.14, 212.05, 22.57, 139.52, 19.65], (130.0421, 529.5509, 1295.342)]
[35.54, [440.0, 69.0, 29.0, 42.04, 365.32, 19.49, 272.97, 21.86, 214.98, 22.69, 135.37, 20.13], (130.0293, 527.687, 1290.447)]
[35.73, [440.0, 69.0, 29.0, 42.91, 368.02, 19.44, 277.33, 21.87, 215.76, 22.69, 134.63, 19.65], (130.9392, 530.4282, 1290.863)]
[36.61, [440.0, 69.0, 29.0, 42.91, 365.32, 19.77, 277.42, 22.14, 212.05, 22.57, 139.52, 19.65], (129.6867, 528.0638, 1295.3)]
[37.95, [440.0, 69.0, 29.0, 41.32, 368.02, 19.44, 275.92, 21.87, 214.98, 22.69, 135.37, 19.65], (131.0977, 531.2526, 1291.806)]
[41.26, [440.0, 69.0, 29.0, 42.91, 368.02, 19.44, 278.45, 21.97, 214.98, 22.57, 139.52, 19.65], (131.6807, 534.9538, 1304.393)]
[41.92, [440.0, 69.0, 29.0, 42.91, 365.32, 19.98, 278.01, 21.78, 210.82, 22.69, 135.37, 19.18], (131.6863, 531.585, 1295.387)]
[42.53, [440.0, 69.0, 29.0, 42.91, 365.32, 19.31, 279.76, 22.14, 212.05, 22.69, 139.52, 19.65], (129.263, 529.9442, 1301.387)]
[43.55, [440.0, 69.0, 29.0, 42.91, 368.02, 19.52, 278.45, 21.87, 214.98, 22.57, 132.29, 19.65], (131.4477, 528.0659, 1281.832)]
[44.25, [440.0, 69.0, 29.0, 46.13, 361.32, 19.77, 278.19, 22.14, 212.05, 22.69, 139.52, 19.65], (128.7531, 528.8869, 1308.744)]
[46.72, [440.0, 69.0, 29.0, 42.04, 360.94, 19.69, 278.45, 21.87, 214.98, 22.69, 139.52, 19.65], (131.4034, 536.7031, 1316.28)]
[47.46, [440.0, 69.0, 29.0, 42.91, 368.02, 19.44, 278.45, 21.87, 214.98, 22.69, 135.37, 20.13], (129.4238, 523.1554, 1276.792)]
[53.53, [440.0, 69.0, 29.0, 35.24, 365.32, 19.1, 278.22, 21.87, 215.76, 22.69, 135.37, 19.65], (131.9114, 534.9973, 1295.68)]
[59.9, [440.0, 69.0, 29.0, 32.48, 365.32, 19.1, 277.42, 21.87, 215.76, 22.69, 135.37, 19.65], (132.0949, 534.9474, 1292.201)]
[663.67, [440.0, 69.0, 29.0, 45.07, 365.32, 19.44, 281.68, 21.87, 215.76, 22.69, 135.37, 19.65], (131.0839, 308.3394, 1182.997)]
[1356.55, [440.0, 69.0, 29.0, 46.06, 365.32, 19.98, 277.42, 21.87, 215.76, 22.69, 135.37, 19.65], (130.2636, 663.5937, 2309.633)]
[5969.97, [440, 69, 29, 71.35, 344.58, 20.86, 267.4, 16.64, 148.23, 19.67, 117.15, 18.54], (197.7604, 434.6509, 1577.277)]
[25151.3, [440.0, 69.0, 29.0, 40.67, 364.32, 19.49, 277.42, 21.69, 207.1, 22.57, 135.37, 20.27], (307.7005, 1159.645, 1276.275)]
[81980.66, [440.0, 69.0, 29.0, 47.21, 365.32, 19.52, 277.42, 22.03, 214.98, 22.69, 135.37, 19.65], (527.9901, 1247.406, 2319.635)]
[85867.71, [440.0, 69.0, 29.0, 42.91, 361.32, 19.77, 277.42, 22.14, 212.05, 22.57, 137.3, 19.35], (536.0397, 1826.757, 2339.766)]

Population size: 30
Number of couples: 14
Number of kept parents: 0
Best parent kept: True
Mutation Probability: 0.08
Mutation range (x, y): 5, 0.5
Number of Parameters: 4
Length, Width, Height: [440, 69, 29]
Target Frequencies: (130.8, 523.2, 1308.0)

Written time: 10/05/2023 20:24:59