[30.86, [440.0, 69.0, 29.0, 42.04, 365.32, 19.44, 277.42, 21.69, 212.05, 22.57, 135.37, 20.49], (130.6995, 524.4366, 1280.552)]
[30.87, [440.0, 69.0, 29.0, 45.09, 365.32, 19.44, 277.42, 21.87, 215.76, 22.69, 135.37, 19.65], (131.1379, 533.6105, 1305.12)]
[31.24, [440.0, 69.0, 29.0, 42.91, 365.32, 19.52, 277.42, 22.03, 212.05, 22.57, 135.23, 19.65], (130.4977, 528.6144, 1291.96)]
[31.39, [440.0, 69.0, 29.0, 42.91, 365.32, 19.31, 277.42, 21.87, 212.05, 22.69, 135.37, 19.65], (131.0275, 532.3606, 1300.595)]
[32.27, [440.0, 69.0, 29.0, 45.09, 365.32, 19.21, 277.42, 21.87, 210.89, 22.69, 132.39, 19.65], (130.6825, 530.0246, 1293.19)]
[39.29, [440.0, 69.0, 29.0, 42.91, 365.32, 19.52, 277.42, 22.03, 214.98, 22.69, 135.37, 19.65], (129.7552, 528.3635, 1292.298)]
[39.38, [440.0, 69.0, 29.0, 42.04, 365.32, 19.49, 277.42, 22.03, 214.98, 22.69, 135.37, 19.65], (129.8231, 528.5015, 1291.528)]
[40.59, [440.0, 69.0, 29.0, 42.91, 361.32, 19.44, 277.42, 22.14, 212.05, 22.57, 139.52, 19.65], (130.5443, 535.1404, 1317.442)]
[47.27, [440.0, 69.0, 29.0, 42.91, 365.32, 19.44, 277.42, 21.86, 212.05, 22.57, 135.76, 19.62], (132.0969, 534.1704, 1302.928)]
[50.26, [440.0, 69.0, 29.0, 42.04, 365.32, 19.44, 277.42, 21.69, 215.95, 22.57, 135.37, 20.14], (132.1509, 531.8796, 1295.143)]
[51.18, [440.0, 69.0, 29.0, 32.48, 365.32, 19.44, 277.42, 21.87, 215.76, 22.69, 135.37, 19.65], (131.5414, 530.9982, 1282.701)]
[51.58, [440.0, 69.0, 29.0, 40.67, 361.79, 19.49, 277.42, 21.69, 212.05, 22.57, 135.37, 20.01], (132.3807, 533.1602, 1301.193)]
[52.54, [440.0, 69.0, 29.0, 45.09, 361.79, 18.75, 277.42, 22.39, 207.09, 22.57, 135.37, 19.65], (128.6711, 530.3213, 1311.672)]
[53.31, [440.0, 69.0, 29.0, 38.57, 365.32, 19.11, 277.42, 21.78, 212.05, 22.69, 135.37, 19.65], (132.1566, 535.6567, 1301.635)]
[53.42, [440.0, 69.0, 29.0, 40.67, 361.79, 19.21, 277.42, 21.87, 215.76, 22.69, 135.37, 19.65], (131.8423, 537.9398, 1313.932)]
[58.52, [440.0, 69.0, 29.0, 42.91, 365.32, 19.44, 277.42, 21.87, 215.76, 22.69, 135.37, 19.65], (132.5736, 534.7421, 1301.959)]
[72.96, [440.0, 69.0, 29.0, 42.91, 365.32, 19.44, 277.42, 22.0, 212.05, 22.69, 135.37, 20.14], (128.3933, 521.0, 1277.876)]
[510.74, [440.0, 69.0, 29.0, 29.85, 332.67, 19.6, 231.2, 21.49, 167.42, 20.6, 77.72, 22.54], (141.8958, 511.2073, 1196.843)]
[577.23, [440.0, 69.0, 29.0, 43.03, 365.32, 19.44, 277.42, 22.0, 212.05, 22.69, 135.37, 20.14], (128.3906, 521.0331, 1842.414)]
[942.0, [440.0, 69.0, 29.0, 46.69, 365.32, 19.44, 277.42, 21.87, 212.05, 22.69, 135.98, 19.65], (131.2517, 148.3647, 1306.123)]
[4448.01, [440.0, 69.0, 29.0, 42.04, 365.32, 19.21, 277.33, 21.49, 210.89, 22.69, 132.39, 19.65], (81.3699, 135.1247, 1305.438)]
[5411.13, [440.0, 69.0, 29.0, 42.91, 365.32, 19.44, 277.42, 21.69, 215.42, 22.57, 135.37, 20.15], (193.4935, 671.4419, 1384.506)]
[56504.64, [440.0, 69.0, 29.0, 40.67, 361.79, 19.44, 277.42, 21.87, 212.05, 22.69, 135.37, 19.65], (436.8876, 1300.33, 2318.685)]
[62468.98, [440, 69, 29, 28.13, 360.89, 15.79, 259.86, 20.56, 200.65, 19.58, 143.36, 20.82], (456.3819, 1501.91, 2582.568)]
[78867.83, [440.0, 69.0, 29.0, 42.91, 368.02, 19.44, 278.45, 21.87, 214.98, 22.69, 135.37, 19.65], (517.2055, 1290.364, 2301.418)]
[79290.89, [440.0, 69.0, 29.0, 45.09, 365.32, 19.44, 277.42, 21.87, 207.12, 22.69, 132.39, 19.65], (518.803, 1277.155, 2285.976)]
[83120.52, [440.0, 69.0, 29.0, 42.91, 365.32, 19.44, 277.42, 21.87, 212.05, 22.94, 135.37, 19.27], (531.3942, 1297.494, 2314.455)]
[85447.6, [440.0, 69.0, 29.0, 45.09, 365.32, 19.44, 277.42, 21.87, 212.05, 22.94, 135.37, 19.27], (538.7949, 1319.309, 2354.909)]
[92020.77, [440.0, 69.0, 29.0, 48.11, 365.32, 19.44, 277.42, 21.87, 215.76, 22.69, 135.37, 19.65], (559.2607, 1410.813, 2421.405)]
[95099.15, [440.0, 69.0, 29.0, 42.04, 365.32, 19.11, 277.42, 21.78, 212.05, 22.69, 135.37, 19.65], (569.6339, 1361.453, 2382.999)]

Population size: 30
Number of couples: 14
Number of kept parents: 0
Best parent kept: True
Mutation Probability: 0.08
Mutation range (x, y): 5, 0.5
Number of Parameters: 4
Length, Width, Height: [440, 69, 29]
Target Frequencies: (130.8, 523.2, 1308.0)

Written time: 10/05/2023 18:36:45