[58.78, [440.0, 69.0, 29.0, 60.98, 337.73, 18.32, 280.09, 20.78, 156.97, 23.47, 128.25, 20.13], (129.2788, 524.9462, 1346.267)]
[71.2, [440.0, 69.0, 29.0, 28.07, 361.79, 19.1, 277.42, 22.39, 214.7, 22.13, 135.37, 19.65], (133.4429, 535.9584, 1292.522)]
[88.07, [440.0, 69.0, 29.0, 32.48, 361.79, 18.95, 277.42, 22.39, 212.05, 22.77, 135.37, 19.65], (127.462, 524.6678, 1282.386)]
[99.05, [440.0, 69.0, 29.0, 44.78, 345.27, 18.32, 280.09, 22.39, 213.66, 22.77, 129.5, 19.67], (128.3247, 538.9565, 1352.348)]
[115.83, [440.0, 69.0, 29.0, 13.69, 345.58, 18.32, 280.09, 18.97, 198.27, 23.56, 101.5, 21.96], (131.2392, 515.0029, 1203.279)]
[145.14, [440.0, 69.0, 29.0, 38.95, 345.58, 18.32, 280.09, 18.97, 198.27, 23.56, 101.5, 20.72], (135.438, 536.8632, 1276.404)]
[157.03, [440.0, 69.0, 29.0, 54.94, 319.75, 21.43, 286.43, 20.45, 192.68, 22.9, 135.37, 20.62], (133.7433, 541.1475, 1396.583)]
[166.08, [440.0, 69.0, 29.0, 32.48, 374.94, 18.95, 277.42, 22.39, 218.71, 22.77, 129.12, 19.65], (126.7193, 513.0187, 1234.53)]
[248.48, [440.0, 69.0, 29.0, 32.48, 361.79, 18.95, 277.42, 18.97, 198.27, 23.72, 95.68, 21.96], (127.1594, 495.643, 1156.538)]
[254.04, [440.0, 69.0, 29.0, 60.98, 356.2, 16.97, 262.99, 17.96, 195.04, 22.9, 75.96, 22.86], (137.513, 532.2674, 1236.961)]
[266.14, [440.0, 69.0, 29.0, 38.95, 361.14, 17.59, 276.92, 18.85, 195.04, 22.9, 75.96, 21.77], (136.323, 514.1392, 1180.721)]
[313.54, [440.0, 69.0, 29.0, 32.55, 333.04, 21.98, 254.1, 20.37, 161.46, 22.36, 141.87, 20.13], (139.8056, 535.1467, 1339.338)]
[357.12, [440.0, 69.0, 29.0, 44.78, 345.27, 18.32, 280.09, 18.97, 198.27, 23.72, 75.27, 22.86], (124.1123, 493.1631, 1153.865)]
[469.82, [440.0, 69.0, 29.0, 37.26, 345.27, 18.32, 279.11, 22.39, 212.05, 23.92, 135.37, 19.65], (118.1045, 520.0166, 1322.282)]
[488.36, [440.0, 69.0, 29.0, 38.68, 378.7, 19.42, 273.02, 19.06, 162.27, 22.43, 72.16, 21.96], (138.7701, 483.3975, 1084.453)]
[501.65, [440.0, 69.0, 29.0, 38.68, 378.7, 17.51, 273.02, 19.06, 168.59, 22.43, 80.52, 21.96], (141.1038, 508.306, 1151.989)]
[568.42, [440.0, 69.0, 29.0, 60.98, 345.58, 18.32, 280.09, 20.23, 198.27, 23.56, 101.5, 22.81], (118.6748, 482.7109, 1202.281)]
[631.61, [440.0, 69.0, 29.0, 32.48, 361.79, 17.59, 272.21, 18.85, 189.21, 24.28, 88.51, 22.86], (119.048, 479.4226, 1123.043)]
[823.14, [440.0, 69.0, 29.0, 44.25, 346.79, 20.62, 281.25, 19.17, 181.97, 22.13, 148.03, 22.13], (144.9009, 284.1083, 1362.545)]
[1442.15, [440.0, 69.0, 29.0, 11.37, 361.79, 18.53, 302.88, 18.48, 189.21, 23.71, 92.83, 21.96], (129.6138, 1080.819, 2179.609)]
[1847.2, [440, 69, 29, 11.16, 306.06, 22.2, 276.84, 20.71, 213.82, 19.84, 87.72, 18.96], (162.008, 578.5583, 1356.43)]
[2261.48, [440.0, 69.0, 29.0, 45.33, 364.3, 19.91, 227.27, 19.52, 212.54, 21.16, 135.37, 19.65], (164.8743, 622.7595, 1480.892)]
[3098.68, [440.0, 69.0, 29.0, 13.69, 314.18, 17.77, 277.42, 14.62, 215.33, 21.16, 68.94, 21.96], (174.6196, 635.1508, 1394.033)]
[5595.65, [440, 69, 29, 60.66, 355.22, 17.58, 266.07, 17.97, 193.71, 17.84, 93.01, 20.96], (195.9062, 661.5646, 1511.972)]
[5807.73, [440, 69, 29, 32.55, 323.38, 21.09, 245.27, 15.36, 203.0, 20.02, 74.54, 18.63], (197.7902, 662.066, 1493.881)]
[6025.23, [440.0, 69.0, 29.0, 13.69, 304.31, 19.31, 230.01, 20.62, 206.91, 21.53, 87.51, 22.78], (65.39939, 144.3617, 950.6009)]
[9770.47, [440.0, 69.0, 29.0, 35.38, 339.01, 17.77, 282.68, 20.72, 196.31, 20.59, 118.65, 18.51], (35.44981, 163.6188, 1408.189)]
[11638.94, [440.0, 69.0, 29.0, 60.98, 361.79, 17.59, 289.42, 20.2, 189.21, 22.9, 75.27, 22.86], (21.56121, 471.7289, 1137.881)]
[66125.47, [440.0, 69.0, 29.0, 35.38, 339.01, 17.77, 282.68, 18.97, 201.52, 24.82, 101.5, 21.96], (477.5355, 1197.879, 2193.747)]
[69475.09, [440.0, 69.0, 29.0, 38.95, 356.2, 18.92, 276.92, 18.85, 195.04, 22.9, 75.96, 22.86], (489.9869, 1144.821, 2087.556)]

Population size: 30
Number of couples: 13
Number of kept parents: 0
Best parent kept: True
Mutation Probability: 0.2
Mutation range (x, y): 15, 1.5
Number of Parameters: 4
Length, Width, Height: [440, 69, 29]
Target Frequencies: (130.8, 523.2, 1308.0)

Written time: 28/03/2023 15:43:44