[28.65, [440.0, 69.0, 29.0, 42.91, 365.32, 19.31, 277.42, 22.14, 212.05, 22.57, 139.52, 19.65], (130.5156, 533.7188, 1308.837)]
[29.68, [440.0, 69.0, 29.0, 45.09, 365.32, 19.44, 281.68, 21.87, 215.76, 22.69, 135.37, 19.65], (130.8118, 530.9513, 1297.712)]
[30.09, [440.0, 69.0, 29.0, 40.67, 361.79, 19.49, 277.42, 21.69, 207.1, 22.57, 135.37, 20.27], (131.1583, 526.4615, 1288.206)]
[30.86, [440.0, 69.0, 29.0, 42.04, 365.32, 19.44, 277.42, 21.69, 212.05, 22.57, 135.37, 20.49], (130.6995, 524.4366, 1280.552)]
[34.78, [440.0, 69.0, 29.0, 42.91, 368.02, 19.44, 278.45, 21.87, 214.98, 22.69, 135.37, 19.65], (130.8647, 530.1056, 1290.645)]
[35.14, [440.0, 69.0, 29.0, 40.67, 361.79, 19.49, 277.42, 21.87, 215.76, 22.69, 135.37, 19.65], (131.3797, 534.5958, 1305.762)]
[35.17, [440.0, 69.0, 29.0, 42.91, 365.32, 19.98, 277.42, 21.87, 215.76, 22.69, 135.37, 19.65], (130.2583, 526.5707, 1285.244)]
[35.92, [440.0, 69.0, 29.0, 46.13, 361.32, 19.77, 277.42, 22.14, 212.05, 22.57, 139.52, 19.65], (129.8758, 531.7175, 1313.746)]
[39.29, [440.0, 69.0, 29.0, 42.91, 365.32, 19.52, 277.42, 22.03, 214.98, 22.69, 135.37, 19.65], (129.7552, 528.3635, 1292.298)]
[39.36, [440.0, 69.0, 29.0, 42.91, 365.32, 19.52, 277.42, 22.03, 214.98, 22.69, 135.37, 19.65], (129.7552, 528.3635, 1292.23)]
[39.38, [440.0, 69.0, 29.0, 42.04, 365.32, 19.49, 277.42, 22.03, 214.98, 22.69, 135.37, 19.65], (129.8231, 528.5015, 1291.528)]
[44.77, [440.0, 69.0, 29.0, 42.04, 365.32, 19.21, 277.33, 21.78, 212.05, 22.69, 135.37, 19.65], (131.908, 535.3325, 1305.226)]
[46.1, [440.0, 69.0, 29.0, 42.04, 365.32, 19.49, 272.97, 21.82, 216.7, 22.69, 135.37, 19.65], (131.9525, 536.6791, 1307.967)]
[46.16, [440.0, 69.0, 29.0, 40.2, 365.32, 19.44, 277.42, 21.69, 215.95, 22.57, 135.37, 20.26], (131.8082, 529.624, 1288.027)]
[47.27, [440.0, 69.0, 29.0, 42.91, 365.32, 19.44, 277.42, 21.86, 212.05, 22.57, 135.76, 19.62], (132.0969, 534.1704, 1302.928)]
[51.46, [440.0, 69.0, 29.0, 42.91, 365.32, 19.44, 277.42, 21.87, 215.76, 22.69, 135.37, 19.35], (132.0585, 537.4636, 1309.68)]
[52.54, [440.0, 69.0, 29.0, 45.09, 361.79, 18.75, 277.42, 22.39, 207.09, 22.57, 135.37, 19.65], (128.6711, 530.3213, 1311.672)]
[53.41, [440.0, 69.0, 29.0, 40.67, 361.79, 19.21, 277.42, 21.87, 215.76, 22.69, 135.37, 19.65], (131.8423, 537.9395, 1313.92)]
[53.61, [440.0, 69.0, 29.0, 38.57, 365.32, 19.11, 277.42, 21.78, 212.05, 22.69, 135.37, 19.65], (132.1566, 535.6566, 1301.329)]
[59.9, [440.0, 69.0, 29.0, 32.48, 365.32, 19.1, 277.42, 21.87, 215.76, 22.69, 135.37, 19.65], (132.0949, 534.9474, 1292.201)]
[85.2, [440.0, 69.0, 29.0, 43.03, 365.32, 19.44, 275.67, 22.0, 207.52, 22.69, 135.37, 20.14], (128.121, 519.4009, 1276.147)]
[103.03, [440.0, 69.0, 29.0, 35.94, 365.32, 19.11, 277.42, 21.49, 210.89, 22.69, 132.39, 19.65], (133.9592, 537.2077, 1296.146)]
[163.92, [440.0, 69.0, 29.0, 42.91, 365.32, 19.44, 277.42, 22.0, 212.05, 22.69, 135.37, 20.14], (128.3962, 569.3971, 1319.158)]
[997.47, [440.0, 69.0, 29.0, 40.67, 361.79, 19.21, 277.42, 22.03, 214.98, 22.69, 135.37, 19.65], (130.5852, 902.217, 1356.931)]
[2845.31, [440.0, 69.0, 29.0, 42.91, 365.32, 19.44, 280.49, 21.87, 215.76, 23.14, 135.37, 19.65], (127.0409, 1260.441, 2237.327)]
[2907.8, [440.0, 69.0, 29.0, 45.09, 363.96, 19.44, 277.42, 21.69, 212.05, 22.57, 135.37, 20.01], (93.87776, 503.1842, 693.7738)]
[3084.54, [440.0, 69.0, 29.0, 42.91, 361.32, 19.54, 277.42, 22.14, 212.05, 22.57, 139.52, 19.65], (135.6017, 1316.382, 2304.363)]
[4946.87, [440, 69, 29, 67.35, 302.8, 21.99, 256.27, 16.9, 148.24, 21.38, 140.63, 17.08], (185.7174, 692.1145, 1762.864)]
[74529.11, [440.0, 69.0, 29.0, 42.91, 361.32, 19.44, 277.96, 21.87, 215.18, 22.69, 135.37, 19.65], (502.2527, 1307.175, 2286.694)]
[82309.75, [440.0, 69.0, 29.0, 42.04, 365.32, 19.49, 277.42, 22.03, 211.69, 22.69, 135.37, 19.65], (528.7275, 1294.345, 2310.831)]

Population size: 30
Number of couples: 14
Number of kept parents: 0
Best parent kept: True
Mutation Probability: 0.08
Mutation range (x, y): 5, 0.5
Number of Parameters: 4
Length, Width, Height: [440, 69, 29]
Target Frequencies: (130.8, 523.2, 1308.0)

Written time: 10/05/2023 20:10:20