[29.69, [440.0, 69.0, 29.0, 43.03, 365.32, 19.44, 275.67, 21.69, 207.52, 22.69, 135.37, 20.14], (130.459, 525.8715, 1286.981)]
[31.65, [440.0, 69.0, 29.0, 42.04, 365.32, 19.7, 277.33, 21.83, 214.98, 22.85, 141.0, 19.65], (130.2348, 533.4768, 1306.29)]
[34.19, [440.0, 69.0, 29.0, 42.91, 369.96, 19.44, 278.45, 21.87, 212.35, 22.69, 139.52, 19.65], (130.9771, 531.7353, 1295.893)]
[34.81, [440.0, 69.0, 29.0, 42.91, 368.02, 19.44, 278.45, 21.87, 214.98, 22.69, 135.37, 19.65], (130.8647, 530.1056, 1290.617)]
[35.73, [440.0, 69.0, 29.0, 42.91, 368.02, 19.44, 277.33, 21.87, 215.76, 22.69, 134.63, 19.65], (130.9392, 530.4282, 1290.863)]
[37.92, [440.0, 69.0, 29.0, 42.91, 365.32, 19.98, 273.43, 22.14, 212.05, 22.57, 139.52, 19.65], (129.5463, 527.6289, 1295.186)]
[38.73, [440.0, 69.0, 29.0, 42.04, 360.62, 19.69, 278.45, 21.87, 212.35, 22.69, 139.52, 19.65], (131.1476, 535.2796, 1314.485)]
[38.75, [440.0, 69.0, 29.0, 42.91, 368.02, 19.7, 278.45, 21.97, 214.98, 22.57, 139.52, 20.13], (129.8245, 524.8034, 1282.89)]
[38.94, [440.0, 69.0, 29.0, 38.94, 368.02, 19.44, 278.45, 21.87, 214.98, 22.57, 135.37, 20.13], (130.613, 524.5704, 1273.295)]
[39.53, [440.0, 69.0, 29.0, 42.91, 368.02, 19.44, 278.45, 21.97, 215.76, 22.69, 134.63, 19.65], (130.0988, 527.6803, 1285.546)]
[39.64, [440.0, 69.0, 29.0, 35.24, 365.32, 19.1, 278.22, 21.87, 215.76, 22.69, 135.37, 20.09], (130.5486, 528.4601, 1282.773)]
[43.66, [440.0, 69.0, 29.0, 42.91, 365.32, 19.98, 278.01, 21.78, 205.84, 22.69, 135.37, 19.65], (129.9104, 521.8513, 1276.106)]
[48.85, [440.0, 69.0, 29.0, 42.91, 365.32, 19.77, 277.42, 21.78, 210.82, 22.69, 135.37, 19.18], (132.1125, 534.5498, 1302.566)]
[49.36, [440.0, 69.0, 29.0, 42.91, 368.02, 19.52, 278.45, 21.87, 214.98, 22.57, 132.29, 20.1], (130.1032, 521.5371, 1268.618)]
[62.74, [440.0, 69.0, 29.0, 42.91, 368.02, 19.44, 278.45, 22.17, 214.98, 22.69, 135.37, 19.65], (128.5693, 523.8236, 1280.133)]
[70.84, [440.0, 69.0, 29.0, 42.91, 365.32, 19.98, 278.01, 21.78, 210.82, 23.02, 139.52, 19.65], (127.9314, 523.2648, 1285.912)]
[75.16, [440.0, 69.0, 29.0, 42.91, 368.02, 19.52, 278.45, 21.87, 214.98, 22.57, 132.29, 19.65], (131.4477, 528.0658, 1250.216)]
[75.85, [440.0, 69.0, 29.0, 43.03, 365.32, 19.46, 275.67, 21.69, 203.89, 22.57, 139.52, 19.65], (133.0796, 537.237, 1314.337)]
[83.02, [440.0, 69.0, 29.0, 42.04, 365.32, 19.49, 272.97, 22.14, 212.05, 22.91, 139.52, 19.71], (127.3594, 526.6521, 1297.427)]
[85.81, [440.0, 69.0, 29.0, 42.04, 365.32, 19.49, 272.97, 22.14, 207.1, 22.52, 135.37, 20.27], (128.3059, 518.4745, 1273.388)]
[96.62, [440.0, 69.0, 29.0, 42.04, 365.32, 19.7, 277.33, 21.83, 210.78, 22.29, 134.63, 19.65], (134.0325, 534.3336, 1297.327)]
[133.93, [440.0, 69.0, 29.0, 42.91, 368.02, 19.44, 278.45, 22.14, 212.05, 22.69, 135.37, 20.14], (127.1089, 515.6562, 1263.842)]
[2794.77, [440.0, 69.0, 29.0, 42.91, 368.02, 19.44, 278.45, 21.82, 214.98, 22.57, 135.37, 20.13], (130.9001, 1260.923, 2258.141)]
[2795.73, [440.0, 69.0, 29.0, 42.91, 368.02, 19.44, 278.45, 22.32, 212.05, 22.57, 136.51, 19.35], (129.0805, 1240.831, 2287.1)]
[2998.04, [440.0, 69.0, 29.0, 42.91, 368.02, 19.44, 278.45, 21.97, 214.98, 22.69, 135.37, 19.64], (130.4934, 1325.989, 2297.371)]
[4424.79, [440.0, 69.0, 29.0, 45.21, 365.32, 19.49, 272.97, 22.14, 212.05, 22.57, 139.52, 19.65], (90.97458, 132.5947, 372.9987)]
[5767.76, [440, 69, 29, 49.35, 340.87, 18.09, 243.7, 21.47, 187.86, 16.94, 104.26, 22.41], (174.3356, 1276.607, 2319.7)]
[81821.78, [440.0, 69.0, 29.0, 42.91, 371.17, 19.44, 277.33, 22.02, 215.76, 22.69, 134.63, 19.18], (527.2103, 1286.262, 2296.62)]
[82819.98, [440.0, 69.0, 29.0, 40.67, 364.32, 19.49, 277.42, 21.69, 212.05, 23.02, 139.52, 19.65], (530.3411, 1311.46, 2294.96)]
[96730.35, [440.0, 69.0, 29.0, 42.91, 368.02, 19.44, 278.45, 21.87, 214.98, 22.69, 139.52, 19.65], (574.5164, 1366.568, 2462.943)]

Population size: 30
Number of couples: 14
Number of kept parents: 0
Best parent kept: True
Mutation Probability: 0.08
Mutation range (x, y): 5, 0.5
Number of Parameters: 4
Length, Width, Height: [440, 69, 29]
Target Frequencies: (130.8, 523.2, 1308.0)

Written time: 10/05/2023 20:32:32