[15.95, [440.0, 69.0, 29.0, 42.91, 365.32, 19.44, 277.42, 22.03, 212.05, 22.57, 135.23, 19.65], (130.6319, 524.3229, 1295.542)]
[26.91, [440.0, 69.0, 29.0, 45.09, 365.32, 19.44, 277.42, 21.87, 212.05, 22.69, 135.37, 19.65], (130.7632, 531.2932, 1301.39)]
[27.38, [440.0, 69.0, 29.0, 45.09, 365.32, 19.44, 277.42, 21.87, 212.05, 22.69, 135.37, 19.65], (130.7632, 531.2929, 1300.919)]
[28.38, [440.0, 69.0, 29.0, 42.91, 361.32, 19.44, 277.42, 21.87, 212.05, 22.69, 135.37, 19.65], (131.0609, 533.7292, 1308.726)]
[30.96, [440.0, 69.0, 29.0, 45.09, 365.32, 19.44, 277.42, 21.87, 215.76, 22.69, 135.37, 19.65], (131.1368, 533.5843, 1304.96)]
[31.37, [440.0, 69.0, 29.0, 40.67, 361.79, 19.21, 277.42, 21.87, 210.89, 22.69, 132.39, 19.65], (131.0166, 531.7261, 1298.955)]
[34.38, [440.0, 69.0, 29.0, 47.49, 365.32, 19.44, 277.42, 21.69, 212.05, 22.57, 135.37, 20.14], (131.6894, 530.7261, 1300.82)]
[37.38, [440.0, 69.0, 29.0, 42.91, 365.32, 19.44, 277.42, 22.03, 214.98, 22.69, 135.37, 19.65], (129.8917, 529.3359, 1294.616)]
[40.98, [440.0, 69.0, 29.0, 42.91, 365.32, 19.44, 277.42, 21.87, 212.05, 22.94, 135.37, 19.27], (129.6237, 531.3942, 1300.263)]
[41.41, [440.0, 69.0, 29.0, 42.04, 365.32, 19.49, 277.42, 21.69, 212.05, 22.57, 135.37, 20.15], (131.6921, 528.8212, 1289.072)]
[43.15, [440.0, 69.0, 29.0, 42.04, 365.32, 19.44, 277.42, 21.69, 212.05, 22.57, 135.37, 20.14], (131.8048, 529.5719, 1290.853)]
[47.38, [440.0, 69.0, 29.0, 42.04, 365.32, 19.11, 277.42, 21.78, 212.05, 22.69, 135.37, 19.65], (132.0642, 536.4638, 1308.002)]
[53.04, [440.0, 69.0, 29.0, 32.48, 361.79, 18.75, 277.42, 22.39, 207.09, 22.57, 135.37, 19.65], (129.0847, 527.9637, 1289.331)]
[59.7, [440.0, 69.0, 29.0, 38.95, 359.0, 18.63, 277.42, 21.87, 212.05, 22.69, 135.37, 19.99], (131.5652, 539.0454, 1321.39)]
[62.43, [440.0, 69.0, 29.0, 42.91, 365.32, 19.06, 277.42, 21.87, 212.05, 22.57, 135.37, 19.65], (132.5286, 537.649, 1311.577)]
[80.62, [440.0, 69.0, 29.0, 42.91, 365.32, 19.52, 277.42, 22.0, 212.05, 22.69, 135.37, 20.14], (128.2639, 520.0652, 1275.602)]
[98.4, [440.0, 69.0, 29.0, 45.5, 361.32, 19.44, 277.42, 21.57, 212.05, 22.69, 135.37, 19.65], (133.2747, 540.5858, 1324.01)]
[107.53, [440.0, 69.0, 29.0, 45.09, 365.32, 19.44, 277.42, 21.67, 212.05, 22.77, 139.05, 19.27], (133.1126, 543.6396, 1329.261)]
[145.71, [440.0, 69.0, 29.0, 40.67, 361.79, 19.21, 277.42, 21.67, 212.05, 22.77, 139.05, 19.27], (133.844, 548.1652, 1338.193)]
[167.11, [440.0, 69.0, 29.0, 45.09, 365.32, 19.44, 274.6, 21.87, 212.05, 22.17, 135.37, 19.65], (135.5944, 542.8324, 1321.048)]
[220.45, [440.0, 69.0, 29.0, 42.91, 365.32, 19.44, 277.42, 22.03, 212.05, 22.77, 139.05, 19.27], (130.344, 539.7146, 1484.081)]
[338.44, [440.0, 69.0, 29.0, 38.95, 354.59, 18.63, 274.6, 21.87, 212.05, 22.17, 135.37, 19.65], (137.9318, 559.5094, 1365.212)]
[372.43, [440.0, 69.0, 29.0, 38.62, 364.66, 19.44, 277.42, 21.87, 212.05, 22.69, 138.96, 19.65], (138.3851, 583.704, 1320.27)]
[1406.26, [440.0, 69.0, 29.0, 42.91, 365.32, 19.06, 277.42, 21.87, 214.98, 22.69, 135.37, 19.65], (131.7319, 272.6036, 537.2225)]
[1768.98, [440, 69, 29, 29.85, 332.67, 19.6, 231.2, 21.49, 167.42, 20.6, 77.72, 22.54], (123.4454, 141.9012, 691.7143)]
[2529.03, [440.0, 69.0, 29.0, 42.91, 365.32, 19.21, 273.21, 21.87, 212.05, 22.69, 130.79, 20.13], (129.9364, 1147.712, 2267.728)]
[17296.47, [440.0, 69.0, 29.0, 42.91, 365.32, 19.06, 277.42, 21.87, 212.05, 22.69, 135.37, 19.65], (257.8585, 1303.733, 2331.077)]
[73888.79, [440.0, 69.0, 29.0, 42.91, 365.32, 19.52, 275.22, 22.61, 214.98, 22.69, 135.37, 20.1], (500.3652, 1249.352, 2335.907)]
[80947.41, [440.0, 69.0, 29.0, 42.91, 365.15, 19.44, 278.45, 21.87, 214.98, 22.69, 135.37, 19.65], (524.1047, 1298.509, 2317.3)]
[92796.72, [440.0, 69.0, 29.0, 38.95, 361.79, 19.44, 277.42, 21.39, 213.12, 22.69, 135.37, 19.65], (563.2464, 1318.006, 2188.984)]

Population size: 30
Number of couples: 14
Number of kept parents: 0
Best parent kept: True
Mutation Probability: 0.08
Mutation range (x, y): 5, 0.5
Number of Parameters: 4
Length, Width, Height: [440, 69, 29]
Target Frequencies: (130.8, 523.2, 1308.0)

Written time: 10/05/2023 18:29:37