[6.67, [440.0, 69.0, 29.0, 44.78, 343.71, 18.63, 284.82, 20.42, 168.2, 23.47, 126.8, 20.13], (130.9778, 524.8107, 1303.686)]
[19.55, [440.0, 69.0, 29.0, 44.78, 348.21, 18.63, 280.09, 20.56, 168.2, 23.47, 126.8, 20.13], (130.2809, 521.5509, 1293.836)]
[27.66, [440.0, 69.0, 29.0, 38.95, 364.0, 18.95, 277.42, 22.65, 214.7, 22.13, 135.37, 19.32], (131.9022, 537.6646, 1309.621)]
[32.83, [440.0, 69.0, 29.0, 29.93, 361.79, 18.95, 277.42, 22.65, 214.7, 22.13, 135.37, 19.65], (131.5589, 532.7905, 1291.373)]
[41.56, [440.0, 69.0, 29.0, 56.94, 345.27, 18.32, 280.09, 18.97, 198.27, 23.38, 101.5, 21.96], (131.3366, 524.6823, 1271.853)]
[47.73, [440.0, 69.0, 29.0, 38.95, 365.32, 18.95, 277.42, 22.39, 212.05, 22.51, 135.7, 19.79], (128.9883, 526.7029, 1288.159)]
[53.53, [440.0, 69.0, 29.0, 38.95, 361.79, 18.75, 277.42, 22.39, 208.0, 22.77, 135.37, 19.27], (128.1197, 531.0551, 1306.206)]
[76.38, [440.0, 69.0, 29.0, 39.9, 345.27, 18.32, 280.09, 18.97, 198.27, 23.51, 101.5, 21.96], (130.228, 519.2011, 1239.947)]
[82.35, [440.0, 69.0, 29.0, 31.42, 355.65, 20.49, 284.95, 20.39, 202.41, 23.83, 133.28, 19.65], (128.6996, 519.2852, 1260.001)]
[91.8, [440.0, 69.0, 29.0, 38.95, 365.32, 18.95, 277.42, 22.36, 212.05, 22.77, 135.37, 19.65], (127.2267, 523.9193, 1284.463)]
[98.92, [440.0, 69.0, 29.0, 38.95, 365.32, 18.95, 277.42, 22.39, 212.05, 22.77, 135.37, 19.65], (126.9931, 523.2923, 1283.45)]
[109.28, [440.0, 69.0, 29.0, 45.52, 342.25, 18.32, 280.09, 22.39, 213.66, 22.77, 129.5, 19.67], (128.5213, 541.7209, 1364.366)]
[113.82, [440.0, 69.0, 29.0, 32.48, 361.79, 18.95, 277.42, 22.58, 212.05, 22.77, 139.14, 19.65], (126.3968, 524.9149, 1288.291)]
[115.83, [440.0, 69.0, 29.0, 13.69, 345.58, 18.32, 280.09, 18.97, 198.27, 23.56, 101.5, 21.96], (131.2392, 515.0029, 1203.279)]
[116.07, [440.0, 69.0, 29.0, 28.07, 363.19, 18.95, 277.42, 22.39, 212.05, 22.77, 132.37, 19.65], (127.2553, 519.6998, 1262.167)]
[119.7, [440.0, 69.0, 29.0, 28.07, 361.79, 18.32, 286.12, 20.27, 202.41, 23.83, 133.28, 20.9], (127.0459, 521.6724, 1262.565)]
[126.58, [440.0, 69.0, 29.0, 13.69, 345.58, 18.72, 280.09, 18.97, 198.27, 23.56, 101.57, 21.96], (130.9733, 511.5017, 1193.838)]
[127.01, [440.0, 69.0, 29.0, 45.33, 334.07, 18.32, 280.09, 22.28, 213.66, 22.79, 129.5, 19.67], (129.748, 550.6672, 1396.753)]
[136.33, [440.0, 69.0, 29.0, 28.07, 361.79, 18.79, 277.42, 18.49, 199.12, 23.56, 101.5, 22.11], (131.4499, 511.9796, 1188.128)]
[140.79, [440.0, 69.0, 29.0, 38.95, 345.58, 18.95, 277.42, 22.12, 212.05, 22.39, 135.37, 19.65], (133.8902, 551.8706, 1365.795)]
[170.09, [440.0, 69.0, 29.0, 35.38, 334.87, 18.79, 277.42, 22.65, 214.7, 22.13, 135.37, 19.65], (133.7035, 558.2958, 1393.52)]
[171.92, [440.0, 69.0, 29.0, 28.07, 361.79, 19.1, 277.42, 21.98, 214.7, 22.13, 135.37, 19.57], (136.8689, 545.3929, 1308.214)]
[192.13, [440.0, 69.0, 29.0, 45.33, 340.42, 18.32, 277.55, 22.65, 214.7, 22.13, 135.37, 19.65], (133.7942, 561.2108, 1410.307)]
[455.24, [440.0, 69.0, 29.0, 45.33, 350.27, 18.32, 283.65, 19.23, 197.24, 23.56, 129.5, 19.67], (140.917, 573.2252, 1391.423)]
[890.29, [440.0, 69.0, 29.0, 56.94, 337.73, 18.32, 280.09, 22.4, 213.07, 23.23, 101.5, 21.96], (113.2686, 469.3037, 1205.654)]
[1486.02, [440.0, 69.0, 29.0, 28.07, 361.79, 18.45, 277.42, 22.57, 212.05, 22.77, 135.37, 19.65], (127.1798, 1117.015, 2131.324)]
[10002.79, [440.0, 69.0, 29.0, 32.48, 362.14, 18.95, 272.65, 22.39, 212.05, 22.77, 135.37, 19.65], (38.78099, 127.8342, 527.6383)]
[45754.85, [440.0, 69.0, 29.0, 38.95, 365.32, 18.32, 280.09, 19.17, 198.27, 23.56, 101.5, 20.72], (399.9931, 1212.578, 2206.681)]
[76755.24, [440.0, 69.0, 29.0, 13.69, 345.58, 18.32, 280.09, 18.97, 198.27, 23.56, 101.5, 21.96], (514.7676, 1203.05, 2144.588)]
[95051.91, [440, 69, 29, 43.32, 364.3, 19.74, 234.2, 21.25, 158.08, 18.38, 81.37, 15.22], (573.56, 1376.476, 2341.679)]

Population size: 30
Number of couples: 14
Number of kept parents: 0
Best parent kept: True
Mutation Probability: 0.25
Mutation range (x, y): 5, 0.5
Number of Parameters: 4
Length, Width, Height: [440, 69, 29]
Target Frequencies: (130.8, 523.2, 1308.0)

Written time: 28/03/2023 16:33:25