[456.36, [440.0, 69.0, 29.0, 38.68, 364.3, 17.77, 286.77, 19.51, 198.27, 23.56, 101.5, 22.78], (121.9162, 485.5319, 1154.095)]
[481.44, [440.0, 69.0, 29.0, 35.38, 334.87, 18.32, 275.57, 19.06, 148.37, 22.59, 80.06, 21.96], (141.5174, 513.0486, 1187.57)]
[509.93, [440.0, 69.0, 29.0, 60.98, 345.58, 18.32, 280.09, 19.13, 148.37, 22.32, 74.28, 21.96], (141.6634, 506.6176, 1172.705)]
[577.45, [440.0, 69.0, 29.0, 38.95, 361.79, 17.77, 277.42, 20.27, 202.41, 22.77, 133.28, 19.65], (143.4945, 575.2955, 1381.062)]
[626.66, [440.0, 69.0, 29.0, 33.97, 364.3, 17.77, 277.42, 20.27, 212.05, 22.77, 135.37, 19.65], (144.3236, 579.9198, 1380.617)]
[856.51, [440.0, 69.0, 29.0, 48.12, 361.73, 20.49, 280.56, 18.85, 189.21, 22.77, 135.37, 19.65], (148.7845, 566.8415, 1358.182)]
[1002.57, [440.0, 69.0, 29.0, 34.88, 345.58, 18.32, 280.09, 19.06, 148.37, 22.36, 141.87, 21.41], (150.72, 568.3701, 1376.335)]
[1179.9, [440.0, 69.0, 29.0, 21.77, 305.55, 19.95, 239.45, 20.63, 199.15, 23.26, 139.8, 19.65], (142.3703, 378.2132, 666.6534)]
[1183.44, [440.0, 69.0, 29.0, 35.38, 360.99, 18.32, 280.09, 19.06, 148.37, 21.16, 68.15, 21.96], (152.7654, 518.9215, 1158.292)]
[1189.64, [440.0, 69.0, 29.0, 35.38, 354.18, 18.32, 280.09, 19.06, 149.81, 21.16, 74.28, 21.96], (153.251, 525.7643, 1184.711)]
[1495.95, [440.0, 69.0, 29.0, 35.38, 363.5, 17.07, 280.09, 19.06, 158.26, 21.16, 74.28, 20.89], (157.689, 548.9738, 1232.143)]
[1688.52, [440, 69, 29, 59.26, 320.37, 20.8, 279.3, 18.7, 180.65, 22.28, 143.07, 19.82], (157.0643, 616.1296, 1557.582)]
[1854.93, [440.0, 69.0, 29.0, 38.68, 364.3, 17.77, 277.42, 18.85, 192.25, 21.53, 99.28, 19.24], (161.9766, 591.2834, 1354.074)]
[2018.93, [440.0, 69.0, 29.0, 35.38, 345.58, 18.32, 280.09, 19.06, 151.74, 23.39, 134.25, 15.28], (109.9213, 155.6659, 610.6196)]
[2108.36, [440.0, 69.0, 29.0, 54.94, 333.53, 21.53, 279.68, 16.08, 210.69, 23.31, 151.6, 20.11], (161.793, 649.4786, 1564.66)]
[2154.78, [440.0, 69.0, 29.0, 13.69, 314.18, 19.91, 239.49, 19.52, 200.19, 21.96, 87.03, 17.2], (164.2276, 619.9239, 1433.39)]
[2720.52, [440.0, 69.0, 29.0, 27.19, 307.48, 20.1, 247.45, 16.63, 203.98, 23.56, 87.54, 16.83], (169.4662, 650.4556, 1496.917)]
[2998.62, [440.0, 69.0, 29.0, 54.94, 333.53, 20.16, 279.68, 14.2, 196.68, 21.16, 68.94, 21.96], (174.2015, 612.1079, 1358.433)]
[3058.85, [440.0, 69.0, 29.0, 35.44, 307.48, 20.1, 247.45, 16.63, 203.98, 22.77, 87.03, 17.79], (172.8741, 652.4774, 1508.459)]
[4449.11, [440, 69, 29, 60.74, 319.8, 19.66, 264.8, 19.91, 190.71, 16.96, 133.56, 22.67], (185.0392, 657.5274, 1628.212)]
[4807.71, [440.0, 69.0, 29.0, 46.39, 304.31, 18.93, 249.77, 18.13, 173.03, 23.11, 143.69, 19.09], (165.802, 1680.443, 2887.66)]
[5989.28, [440.0, 69.0, 29.0, 51.97, 309.37, 20.82, 250.22, 17.47, 183.11, 16.94, 127.15, 22.86], (197.9175, 676.0636, 1645.799)]
[7189.59, [440, 69, 29, 54.08, 330.52, 20.59, 276.01, 17.7, 188.62, 16.33, 125.27, 20.86], (207.3746, 690.606, 1629.382)]
[8173.49, [440.0, 69.0, 29.0, 52.17, 338.74, 21.03, 260.24, 17.83, 194.38, 16.86, 127.79, 22.74], (46.10341, 192.9546, 1356.558)]
[9975.25, [440.0, 69.0, 29.0, 35.38, 354.95, 18.32, 292.88, 14.72, 150.32, 20.96, 102.83, 16.04], (37.24232, 206.7501, 698.5856)]
[10707.51, [440.0, 69.0, 29.0, 22.13, 364.47, 21.47, 280.09, 19.06, 143.4, 21.16, 88.76, 21.96], (34.04244, 149.3957, 491.8934)]
[11248.25, [440.0, 69.0, 29.0, 11.12, 313.65, 21.66, 220.02, 17.78, 153.67, 21.16, 74.28, 21.96], (29.91621, 166.001, 549.8052)]
[11846.55, [440.0, 69.0, 29.0, 35.49, 347.44, 21.08, 255.11, 21.46, 192.45, 20.11, 116.09, 21.12], (21.23131, 146.3873, 1308.63)]
[97526.04, [440.0, 69.0, 29.0, 13.69, 306.65, 20.75, 263.69, 16.53, 218.85, 22.06, 109.42, 22.78], (580.6584, 1323.795, 2619.079)]
[98763.2, [440.0, 69.0, 29.0, 38.68, 364.3, 17.77, 277.42, 20.63, 198.27, 21.74, 87.03, 16.73], (585.1995, 1358.281, 2373.376)]

Population size: 30
Number of couples: 13
Number of kept parents: 0
Best parent kept: True
Mutation Probability: 0.2
Mutation range (x, y): 15, 1.5
Number of Parameters: 4
Length, Width, Height: [440, 69, 29]
Target Frequencies: (130.8, 523.2, 1308.0)

Written time: 28/03/2023 14:31:23