[9.22, [440.0, 69.0, 29.0, 44.78, 343.71, 18.63, 284.82, 20.42, 165.12, 23.47, 126.8, 20.13], (130.9145, 523.0557, 1299.455)]
[26.38, [440.0, 69.0, 29.0, 42.91, 365.32, 19.44, 277.42, 21.87, 212.05, 22.69, 135.37, 19.65], (130.8097, 530.8031, 1296.837)]
[27.1, [440.0, 69.0, 29.0, 47.88, 343.71, 18.72, 284.82, 20.42, 168.2, 23.47, 130.79, 20.13], (131.2463, 528.3995, 1321.716)]
[30.93, [440.0, 69.0, 29.0, 42.91, 365.32, 19.44, 277.42, 21.87, 212.33, 22.77, 139.14, 19.49], (131.031, 536.0449, 1312.134)]
[31.62, [440.0, 69.0, 29.0, 38.95, 365.32, 19.44, 277.42, 21.87, 210.9, 22.69, 135.61, 19.65], (130.8333, 529.5481, 1289.139)]
[32.93, [440.0, 69.0, 29.0, 47.88, 343.71, 18.63, 284.82, 20.42, 168.2, 23.47, 130.79, 20.13], (131.3628, 529.4289, 1324.253)]
[78.96, [440.0, 69.0, 29.0, 38.95, 361.79, 18.63, 288.51, 20.42, 168.2, 23.47, 130.79, 20.13], (130.267, 513.698, 1251.935)]
[104.66, [440.0, 69.0, 29.0, 32.48, 361.79, 18.95, 275.22, 22.62, 214.98, 22.69, 135.37, 19.65], (126.8801, 524.6994, 1283.949)]
[113.94, [440.0, 69.0, 29.0, 36.68, 365.15, 18.63, 284.82, 20.42, 165.12, 23.47, 126.8, 20.13], (130.1404, 508.1595, 1229.498)]
[116.7, [440.0, 69.0, 29.0, 44.78, 348.21, 18.63, 280.09, 20.56, 168.2, 23.47, 135.09, 19.32], (133.4285, 540.4032, 1347.683)]
[128.56, [440.0, 69.0, 29.0, 42.91, 365.32, 18.44, 280.09, 18.97, 202.07, 23.38, 101.5, 21.96], (130.6005, 511.6274, 1203.474)]
[130.09, [440.0, 69.0, 29.0, 44.78, 343.71, 18.95, 284.95, 20.39, 201.98, 23.83, 133.28, 19.38], (131.6756, 551.8713, 1372.554)]
[130.32, [440.0, 69.0, 29.0, 38.95, 361.79, 18.82, 274.9, 22.39, 208.0, 23.05, 135.37, 19.27], (125.6678, 526.3194, 1300.187)]
[149.69, [440.0, 69.0, 29.0, 38.95, 359.19, 18.95, 277.42, 22.78, 214.7, 22.13, 133.28, 20.9], (126.5683, 512.6834, 1266.392)]
[154.9, [440.0, 69.0, 29.0, 56.94, 347.17, 18.32, 280.34, 20.27, 202.41, 23.83, 133.28, 20.9], (127.6917, 541.898, 1370.7)]
[161.75, [440.0, 69.0, 29.0, 47.88, 343.71, 18.75, 277.42, 22.39, 208.0, 22.77, 139.05, 19.27], (129.6353, 552.4358, 1398.706)]
[163.86, [440.0, 69.0, 29.0, 38.95, 365.32, 18.95, 280.09, 18.97, 198.27, 23.38, 101.5, 21.96], (130.4961, 505.0081, 1182.203)]
[3536.26, [440.0, 69.0, 29.0, 38.95, 364.0, 18.95, 277.42, 22.39, 208.0, 22.77, 135.37, 20.13], (97.20351, 125.336, 514.807)]
[4866.72, [440.0, 69.0, 29.0, 56.94, 345.27, 19.44, 277.42, 21.87, 212.05, 22.69, 135.37, 19.65], (151.143, 1740.176, 2823.236)]
[9552.82, [440.0, 69.0, 29.0, 42.91, 361.79, 18.75, 277.42, 22.39, 208.0, 22.77, 135.37, 19.27], (44.72115, 128.0107, 531.837)]
[10531.94, [440, 69, 29, 67.01, 344.61, 22.31, 232.63, 19.07, 163.75, 17.2, 144.93, 18.68], (191.6473, 2436.018, 3267.926)]
[12543.39, [440.0, 69.0, 29.0, 37.11, 361.79, 18.75, 277.42, 22.84, 208.0, 22.77, 101.5, 21.96], (25.1052, 113.7128, 449.8514)]
[27027.27, [440.0, 69.0, 29.0, 36.68, 365.32, 18.95, 277.42, 21.87, 212.05, 22.69, 135.37, 19.65], (309.8374, 1466.213, 2493.169)]
[81048.3, [440.0, 69.0, 29.0, 28.07, 361.79, 18.32, 286.69, 20.27, 203.64, 24.13, 132.99, 19.65], (528.8001, 865.9072, 2270.105)]
[81614.13, [440.0, 69.0, 29.0, 42.91, 365.32, 19.44, 284.95, 20.39, 201.98, 23.83, 133.28, 19.38], (530.2768, 948.7849, 2227.872)]
[92326.36, [440.0, 69.0, 29.0, 38.95, 361.79, 18.75, 277.42, 22.39, 208.0, 22.77, 135.37, 19.68], (562.3388, 1344.289, 2346.413)]
[97810.93, [440.0, 69.0, 29.0, 35.85, 349.84, 18.32, 280.09, 18.97, 199.83, 23.51, 135.37, 19.27], (578.7555, 1427.422, 2500.89)]
[100681.17, [440.0, 69.0, 29.0, 56.94, 345.27, 17.96, 277.42, 22.39, 212.05, 22.18, 138.74, 19.79], (587.0108, 1474.713, 2643.656)]
[171054.9, [440.0, 69.0, 29.0, 44.78, 343.71, 18.63, 284.82, 20.42, 165.12, 23.47, 126.8, 19.27], (786.8863, 1506.518, 2345.13)]
[213526.75, [440.0, 69.0, 29.0, 32.48, 361.79, 18.95, 275.22, 22.58, 214.98, 22.77, 139.14, 19.49], (893.9796, 1358.622, 2330.162)]

Population size: 30
Number of couples: 14
Number of kept parents: 0
Best parent kept: True
Mutation Probability: 0.08
Mutation range (x, y): 5, 0.5
Number of Parameters: 4
Length, Width, Height: [440, 69, 29]
Target Frequencies: (130.8, 523.2, 1308.0)

Written time: 28/03/2023 17:08:27