[54.05, [440.0, 69.0, 29.0, 60.98, 345.58, 18.32, 280.09, 18.97, 198.27, 23.56, 101.5, 21.96], (129.4674, 521.2483, 1271.283)]
[88.07, [440.0, 69.0, 29.0, 32.48, 361.79, 18.95, 277.42, 22.39, 212.05, 22.77, 135.37, 19.65], (127.462, 524.6678, 1282.386)]
[132.67, [440.0, 69.0, 29.0, 44.78, 345.27, 18.32, 280.09, 18.97, 198.27, 23.56, 92.83, 21.96], (128.7284, 510.8112, 1217.533)]
[183.06, [440.0, 69.0, 29.0, 38.95, 356.2, 17.59, 276.92, 18.85, 195.04, 22.9, 75.96, 22.86], (131.2045, 497.0689, 1153.644)]
[250.8, [440.0, 69.0, 29.0, 13.69, 361.79, 17.59, 289.42, 18.85, 189.21, 22.9, 75.27, 22.86], (132.0713, 488.3736, 1106.361)]
[317.34, [440.0, 69.0, 29.0, 54.94, 344.64, 20.16, 286.26, 19.13, 133.55, 23.03, 74.28, 21.96], (132.9359, 468.1297, 1076.948)]
[474.78, [440.0, 69.0, 29.0, 54.94, 344.64, 20.16, 279.68, 19.13, 210.78, 23.56, 89.64, 22.78], (121.5377, 481.5493, 1156.76)]
[489.07, [440.0, 69.0, 29.0, 45.33, 345.27, 18.32, 277.42, 22.39, 212.05, 23.92, 135.37, 19.65], (118.0894, 523.2399, 1343.872)]
[511.95, [440.0, 69.0, 29.0, 38.68, 378.7, 18.32, 273.02, 19.06, 162.27, 22.43, 80.06, 21.96], (140.6099, 498.8619, 1127.638)]
[528.61, [440.0, 69.0, 29.0, 54.94, 346.79, 20.62, 280.56, 19.17, 189.21, 22.13, 135.37, 22.13], (143.6828, 547.9176, 1349.491)]
[674.74, [440.0, 69.0, 29.0, 35.38, 334.87, 18.32, 263.62, 19.06, 171.11, 22.43, 80.06, 21.16], (146.1879, 540.0685, 1253.754)]
[703.72, [440.0, 69.0, 29.0, 35.38, 339.01, 17.77, 282.68, 20.37, 156.97, 22.36, 141.87, 20.13], (145.3451, 571.7237, 1408.479)]
[704.32, [440.0, 69.0, 29.0, 32.72, 361.79, 17.59, 277.42, 19.51, 133.55, 22.32, 74.28, 21.96], (141.4125, 587.8862, 1601.914)]
[768.63, [440.0, 69.0, 29.0, 32.48, 361.79, 17.59, 276.92, 18.85, 189.21, 24.28, 75.96, 22.86], (117.4742, 466.4507, 1082.57)]
[871.38, [440.0, 69.0, 29.0, 13.69, 304.31, 19.91, 243.1, 20.62, 206.91, 20.54, 87.51, 22.78], (149.993, 552.1479, 1306.408)]
[1168.4, [440, 69, 29, 32.55, 333.04, 21.98, 254.1, 20.72, 187.11, 20.59, 120.68, 18.51], (152.8873, 575.8034, 1385.759)]
[2209.57, [440.0, 69.0, 29.0, 37.26, 364.3, 19.91, 227.27, 19.52, 207.11, 21.16, 135.37, 19.65], (164.6452, 616.1864, 1455.58)]
[2839.21, [440.0, 69.0, 29.0, 33.97, 364.3, 17.77, 277.42, 14.62, 205.4, 21.16, 68.94, 21.96], (172.9073, 612.1739, 1325.885)]
[3057.55, [440.0, 69.0, 29.0, 54.94, 319.75, 21.43, 286.43, 19.6, 189.21, 22.9, 135.37, 20.62], (174.227, 595.6884, 1431.263)]
[3096.68, [440.0, 69.0, 29.0, 13.69, 314.18, 17.77, 277.42, 14.62, 215.33, 21.16, 68.94, 21.96], (174.6203, 634.9735, 1392.137)]
[3545.94, [440, 69, 29, 66.45, 334.21, 21.13, 242.47, 19.45, 201.83, 20.15, 127.98, 20.07], (168.1953, 636.0219, 2454.334)]
[4133.32, [440.0, 69.0, 29.0, 52.93, 331.11, 15.13, 274.51, 22.32, 141.58, 17.74, 80.03, 16.07], (176.0803, 1429.141, 1488.443)]
[5172.15, [440, 69, 29, 21.75, 312.63, 15.98, 232.65, 22.53, 149.84, 16.05, 113.68, 16.72], (190.3454, 737.3201, 1671.166)]
[10658.1, [440.0, 69.0, 29.0, 32.48, 314.18, 19.91, 247.47, 20.69, 206.91, 21.16, 82.92, 22.78], (34.17653, 141.2085, 529.7164)]
[13364.6, [440.0, 69.0, 29.0, 32.48, 361.79, 17.59, 276.92, 18.85, 189.21, 22.3, 75.96, 19.65], (242.2375, 1228.229, 2203.786)]
[19255.45, [440.0, 69.0, 29.0, 24.08, 365.32, 18.69, 280.09, 18.97, 188.66, 23.56, 101.5, 21.96], (277.9061, 1150.184, 2094.364)]
[23725.22, [440.0, 69.0, 29.0, 32.72, 361.96, 17.59, 277.42, 14.2, 195.77, 22.15, 93.37, 23.39], (305.7107, 1090.334, 1333.477)]
[56427.79, [440.0, 69.0, 29.0, 45.33, 345.27, 18.32, 280.09, 18.97, 198.27, 22.2, 101.5, 21.96], (438.6496, 1453.603, 2791.193)]
[77186.0, [440.0, 69.0, 29.0, 45.33, 345.27, 18.32, 262.55, 19.06, 148.37, 24.71, 135.37, 21.13], (514.8159, 1325.678, 2438.522)]
[103201.7, [440.0, 69.0, 29.0, 32.48, 361.79, 17.59, 276.92, 18.85, 203.14, 21.79, 75.96, 22.86], (600.1919, 1183.012, 2153.999)]

Population size: 30
Number of couples: 13
Number of kept parents: 0
Best parent kept: True
Mutation Probability: 0.2
Mutation range (x, y): 15, 1.5
Number of Parameters: 4
Length, Width, Height: [440, 69, 29]
Target Frequencies: (130.8, 523.2, 1308.0)

Written time: 28/03/2023 15:19:18