[23.34, [440.0, 69.0, 29.0, 45.09, 365.32, 19.44, 277.42, 21.87, 212.05, 22.69, 135.37, 19.65], (130.7632, 531.2929, 1300.919)]
[26.33, [440.0, 69.0, 29.0, 42.91, 365.32, 19.44, 277.42, 21.87, 212.05, 22.69, 135.37, 19.65], (130.81, 530.8125, 1296.906)]
[26.33, [440.0, 69.0, 29.0, 42.91, 365.32, 19.44, 277.42, 21.87, 212.05, 22.69, 135.37, 19.65], (130.81, 530.8125, 1296.906)]
[27.01, [440.0, 69.0, 29.0, 42.91, 365.32, 19.44, 277.42, 22.03, 212.05, 22.57, 135.23, 19.65], (130.6376, 529.6014, 1294.446)]
[32.8, [440.0, 69.0, 29.0, 40.67, 361.79, 19.21, 277.42, 21.87, 212.05, 22.69, 135.37, 19.65], (131.4825, 535.7457, 1310.074)]
[35.87, [440.0, 69.0, 29.0, 38.95, 361.79, 19.44, 277.42, 22.03, 212.05, 22.77, 139.05, 19.27], (130.6726, 537.2433, 1315.325)]
[36.88, [440.0, 69.0, 29.0, 42.91, 365.32, 19.44, 277.42, 21.87, 212.05, 22.94, 135.37, 19.27], (129.6237, 531.3942, 1300.263)]
[39.96, [440.0, 69.0, 29.0, 42.04, 365.32, 19.44, 277.42, 21.69, 212.05, 22.57, 135.37, 20.14], (131.8048, 529.5719, 1290.853)]
[40.06, [440.0, 69.0, 29.0, 42.91, 365.32, 19.06, 277.42, 21.87, 214.98, 22.69, 135.37, 19.65], (131.7335, 537.1841, 1304.924)]
[41.4, [440.0, 69.0, 29.0, 38.0, 368.89, 19.44, 277.42, 21.87, 215.97, 22.69, 138.14, 19.65], (131.4617, 532.7399, 1291.064)]
[50.66, [440.0, 69.0, 29.0, 32.48, 361.79, 18.75, 277.42, 22.39, 207.09, 22.57, 135.37, 19.65], (129.0847, 527.9637, 1289.331)]
[66.58, [440.0, 69.0, 29.0, 42.91, 365.32, 19.44, 277.42, 21.55, 212.05, 22.69, 135.37, 19.65], (133.2326, 537.4782, 1307.921)]
[76.01, [440.0, 69.0, 29.0, 38.62, 364.66, 19.44, 277.42, 21.87, 212.05, 22.69, 130.79, 20.13], (130.1367, 536.3615, 1263.719)]
[79.23, [440.0, 69.0, 29.0, 42.91, 365.32, 19.21, 277.42, 21.87, 212.05, 22.69, 135.37, 19.65], (133.3703, 539.7173, 1312.983)]
[117.12, [440.0, 69.0, 29.0, 42.91, 361.32, 19.44, 277.42, 21.67, 212.05, 22.77, 139.05, 19.27], (133.4142, 546.1113, 1337.027)]
[143.45, [440.0, 69.0, 29.0, 42.91, 365.32, 19.44, 277.42, 22.03, 212.05, 22.69, 127.53, 20.13], (127.3204, 512.2115, 1251.43)]
[189.38, [440.0, 69.0, 29.0, 42.91, 361.32, 18.75, 276.13, 22.84, 208.0, 22.69, 135.37, 19.65], (124.2739, 519.5864, 1292.566)]
[240.43, [440.0, 69.0, 29.0, 42.91, 365.32, 19.52, 275.22, 22.61, 214.98, 22.69, 135.37, 20.1], (124.1723, 511.0246, 1262.549)]
[243.46, [440.0, 69.0, 29.0, 42.91, 360.74, 19.52, 277.42, 21.87, 212.05, 22.77, 101.5, 19.65], (126.6847, 498.0399, 1198.344)]
[383.2, [440.0, 69.0, 29.0, 42.91, 365.32, 19.44, 288.51, 20.42, 212.05, 22.69, 135.37, 19.65], (140.4437, 554.5739, 1328.975)]
[1142.37, [440.0, 69.0, 29.0, 38.95, 359.0, 18.63, 274.6, 21.87, 212.05, 22.17, 135.37, 19.65], (137.6223, 357.923, 674.3816)]
[1977.28, [440.0, 69.0, 29.0, 42.91, 365.32, 19.44, 277.42, 22.03, 212.05, 22.57, 135.37, 19.65], (131.0108, 1102.474, 2125.762)]
[6976.23, [440.0, 69.0, 29.0, 42.91, 365.32, 19.52, 277.42, 21.87, 212.05, 22.69, 135.37, 20.15], (64.46434, 129.2016, 522.5879)]
[7326.9, [440.0, 69.0, 29.0, 46.84, 343.71, 18.63, 277.42, 22.03, 210.46, 22.69, 138.21, 19.45], (188.2268, 1418.313, 2492.844)]
[9327.07, [440.0, 69.0, 29.0, 38.95, 339.5, 19.06, 275.22, 22.61, 212.05, 22.69, 135.37, 20.15], (46.36103, 126.388, 533.7121)]
[10367.75, [440.0, 69.0, 29.0, 42.04, 365.32, 19.44, 277.42, 21.87, 212.05, 22.69, 127.53, 20.13], (39.04509, 130.2012, 515.3434)]
[11846.28, [440.0, 69.0, 29.0, 42.91, 365.32, 19.52, 277.42, 21.87, 212.05, 22.69, 135.37, 19.65], (32.87527, 33.88585, 130.6744)]
[11894.64, [440, 69, 29, 47.91, 359.08, 17.94, 242.92, 16.44, 192.89, 17.19, 125.59, 15.05], (236.2207, 809.2371, 1806.541)]
[12830.94, [440.0, 69.0, 29.0, 38.95, 361.79, 18.75, 276.13, 22.84, 208.0, 22.69, 135.37, 19.65], (235.7915, 1096.542, 2234.267)]
[71085.29, [440.0, 69.0, 29.0, 42.91, 365.32, 19.52, 277.42, 21.87, 212.05, 22.69, 135.37, 19.65], (491.6743, 1287.288, 2310.934)]

Population size: 30
Number of couples: 14
Number of kept parents: 0
Best parent kept: True
Mutation Probability: 0.08
Mutation range (x, y): 5, 0.5
Number of Parameters: 4
Length, Width, Height: [440, 69, 29]
Target Frequencies: (130.8, 523.2, 1308.0)

Written time: 28/03/2023 19:05:46