[29.2, [440.0, 69.0, 29.0, 42.04, 365.32, 19.49, 272.97, 22.14, 212.05, 22.57, 139.52, 19.65], (130.5357, 533.9485, 1308.969)]
[29.57, [440.0, 69.0, 29.0, 41.32, 361.32, 19.77, 277.42, 22.14, 212.05, 22.57, 139.52, 19.65], (129.9933, 530.7262, 1304.492)]
[29.68, [440.0, 69.0, 29.0, 45.09, 365.32, 19.44, 281.68, 21.87, 215.76, 22.69, 135.37, 19.65], (130.8118, 530.9513, 1297.712)]
[29.91, [440.0, 69.0, 29.0, 42.91, 365.32, 19.44, 277.42, 21.69, 212.05, 22.57, 135.37, 20.49], (130.6762, 524.5953, 1282.015)]
[32.18, [440.0, 69.0, 29.0, 42.91, 368.42, 19.31, 277.42, 22.14, 212.05, 22.57, 139.52, 19.65], (130.3186, 531.4771, 1299.849)]
[33.26, [440.0, 69.0, 29.0, 42.91, 368.02, 19.44, 275.92, 21.87, 214.98, 22.69, 135.37, 19.65], (131.0532, 531.5627, 1296.922)]
[34.05, [440.0, 69.0, 29.0, 46.13, 361.32, 19.77, 278.19, 22.14, 212.05, 22.57, 139.52, 19.65], (129.8187, 531.1982, 1312.333)]
[35.17, [440.0, 69.0, 29.0, 42.91, 365.32, 19.98, 277.42, 21.87, 215.76, 22.69, 135.37, 19.65], (130.2583, 526.5707, 1285.244)]
[35.57, [440.0, 69.0, 29.0, 42.91, 361.79, 19.49, 277.42, 21.87, 215.76, 22.69, 135.37, 19.65], (131.3231, 535.1065, 1310.02)]
[36.82, [440.0, 69.0, 29.0, 42.91, 368.02, 19.44, 278.45, 21.87, 214.98, 22.69, 139.52, 19.65], (131.3664, 534.7738, 1304.373)]
[39.29, [440.0, 69.0, 29.0, 42.91, 365.32, 19.52, 277.42, 22.03, 214.98, 22.69, 135.37, 19.65], (129.7552, 528.3635, 1292.298)]
[39.47, [440.0, 69.0, 29.0, 42.04, 365.32, 19.21, 277.33, 21.87, 215.76, 22.69, 134.63, 19.65], (131.5115, 534.9484, 1303.902)]
[44.42, [440.0, 69.0, 29.0, 42.91, 365.32, 19.31, 279.76, 22.14, 212.05, 22.57, 132.29, 19.65], (129.5169, 524.279, 1280.813)]
[47.48, [440.0, 69.0, 29.0, 42.91, 368.02, 19.44, 278.45, 21.87, 214.98, 22.69, 135.37, 20.13], (129.4238, 523.1554, 1276.775)]
[55.06, [440.0, 69.0, 29.0, 42.04, 365.32, 19.21, 277.33, 21.78, 215.64, 22.69, 135.37, 19.65], (132.2648, 537.5797, 1309.387)]
[60.9, [440.0, 69.0, 29.0, 32.48, 365.32, 19.1, 277.42, 21.87, 215.76, 22.69, 135.37, 19.65], (132.0949, 534.9468, 1291.199)]
[64.55, [440.0, 69.0, 29.0, 49.62, 361.79, 18.75, 277.42, 22.39, 207.09, 22.57, 135.37, 19.78], (128.2379, 529.3092, 1316.27)]
[85.2, [440.0, 69.0, 29.0, 43.03, 365.32, 19.44, 275.67, 22.0, 207.52, 22.69, 135.37, 20.14], (128.121, 519.4009, 1276.147)]
[98.95, [440.0, 69.0, 29.0, 40.67, 364.32, 19.49, 277.42, 21.69, 207.1, 22.57, 135.37, 20.27], (131.0117, 524.6509, 1213.651)]
[468.24, [440.0, 69.0, 29.0, 42.91, 365.32, 19.98, 278.01, 21.78, 210.82, 22.69, 135.37, 19.65], (139.6531, 567.1469, 1402.955)]
[2013.05, [440.0, 69.0, 29.0, 45.09, 365.32, 19.44, 281.68, 21.87, 215.76, 22.69, 135.37, 19.65], (130.9552, 1111.056, 1850.794)]
[3198.52, [440.0, 69.0, 29.0, 45.09, 365.32, 19.44, 281.68, 21.87, 215.76, 22.69, 135.37, 19.65], (131.1009, 1453.082, 2180.168)]
[6665.82, [440, 69, 29, 48.75, 309.89, 22.68, 252.1, 20.33, 196.88, 20.84, 73.9, 16.44], (170.2231, 1563.987, 2896.562)]
[27450.0, [440.0, 69.0, 29.0, 42.91, 365.32, 19.31, 277.42, 21.82, 216.7, 22.69, 135.37, 19.9], (314.3131, 1252.334, 2075.193)]
[29721.91, [440.0, 69.0, 29.0, 42.04, 365.32, 19.44, 277.42, 22.0, 212.05, 22.46, 135.37, 20.14], (321.7773, 1360.063, 2545.728)]
[75555.37, [440.0, 69.0, 29.0, 42.91, 365.32, 19.98, 277.42, 21.87, 215.76, 23.02, 135.37, 19.65], (503.695, 1397.979, 2668.577)]
[79809.24, [440.0, 69.0, 29.0, 42.91, 365.32, 19.31, 277.42, 22.14, 212.05, 22.57, 139.52, 19.65], (520.2488, 1306.867, 2302.467)]
[82977.54, [440.0, 69.0, 29.0, 45.09, 365.32, 19.44, 281.68, 21.87, 215.76, 22.69, 135.37, 19.65], (530.9367, 1293.914, 2317.745)]
[135317.07, [440.0, 69.0, 29.0, 42.91, 365.32, 19.31, 277.42, 22.14, 212.05, 22.57, 139.52, 19.65], (686.8869, 1728.64, 2477.869)]
[264698.79, [440.0, 69.0, 29.0, 40.67, 368.02, 19.44, 278.45, 21.87, 215.31, 22.69, 135.37, 19.65], (1005.423, 2170.288, 3227.839)]

Population size: 30
Number of couples: 14
Number of kept parents: 0
Best parent kept: True
Mutation Probability: 0.08
Mutation range (x, y): 5, 0.5
Number of Parameters: 4
Length, Width, Height: [440, 69, 29]
Target Frequencies: (130.8, 523.2, 1308.0)

Written time: 10/05/2023 20:17:22