[31.65, [440.0, 69.0, 29.0, 42.04, 365.32, 19.7, 277.33, 21.83, 214.98, 22.85, 141.0, 19.65], (130.2348, 533.4768, 1306.29)]
[32.7, [440.0, 69.0, 29.0, 43.03, 365.32, 19.44, 273.43, 22.14, 212.05, 22.57, 139.52, 19.65], (130.8099, 534.7345, 1311.85)]
[33.16, [440.0, 69.0, 29.0, 44.32, 365.32, 19.44, 278.45, 21.97, 215.76, 22.69, 134.63, 19.65], (130.2287, 529.8591, 1295.801)]
[37.87, [440.0, 69.0, 29.0, 35.24, 365.32, 19.1, 278.22, 21.87, 205.84, 22.69, 135.37, 19.65], (130.9541, 529.0602, 1285.383)]
[37.92, [440.0, 69.0, 29.0, 42.91, 365.32, 19.98, 273.43, 22.14, 212.05, 22.57, 139.52, 19.65], (129.5463, 527.6289, 1295.186)]
[38.43, [440.0, 69.0, 29.0, 44.32, 365.32, 19.44, 275.67, 22.17, 214.98, 22.61, 135.37, 19.65], (129.6223, 529.2727, 1297.53)]
[39.05, [440.0, 69.0, 29.0, 42.91, 365.32, 20.08, 271.67, 21.69, 211.37, 22.69, 135.37, 20.14], (129.9986, 522.411, 1278.095)]
[39.48, [440.0, 69.0, 29.0, 42.04, 365.32, 19.7, 277.33, 21.97, 215.76, 22.69, 134.63, 19.65], (129.9244, 526.952, 1286.092)]
[42.53, [440.0, 69.0, 29.0, 31.64, 365.32, 19.1, 280.02, 21.87, 205.84, 22.69, 135.37, 19.65], (130.9718, 527.3507, 1276.554)]
[44.15, [440.0, 69.0, 29.0, 44.32, 365.32, 19.44, 275.67, 21.69, 211.66, 22.69, 135.37, 20.56], (129.4546, 522.4623, 1281.299)]
[53.56, [440.0, 69.0, 29.0, 42.91, 370.57, 19.38, 278.45, 22.17, 214.98, 22.61, 135.37, 19.65], (129.2309, 524.2508, 1276.721)]
[60.38, [440.0, 69.0, 29.0, 43.03, 365.32, 19.44, 275.67, 21.69, 207.52, 22.69, 135.63, 20.56], (129.205, 520.107, 1275.493)]
[65.23, [440.0, 69.0, 29.0, 42.91, 368.02, 19.44, 275.67, 21.69, 207.52, 22.69, 135.37, 20.46], (129.341, 519.4263, 1269.827)]
[101.4, [440.0, 69.0, 29.0, 42.91, 369.96, 19.44, 278.45, 21.69, 207.52, 22.69, 135.37, 20.56], (128.6988, 515.1378, 1257.214)]
[109.17, [440.0, 69.0, 29.0, 42.91, 365.32, 19.98, 273.43, 21.34, 215.76, 22.69, 134.63, 19.65], (134.4488, 538.8172, 1307.568)]
[113.56, [440.0, 69.0, 29.0, 42.91, 365.32, 19.98, 278.01, 21.78, 215.76, 22.69, 135.37, 20.57], (128.0864, 514.7036, 1260.381)]
[149.64, [440.0, 69.0, 29.0, 43.03, 365.32, 19.7, 278.45, 21.97, 188.19, 21.87, 142.57, 19.16], (136.0342, 530.7368, 1319.045)]
[189.19, [440.0, 69.0, 29.0, 35.24, 365.2, 19.1, 278.22, 22.29, 215.76, 22.69, 135.37, 20.59], (125.9085, 512.4325, 1253.911)]
[209.95, [440.0, 69.0, 29.0, 35.24, 365.32, 19.1, 278.22, 22.35, 215.76, 22.69, 135.37, 20.59], (125.4632, 511.1138, 1251.558)]
[221.58, [440.0, 69.0, 29.0, 42.04, 368.23, 19.7, 277.33, 21.83, 214.98, 22.85, 141.0, 19.33], (123.3892, 527.8457, 1299.777)]
[303.37, [440.0, 69.0, 29.0, 52.22, 329.19, 22.68, 260.51, 20.82, 214.98, 22.57, 139.52, 20.13], (136.1587, 552.1859, 1414.859)]
[1124.46, [440.0, 69.0, 29.0, 43.03, 365.32, 19.44, 275.67, 21.34, 215.76, 22.69, 134.63, 19.65], (135.1832, 566.4064, 2232.676)]
[2018.19, [440.0, 69.0, 29.0, 38.03, 365.32, 19.44, 275.67, 21.69, 205.61, 22.69, 135.37, 20.14], (136.0134, 896.4278, 2274.08)]
[2751.87, [440.0, 69.0, 29.0, 44.32, 365.32, 19.44, 275.67, 21.69, 207.52, 22.69, 135.37, 19.69], (132.1366, 1210.12, 2327.119)]
[2854.76, [440.0, 69.0, 29.0, 42.04, 361.41, 19.7, 277.33, 22.14, 212.05, 22.91, 139.52, 19.71], (126.9728, 1250.264, 2270.223)]
[2971.84, [440.0, 69.0, 29.0, 42.91, 368.02, 19.44, 278.45, 21.34, 215.76, 22.69, 134.63, 19.65], (105.9977, 135.1149, 541.5744)]
[3022.6, [440.0, 69.0, 29.0, 42.04, 365.32, 19.7, 277.33, 21.69, 207.52, 22.69, 135.37, 20.14], (135.9441, 1304.317, 2261.139)]
[6346.43, [440, 69, 29, 38.24, 348.71, 19.19, 275.78, 14.65, 203.29, 17.91, 79.34, 22.65], (200.7117, 662.4514, 1460.757)]
[80395.37, [440.0, 69.0, 29.0, 42.91, 368.02, 19.76, 277.33, 21.87, 215.76, 22.69, 132.42, 19.65], (522.5769, 1274.431, 2279.501)]
[82677.49, [440.0, 69.0, 29.0, 35.24, 365.32, 19.1, 278.22, 21.87, 205.84, 22.69, 135.37, 19.53], (530.0743, 1288.744, 2289.238)]

Population size: 30
Number of couples: 14
Number of kept parents: 0
Best parent kept: True
Mutation Probability: 0.08
Mutation range (x, y): 5, 0.5
Number of Parameters: 4
Length, Width, Height: [440, 69, 29]
Target Frequencies: (130.8, 523.2, 1308.0)

Written time: 10/05/2023 20:47:44