[44.98, [440.0, 69.0, 29.0, 31.42, 355.65, 20.49, 280.56, 20.27, 202.41, 23.83, 133.28, 19.65], (131.8599, 531.8672, 1282.595)]
[111.74, [440.0, 69.0, 29.0, 35.38, 334.87, 18.32, 286.12, 20.27, 202.41, 23.83, 133.28, 20.9], (127.8095, 540.9855, 1350.242)]
[267.85, [440.0, 69.0, 29.0, 34.88, 345.58, 18.32, 262.55, 19.06, 156.15, 24.06, 80.06, 21.95], (127.7311, 485.9622, 1131.154)]
[274.4, [440.0, 69.0, 29.0, 34.88, 361.73, 20.28, 272.61, 20.27, 202.41, 23.28, 69.78, 19.92], (128.6474, 480.207, 1108.179)]
[402.97, [440.0, 69.0, 29.0, 34.88, 345.58, 18.32, 262.55, 19.98, 136.79, 23.28, 74.28, 23.36], (125.7026, 457.9432, 1085.369)]
[477.24, [440.0, 69.0, 29.0, 44.1, 364.3, 18.36, 277.42, 19.04, 148.37, 24.06, 67.92, 21.95], (124.6421, 459.7879, 1046.977)]
[478.04, [440.0, 69.0, 29.0, 60.74, 319.8, 20.55, 245.19, 18.98, 195.8, 24.38, 101.5, 18.22], (140.2484, 577.9563, 1440.855)]
[481.57, [440.0, 69.0, 29.0, 34.88, 361.73, 20.49, 280.56, 19.53, 149.73, 22.43, 93.61, 20.53], (140.0359, 493.5479, 1136.765)]
[556.08, [440.0, 69.0, 29.0, 44.1, 318.91, 22.01, 275.57, 18.95, 149.73, 22.43, 93.61, 20.53], (143.9414, 515.4515, 1236.057)]
[589.67, [440.0, 69.0, 29.0, 13.69, 314.18, 22.49, 277.62, 18.85, 148.37, 22.32, 64.68, 21.96], (141.1489, 478.0241, 1096.431)]
[886.46, [440.0, 69.0, 29.0, 49.51, 338.16, 18.32, 288.63, 19.06, 148.37, 21.35, 80.06, 22.55], (149.1626, 523.2998, 1208.502)]
[976.82, [440.0, 69.0, 29.0, 13.69, 314.18, 20.25, 249.92, 19.63, 197.64, 21.16, 82.92, 22.15], (151.1421, 545.0569, 1270.511)]
[1211.55, [440.0, 69.0, 29.0, 35.38, 334.87, 18.32, 275.57, 19.06, 156.19, 21.16, 71.88, 22.02], (153.9731, 537.4902, 1226.257)]
[1382.02, [440.0, 69.0, 29.0, 48.12, 357.8, 20.49, 280.56, 20.27, 202.41, 24.38, 101.5, 22.78], (108.4046, 439.0043, 1070.006)]
[1487.54, [440.0, 69.0, 29.0, 60.74, 319.8, 20.4, 250.48, 19.91, 195.77, 25.41, 101.5, 22.78], (104.6653, 467.4116, 1212.311)]
[1488.4, [440.0, 69.0, 29.0, 34.88, 374.89, 20.7, 293.0, 20.41, 202.41, 23.85, 120.48, 21.13], (123.0336, 1116.957, 1986.205)]
[1571.49, [440.0, 69.0, 29.0, 71.89, 319.8, 20.55, 250.48, 18.98, 195.77, 22.77, 133.28, 19.65], (154.4651, 629.1877, 1622.269)]
[1722.32, [440.0, 69.0, 29.0, 13.69, 314.18, 21.37, 277.13, 18.85, 189.21, 21.94, 135.37, 19.65], (159.3853, 598.4307, 1426.771)]
[2111.64, [440.0, 69.0, 29.0, 42.32, 334.87, 18.32, 280.09, 19.13, 144.29, 22.32, 133.28, 19.65], (155.1378, 267.2051, 653.0163)]
[2852.02, [440, 69, 29, 15.06, 308.6, 19.92, 277.56, 19.36, 149.23, 19.8, 112.42, 22.38], (165.7464, 470.8668, 574.1905)]
[3426.46, [440.0, 69.0, 29.0, 34.88, 361.63, 20.49, 278.67, 14.5, 167.22, 23.59, 85.48, 16.08], (178.1671, 622.0941, 1375.585)]
[4170.08, [440.0, 69.0, 29.0, 38.68, 349.62, 17.52, 286.77, 19.51, 198.27, 16.96, 133.56, 23.56], (184.0465, 632.4138, 1483.458)]
[5750.76, [440.0, 69.0, 29.0, 79.73, 322.61, 22.46, 275.57, 20.27, 202.41, 23.83, 135.19, 19.65], (65.33441, 160.4374, 1399.124)]
[10476.9, [440.0, 69.0, 29.0, 13.69, 314.18, 20.77, 280.56, 18.11, 189.21, 21.94, 135.37, 22.78], (35.06295, 150.9414, 570.7825)]
[10491.61, [440.0, 69.0, 29.0, 42.32, 320.76, 18.32, 280.09, 19.13, 189.21, 21.94, 135.37, 19.65], (34.44713, 160.7865, 636.7575)]
[11129.94, [440, 69, 29, 21.47, 355.21, 20.25, 262.59, 20.97, 185.87, 17.98, 136.04, 14.88], (29.78076, 180.4402, 674.0926)]
[12298.35, [440, 69, 29, 49.96, 351.95, 16.58, 242.65, 14.7, 209.86, 19.68, 129.24, 18.38], (226.5548, 1629.192, 3130.335)]
[55359.45, [440.0, 69.0, 29.0, 48.12, 338.16, 18.32, 280.09, 17.59, 158.26, 21.16, 71.88, 22.02], (437.0761, 1255.639, 2334.407)]
[67699.34, [440.0, 69.0, 29.0, 79.73, 364.3, 17.78, 277.42, 19.13, 147.48, 22.99, 74.28, 21.96], (483.6049, 1124.482, 2138.351)]
[161150.17, [440.0, 69.0, 29.0, 18.62, 343.61, 15.76, 256.77, 21.36, 210.8, 19.11, 128.83, 16.72], (761.7721, 1654.866, 2831.626)]

Population size: 30
Number of couples: 13
Number of kept parents: 0
Best parent kept: True
Mutation Probability: 0.2
Mutation range (x, y): 15, 1.5
Number of Parameters: 4
Length, Width, Height: [440, 69, 29]
Target Frequencies: (130.8, 523.2, 1308.0)

Written time: 28/03/2023 14:58:44