[29.69, [440.0, 69.0, 29.0, 43.03, 365.32, 19.44, 275.67, 21.69, 207.52, 22.69, 135.37, 20.14], (130.459, 525.8715, 1286.981)]
[31.65, [440.0, 69.0, 29.0, 42.04, 365.32, 19.7, 277.33, 21.83, 214.98, 22.85, 141.0, 19.65], (130.2348, 533.4768, 1306.29)]
[33.04, [440.0, 69.0, 29.0, 43.03, 365.32, 19.7, 278.45, 21.97, 214.98, 22.57, 139.52, 20.13], (129.988, 526.7984, 1291.27)]
[34.09, [440.0, 69.0, 29.0, 42.91, 365.35, 19.44, 278.45, 21.87, 212.35, 22.69, 139.52, 19.65], (131.2614, 535.0589, 1309.307)]
[35.14, [440.0, 69.0, 29.0, 42.91, 368.02, 19.52, 277.33, 21.87, 215.76, 22.69, 134.63, 19.65], (130.8042, 529.4625, 1288.517)]
[36.04, [440.0, 69.0, 29.0, 42.91, 368.02, 19.44, 278.45, 21.97, 215.76, 22.69, 134.63, 19.65], (130.0988, 527.6803, 1289.028)]
[37.87, [440.0, 69.0, 29.0, 35.24, 365.32, 19.1, 278.22, 21.87, 205.84, 22.69, 135.37, 19.65], (130.9541, 529.0602, 1285.383)]
[37.92, [440.0, 69.0, 29.0, 42.91, 365.32, 19.98, 273.43, 22.14, 212.05, 22.57, 139.52, 19.65], (129.5463, 527.6289, 1295.185)]
[38.52, [440.0, 69.0, 29.0, 42.91, 370.48, 19.44, 278.45, 21.87, 215.76, 22.69, 134.63, 19.65], (130.708, 528.0193, 1281.811)]
[43.09, [440.0, 69.0, 29.0, 42.91, 368.02, 19.44, 278.45, 21.87, 214.98, 22.57, 132.29, 20.1], (130.2331, 522.4804, 1270.973)]
[45.14, [440.0, 69.0, 29.0, 42.91, 368.02, 19.44, 278.45, 21.97, 214.98, 22.85, 141.0, 19.65], (129.3251, 531.2397, 1300.871)]
[50.56, [440.0, 69.0, 29.0, 42.91, 368.02, 19.52, 278.45, 21.87, 214.98, 22.57, 132.29, 20.1], (130.1032, 521.5299, 1267.434)]
[50.76, [440.0, 69.0, 29.0, 42.91, 365.32, 19.98, 278.01, 21.78, 215.76, 22.69, 135.37, 20.09], (129.591, 521.7285, 1274.208)]
[54.14, [440.0, 69.0, 29.0, 42.91, 369.96, 19.44, 278.45, 22.17, 214.98, 22.61, 135.37, 19.65], (129.1627, 523.9421, 1276.662)]
[59.54, [440.0, 69.0, 29.0, 44.32, 365.32, 19.44, 275.67, 21.69, 207.52, 22.69, 135.37, 20.56], (129.1536, 520.1685, 1277.163)]
[67.88, [440.0, 69.0, 29.0, 42.91, 368.02, 19.7, 278.45, 21.97, 214.98, 22.57, 134.86, 20.13], (129.2755, 519.7155, 1267.659)]
[74.61, [440.0, 69.0, 29.0, 42.91, 365.32, 19.48, 275.39, 21.78, 210.82, 22.69, 135.37, 19.18], (132.7844, 539.3325, 1314.329)]
[117.94, [440.0, 69.0, 29.0, 42.04, 365.32, 19.7, 277.33, 21.34, 215.76, 22.69, 134.63, 19.65], (134.651, 539.9974, 1307.626)]
[123.43, [440.0, 69.0, 29.0, 42.91, 365.32, 19.98, 273.43, 22.14, 212.05, 22.91, 139.52, 19.71], (126.4156, 520.349, 1283.504)]
[128.17, [440.0, 69.0, 29.0, 42.91, 368.02, 19.44, 275.67, 22.09, 207.52, 22.69, 135.37, 20.14], (127.2788, 515.6021, 1264.903)]
[166.74, [440.0, 69.0, 29.0, 43.03, 365.32, 19.44, 275.67, 21.69, 207.52, 22.69, 135.37, 20.42], (129.6101, 527.2603, 1451.608)]
[209.95, [440.0, 69.0, 29.0, 35.24, 365.32, 19.1, 278.22, 22.35, 215.76, 22.69, 135.37, 20.59], (125.4632, 511.1138, 1251.558)]
[580.62, [440, 69, 29, 52.22, 329.19, 22.68, 260.51, 20.82, 188.19, 21.87, 142.57, 19.16], (141.4994, 562.401, 1440.639)]
[1457.65, [440.0, 69.0, 29.0, 42.91, 365.32, 19.98, 273.43, 22.14, 212.05, 22.57, 135.83, 19.65], (129.1202, 258.4663, 533.9581)]
[1492.42, [440.0, 69.0, 29.0, 42.04, 365.32, 19.49, 272.97, 22.14, 212.05, 22.57, 139.52, 19.65], (136.6936, 670.9607, 2287.939)]
[2601.42, [440.0, 69.0, 29.0, 42.04, 365.32, 19.7, 277.33, 21.83, 214.98, 22.85, 141.0, 19.65], (130.3181, 1164.282, 2303.374)]
[22329.0, [440.0, 69.0, 29.0, 42.91, 368.02, 19.44, 278.45, 21.97, 212.35, 22.69, 139.52, 19.65], (288.8217, 1171.898, 2150.875)]
[74376.38, [440.0, 69.0, 29.0, 42.91, 365.32, 19.98, 278.01, 21.78, 205.84, 22.69, 135.37, 19.65], (501.9916, 1276.066, 2287.206)]
[79130.35, [440.0, 69.0, 29.0, 38.94, 368.02, 19.44, 278.45, 21.87, 214.98, 22.57, 135.37, 20.13], (518.3926, 1269.768, 2265.132)]
[82480.14, [440.0, 69.0, 29.0, 42.91, 369.96, 19.44, 278.45, 21.87, 212.35, 22.69, 139.52, 19.65], (529.3075, 1295.785, 2304.012)]

Population size: 30
Number of couples: 14
Number of kept parents: 0
Best parent kept: True
Mutation Probability: 0.08
Mutation range (x, y): 5, 0.5
Number of Parameters: 4
Length, Width, Height: [440, 69, 29]
Target Frequencies: (130.8, 523.2, 1308.0)

Written time: 10/05/2023 20:40:05