[586.49, [440, 69, 29, 38.68, 364.3, 17.77, 277.42, 20.27, 202.41, 22.77, 135.37, 19.65], (143.6609, 575.8661, 1380.605)]
[670.72, [440, 69, 29, 24.33, 307.48, 20.1, 263.69, 16.53, 218.85, 22.06, 102.44, 16.83], (127.9448, 185.0457, 1592.319)]
[1233.27, [440, 69, 29, 13.69, 305.67, 20.93, 247.45, 16.63, 203.98, 22.25, 101.47, 22.78], (154.3977, 580.6164, 1337.537)]
[1484.86, [440, 69, 29, 48.12, 361.73, 20.39, 280.56, 17.87, 192.25, 21.53, 97.18, 20.78], (158.0482, 559.2266, 1281.516)]
[1591.89, [440, 69, 29, 21.77, 305.55, 18.73, 239.45, 20.63, 199.15, 21.96, 87.03, 17.79], (157.0416, 620.6492, 1458.171)]
[1915.38, [440, 69, 29, 35.49, 353.27, 21.08, 254.73, 21.46, 190.67, 16.94, 127.86, 22.86], (163.1949, 565.4802, 1337.294)]
[2188.37, [440, 69, 29, 68.97, 310.82, 17.63, 225.61, 22.37, 200.97, 21.16, 145.27, 18.61], (158.8033, 716.3817, 1821.307)]
[2915.13, [440, 69, 29, 60.98, 304.31, 20.19, 249.77, 18.13, 173.03, 22.36, 139.19, 19.09], (169.083, 672.2321, 1705.402)]
[3042.47, [440, 69, 29, 52.17, 341.5, 21.13, 248.69, 17.66, 192.45, 19.44, 116.09, 22.53], (173.9547, 600.7699, 1437.968)]
[3238.95, [440, 69, 29, 54.94, 333.53, 21.53, 279.68, 14.92, 207.93, 22.36, 145.22, 20.55], (173.8112, 668.3387, 1581.013)]
[3417.97, [440, 69, 29, 24.91, 314.01, 21.33, 269.14, 16.99, 176.04, 17.39, 86.63, 21.84], (87.30431, 200.4431, 1081.378)]
[3422.0, [440, 69, 29, 11.12, 313.65, 21.72, 220.02, 17.78, 153.67, 22.42, 134.25, 15.28], (176.0843, 649.5396, 1556.318)]
[3546.7, [440, 69, 29, 31.14, 352.81, 18.42, 242.78, 15.31, 155.85, 21.59, 85.54, 21.93], (179.6859, 605.9129, 1353.962)]
[3829.4, [440, 69, 29, 47.71, 343.67, 22.07, 222.26, 16.05, 216.26, 22.36, 119.28, 17.81], (179.9715, 655.9672, 1556.613)]
[3905.33, [440, 69, 29, 35.38, 354.18, 18.32, 280.09, 19.06, 148.37, 21.16, 74.28, 21.96], (174.597, 605.817, 2232.261)]
[4621.11, [440, 69, 29, 53.48, 360.74, 20.47, 257.95, 15.01, 216.79, 19.74, 82.65, 21.04], (188.6136, 637.2147, 1419.219)]
[4884.71, [440, 69, 29, 10.81, 364.47, 20.71, 290.34, 14.72, 150.32, 20.69, 116.86, 16.04], (77.07755, 208.78, 675.3337)]
[4949.55, [440, 69, 29, 10.23, 328.07, 19.55, 279.08, 20.6, 147.57, 15.25, 107.01, 21.72], (191.667, 626.4255, 1405.643)]
[5768.87, [440, 69, 29, 27.68, 346.35, 19.71, 244.62, 20.11, 191.99, 15.23, 86.7, 19.46], (197.6313, 661.5078, 1475.072)]
[5801.54, [440, 69, 29, 53.6, 343.22, 17.39, 226.63, 17.37, 202.16, 14.89, 126.07, 19.65], (69.36775, 235.3616, 2006.716)]
[6709.96, [440, 69, 29, 51.87, 313.41, 21.03, 260.24, 17.83, 194.38, 16.86, 127.79, 22.74], (57.32043, 194.9875, 1391.063)]
[8410.62, [440, 69, 29, 31.08, 343.52, 17.32, 266.88, 21.66, 210.36, 20.45, 114.03, 18.84], (49.16832, 170.7956, 625.2239)]
[9397.06, [440, 69, 29, 62.37, 353.72, 15.58, 270.33, 19.96, 154.04, 15.04, 97.85, 16.36], (221.1745, 820.1727, 1816.588)]
[9790.06, [440, 69, 29, 59.26, 361.87, 17.9, 282.59, 15.24, 158.66, 18.36, 90.82, 16.24], (225.7786, 738.3329, 1626.605)]
[9934.75, [440, 69, 29, 14.22, 364.38, 16.3, 259.59, 18.72, 160.04, 15.66, 109.24, 16.16], (226.6285, 752.7939, 1632.305)]
[10213.69, [440, 69, 29, 17.0, 331.91, 21.33, 258.58, 21.76, 157.09, 15.82, 124.8, 20.77], (35.55855, 182.9225, 729.3617)]
[10313.58, [440, 69, 29, 69.91, 366.19, 21.42, 233.78, 15.53, 191.06, 17.75, 145.32, 14.71], (227.6838, 786.7903, 1821.759)]
[11620.19, [440, 69, 29, 32.85, 297.67, 14.5, 256.52, 18.46, 200.98, 17.29, 104.39, 15.17], (235.2692, 857.7677, 1915.808)]
[12390.79, [440, 69, 29, 34.71, 314.03, 18.22, 263.38, 16.0, 165.05, 16.73, 131.18, 15.99], (20.18282, 248.2103, 826.3239)]
[106965.29, [440, 69, 29, 15.08, 294.01, 20.48, 267.03, 22.57, 202.43, 22.59, 132.44, 15.9], (609.2111, 1539.339, 2616.154)]

Population size: 30
Number of couples: 13
Number of kept parents: 0
Best parent kept: True
Mutation Probability: 0.2
Mutation range (x, y): 15, 1.5
Number of Parameters: 4
Length, Width, Height: [440, 69, 29]
Target Frequencies: (130.8, 523.2, 1308.0)

Written time: 28/03/2023 14:09:33