[17.48, [440.4, 68.58, 28.96, 53.47, 312.1, 22.69, 287.42, 20.76, 172.64, 23.64, 103.99, 20.41], (130.2214, 510.7671, 1308.577)]
[20.48, [440.4, 68.58, 28.96, 53.47, 326.09, 23.13, 274.27, 20.76, 172.64, 23.64, 116.28, 20.47], (130.2196, 508.0479, 1308.838)]
[20.48, [440.4, 68.58, 28.96, 53.47, 326.09, 23.13, 274.27, 20.76, 172.64, 23.64, 116.28, 20.47], (130.2196, 508.0479, 1308.838)]
[20.48, [440.4, 68.58, 28.96, 53.47, 326.09, 23.13, 274.27, 20.76, 172.64, 23.64, 116.28, 20.47], (130.2196, 508.0479, 1308.838)]
[24.25, [440.4, 68.58, 28.96, 53.47, 312.1, 23.13, 274.27, 20.76, 172.64, 23.64, 103.99, 20.41], (130.3401, 510.8985, 1316.778)]
[24.25, [440.4, 68.58, 28.96, 53.47, 312.1, 23.13, 274.29, 20.76, 172.64, 23.64, 103.99, 20.41], (130.3384, 510.887, 1316.741)]
[27.4, [440.4, 68.58, 28.96, 53.47, 312.1, 22.69, 287.42, 20.76, 181.66, 23.64, 105.53, 20.47], (130.5539, 516.8096, 1327.77)]
[30.65, [440.4, 68.58, 28.96, 56.52, 312.1, 23.13, 274.27, 20.76, 172.64, 23.64, 103.99, 20.41], (130.3167, 511.4042, 1323.437)]
[40.69, [440.4, 68.58, 28.96, 56.52, 312.1, 23.13, 287.42, 20.76, 181.66, 23.64, 103.99, 20.66], (129.0142, 507.1275, 1307.688)]
[69.96, [440.4, 68.58, 28.96, 56.52, 318.6, 22.73, 274.27, 20.76, 185.85, 23.64, 112.09, 20.47], (131.8594, 526.4741, 1364.161)]
[74.71, [440.4, 68.58, 28.96, 53.47, 312.1, 23.9, 274.27, 20.76, 172.64, 23.64, 103.99, 20.41], (128.543, 499.0529, 1291.823)]
[87.49, [440.4, 68.58, 28.96, 53.47, 325.87, 23.13, 274.29, 20.76, 172.64, 23.64, 103.99, 20.47], (129.1617, 499.0408, 1266.069)]
[90.77, [440.4, 68.58, 28.96, 53.47, 312.1, 24.05, 274.29, 20.76, 172.64, 23.64, 103.99, 20.41], (128.1674, 496.6902, 1286.949)]
[94.7, [440.4, 68.58, 28.96, 56.52, 312.1, 23.29, 274.27, 20.76, 172.64, 23.64, 112.09, 19.69], (132.573, 526.306, 1376.422)]
[95.24, [440.4, 68.58, 28.96, 56.52, 312.1, 23.13, 274.27, 21.16, 172.64, 23.64, 103.99, 20.41], (127.0234, 502.4125, 1308.754)]
[95.33, [440.4, 68.58, 28.96, 29.5, 334.61, 21.15, 274.27, 20.76, 172.56, 23.64, 103.99, 20.41], (133.3142, 515.9708, 1259.639)]
[285.69, [440.4, 68.58, 28.96, 53.47, 312.1, 22.69, 274.27, 20.01, 172.64, 23.64, 112.09, 20.47], (137.854, 540.8593, 1389.376)]
[1465.0, [440.4, 68.58, 28.96, 56.52, 312.1, 23.13, 274.27, 20.76, 172.64, 23.64, 103.99, 20.41], (158.2755, 516.9961, 1327.712)]
[1810.46, [440.4, 68.58, 28.96, 53.47, 326.09, 23.13, 274.04, 20.76, 172.64, 23.4, 116.28, 20.41], (132.6858, 1139.465, 2476.748)]
[1861.07, [440.4, 68.58, 28.96, 53.47, 312.1, 23.13, 274.27, 20.76, 172.64, 23.64, 103.99, 20.41], (130.8762, 1214.479, 2477.819)]
[2826.3, [440.4, 68.58, 28.96, 58.03, 308.46, 14.63, 222.93, 21.02, 193.88, 19.36, 86.06, 22.19], (92.38031, 727.026, 1548.058)]
[5184.17, [440.4, 68.58, 28.96, 63.02, 360.15, 19.18, 279.35, 19.82, 216.67, 16.03, 125.6, 16.16], (73.038, 231.588, 807.0985)]
[6406.39, [440.4, 68.58, 28.96, 56.52, 312.1, 23.29, 274.27, 20.76, 172.64, 23.64, 103.99, 20.41], (65.87491, 135.0958, 522.8811)]
[10972.3, [440.4, 68.58, 28.96, 67.64, 349.04, 20.76, 287.42, 20.76, 172.64, 23.64, 103.99, 20.41], (27.37564, 131.7955, 1247.296)]
[11155.51, [440.4, 68.58, 28.96, 53.47, 312.1, 22.69, 239.38, 15.35, 196.56, 18.8, 143.16, 19.56], (28.44654, 695.0157, 1934.814)]
[43142.68, [440.4, 68.58, 28.96, 28.21, 312.98, 22.93, 222.23, 21.36, 187.86, 20.92, 144.78, 18.29], (385.0655, 1633.701, 2799.047)]
[63829.34, [440.4, 68.58, 28.96, 56.52, 312.1, 23.13, 287.42, 20.76, 172.64, 23.64, 103.99, 20.41], (467.8803, 1288.927, 2488.282)]
[72238.8, [440.4, 68.58, 28.96, 40.08, 312.1, 23.13, 274.29, 20.76, 172.64, 23.64, 103.99, 20.47], (498.1514, 1255.256, 2410.572)]
[74498.51, [440.4, 68.58, 28.96, 56.52, 312.1, 23.13, 274.27, 20.76, 178.14, 23.64, 103.99, 20.41], (505.3141, 1323.951, 2532.377)]
[111527.48, [440.4, 68.58, 28.96, 29.5, 334.61, 21.15, 274.27, 20.76, 172.56, 23.64, 112.09, 19.69], (622.707, 1513.231, 2750.02)]

Population size: 30
Number of couples: 13
Number of kept parents: 0
Best parent kept: True
Mutation Probability: 0.04
Mutation range (x, y): 15, 1