[20.48, [440.4, 68.58, 28.96, 53.47, 326.09, 23.13, 274.27, 20.76, 172.64, 23.64, 116.28, 20.47], (130.2196, 508.0479, 1308.838)]
[21.68, [440.4, 68.58, 28.96, 53.47, 312.1, 22.69, 287.42, 20.76, 172.64, 23.64, 103.99, 20.47], (130.0439, 509.9248, 1306.524)]
[24.25, [440.4, 68.58, 28.96, 53.47, 312.1, 23.13, 274.27, 20.76, 172.64, 23.64, 103.99, 20.41], (130.3401, 510.8985, 1316.778)]
[24.25, [440.4, 68.58, 28.96, 53.47, 312.1, 23.13, 274.29, 20.76, 172.64, 23.64, 103.99, 20.41], (130.3384, 510.887, 1316.741)]
[27.35, [440.4, 68.58, 28.96, 55.04, 312.1, 23.13, 274.29, 20.76, 172.64, 23.64, 103.99, 20.41], (130.323, 511.1045, 1319.905)]
[30.43, [440.4, 68.58, 28.96, 53.47, 312.1, 23.13, 274.27, 20.76, 172.64, 23.64, 103.99, 20.66], (129.6329, 507.3798, 1309.867)]
[30.65, [440.4, 68.58, 28.96, 56.52, 312.1, 23.13, 274.27, 20.76, 172.64, 23.64, 103.99, 20.41], (130.3167, 511.4042, 1323.437)]
[30.65, [440.4, 68.58, 28.96, 56.52, 312.1, 23.13, 274.27, 20.76, 172.64, 23.64, 103.99, 20.41], (130.3167, 511.4042, 1323.437)]
[30.65, [440.4, 68.58, 28.96, 56.52, 312.1, 23.13, 274.27, 20.76, 172.64, 23.64, 103.99, 20.41], (130.3167, 511.4042, 1323.437)]
[31.25, [440.4, 68.58, 28.96, 56.52, 312.1, 23.13, 287.42, 20.76, 181.66, 23.64, 103.99, 20.41], (129.7925, 510.7752, 1316.597)]
[31.25, [440.4, 68.58, 28.96, 56.52, 312.1, 23.13, 287.42, 20.76, 181.66, 23.64, 103.99, 20.41], (129.7925, 510.7752, 1316.597)]
[32.3, [440.4, 68.58, 28.96, 56.52, 312.1, 23.29, 274.27, 20.76, 172.64, 23.64, 103.99, 20.41], (129.9619, 508.9992, 1318.328)]
[65.99, [440.4, 68.58, 28.96, 56.52, 312.1, 24.02, 274.27, 20.76, 172.64, 23.64, 112.09, 20.47], (128.7448, 503.939, 1325.059)]
[71.77, [440.4, 68.58, 28.96, 53.47, 312.1, 23.13, 274.27, 20.76, 185.85, 23.64, 112.09, 20.47], (131.5542, 526.3507, 1370.425)]
[74.71, [440.4, 68.58, 28.96, 53.47, 312.1, 23.9, 274.27, 20.76, 172.64, 23.64, 103.99, 20.41], (128.543, 499.0529, 1291.823)]
[74.71, [440.4, 68.58, 28.96, 53.47, 312.1, 23.9, 274.27, 20.76, 172.64, 23.64, 103.99, 20.41], (128.543, 499.0529, 1291.823)]
[134.15, [440.4, 68.58, 28.96, 53.47, 312.1, 23.13, 274.27, 20.12, 172.64, 23.64, 103.99, 20.41], (135.4674, 524.9595, 1340.16)]
[147.39, [440.4, 68.58, 28.96, 53.47, 312.1, 23.13, 274.29, 20.76, 172.64, 23.64, 103.99, 20.41], (130.3386, 595.3792, 1380.128)]
[1093.62, [440.4, 68.58, 28.96, 53.47, 312.1, 22.69, 287.42, 20.76, 172.64, 23.64, 103.99, 20.41], (130.2214, 231.5489, 510.7671)]
[1337.61, [440.4, 68.58, 28.96, 53.47, 312.1, 23.9, 274.27, 20.76, 172.64, 23.64, 112.09, 20.47], (129.1146, 1317.769, 1829.093)]
[2325.7, [440.4, 68.58, 28.96, 56.52, 312.1, 23.13, 274.27, 20.76, 172.64, 23.64, 112.09, 20.47], (131.0402, 1360.66, 2795.339)]
[5441.48, [440.4, 68.58, 28.96, 53.47, 312.1, 22.69, 287.42, 20.76, 172.64, 23.64, 105.53, 20.47], (74.27178, 130.1769, 511.2811)]
[8308.14, [440.4, 68.58, 28.96, 29.5, 334.61, 21.15, 274.27, 20.76, 172.56, 23.64, 112.09, 19.69], (50.88664, 136.1273, 532.6589)]
[9542.16, [440.4, 68.58, 28.96, 58.56, 312.1, 23.13, 274.27, 20.76, 172.64, 23.64, 105.53, 19.88], (42.04703, 131.8733, 520.4963)]
[10251.06, [440.4, 68.58, 28.96, 67.64, 349.04, 20.76, 239.38, 15.35, 196.56, 18.8, 143.16, 19.56], (35.57954, 48.44295, 825.4854)]
[10382.17, [440.4, 68.58, 28.96, 26.07, 330.43, 17.59, 229.7, 18.27, 204.66, 16.11, 100.47, 21.7], (228.9251, 762.9699, 1732.431)]
[11138.87, [440.4, 68.58, 28.96, 53.47, 312.1, 22.69, 287.42, 20.76, 181.66, 23.64, 105.53, 20.47], (23.59081, 497.3469, 1318.435)]
[12006.85, [440.4, 68.58, 28.96, 44.63, 304.4, 20.33, 283.74, 15.19, 215.5, 20.02, 142.19, 16.67], (237.108, 871.1124, 2008.163)]
[83329.41, [440.4, 68.58, 28.96, 53.47, 312.1, 22.69, 287.42, 20.76, 181.66, 23.64, 103.99, 20.47], (535.138, 1340.982, 2518.807)]
[434308.77, [440.4, 68.58, 28.96, 53.47, 312.1, 23.13, 274.27, 20.76, 161.77, 23.64, 112.09, 20.47], (1360.637, 1796.759, 3058.306)]

Population size: 30
Number of couples: 13
Number of kept parents: 0
Best parent kept: True
Mutation Probability: 0.04
Mutation range (x, y): 15, 1