[20.19, [440.4, 68.58, 28.96, 56.52, 319.16, 23.13, 286.35, 20.76, 175.61, 23.64, 103.99, 19.5], (131.5945, 513.5331, 1311.688)]
[29.38, [440.4, 68.58, 28.96, 56.52, 312.1, 23.13, 286.35, 20.76, 175.61, 23.64, 103.99, 20.41], (129.5863, 507.5636, 1308.236)]
[35.96, [440.4, 68.58, 28.96, 56.52, 308.75, 23.13, 286.35, 20.76, 175.61, 23.64, 103.99, 20.41], (129.8318, 510.7661, 1321.884)]
[39.22, [440.4, 68.58, 28.96, 66.65, 312.1, 23.13, 286.35, 20.76, 172.64, 23.45, 103.99, 20.41], (131.211, 511.2286, 1332.815)]
[44.27, [440.4, 68.58, 28.96, 56.52, 312.1, 23.13, 286.35, 20.76, 172.64, 23.64, 112.09, 20.47], (129.9864, 512.1791, 1333.807)]
[45.89, [440.4, 68.58, 28.96, 56.52, 312.1, 23.13, 286.35, 20.76, 175.61, 23.64, 112.09, 20.47], (130.1315, 514.1621, 1339.307)]
[47.96, [440.4, 68.58, 28.96, 56.52, 308.75, 22.21, 286.35, 20.76, 175.61, 23.64, 103.99, 20.41], (131.4686, 523.2052, 1350.739)]
[50.64, [440.4, 68.58, 28.96, 56.52, 312.1, 23.13, 286.35, 20.76, 172.64, 23.45, 112.09, 20.47], (131.819, 516.6011, 1342.033)]
[50.64, [440.4, 68.58, 28.96, 56.52, 312.1, 23.13, 286.35, 20.76, 172.64, 23.45, 112.09, 20.47], (131.819, 516.6011, 1342.033)]
[53.06, [440.4, 68.58, 28.96, 56.52, 312.1, 23.71, 286.35, 20.76, 172.64, 23.64, 112.09, 20.41], (128.9594, 504.5408, 1317.242)]
[55.19, [440.4, 68.58, 28.96, 56.52, 312.1, 23.71, 286.35, 20.76, 172.64, 23.64, 112.09, 20.47], (128.7932, 503.7099, 1315.077)]
[62.26, [440.4, 68.58, 28.96, 56.52, 313.87, 23.13, 240.16, 20.93, 172.64, 23.64, 103.99, 20.41], (131.4318, 522.3533, 1364.624)]
[67.2, [440.4, 68.58, 28.96, 56.52, 308.75, 22.21, 280.89, 20.76, 175.61, 23.64, 103.99, 20.41], (131.9571, 526.2864, 1360.062)]
[67.86, [440.4, 68.58, 28.96, 56.52, 312.1, 22.21, 286.35, 20.76, 175.61, 23.64, 103.99, 21.37], (128.1149, 505.6894, 1302.15)]
[72.29, [440.4, 68.58, 28.96, 56.52, 319.16, 23.13, 286.35, 20.76, 175.61, 23.64, 103.99, 20.41], (129.0873, 501.1384, 1280.628)]
[127.04, [440.4, 68.58, 28.96, 56.52, 312.1, 23.13, 240.16, 20.93, 172.64, 23.64, 112.09, 20.41], (132.3607, 532.2013, 1406.969)]
[139.93, [440.4, 68.58, 28.96, 56.52, 312.1, 23.13, 286.35, 21.18, 175.61, 23.64, 103.99, 20.41], (126.2148, 497.9294, 1292.122)]
[155.7, [440.4, 68.58, 28.96, 50.13, 326.84, 22.21, 240.16, 22.55, 168.62, 22.48, 112.09, 20.47], (127.9368, 505.2528, 1219.209)]
[181.88, [440.4, 68.58, 28.96, 56.52, 312.1, 23.71, 286.35, 20.76, 172.64, 23.64, 103.99, 21.12], (126.231, 487.5534, 1260.031)]
[271.31, [440.4, 68.58, 28.96, 56.52, 308.75, 22.97, 286.35, 20.76, 181.97, 24.43, 103.99, 20.41], (122.4613, 498.2677, 1303.165)]
[349.89, [440.4, 68.58, 28.96, 50.13, 312.98, 22.21, 240.16, 20.76, 175.61, 23.64, 103.99, 19.5], (138.1717, 556.0141, 1425.635)]
[390.73, [440.4, 68.58, 28.96, 56.52, 313.87, 22.21, 242.11, 22.55, 175.61, 21.97, 112.09, 20.47], (137.0706, 587.0565, 1478.525)]
[519.68, [440.4, 68.58, 28.96, 56.52, 312.1, 22.21, 286.35, 20.76, 175.61, 23.64, 84.99, 15.58], (141.6329, 567.059, 1428.102)]
[1052.04, [440.4, 68.58, 28.96, 25.25, 339.37, 17.6, 239.73, 20.31, 213.87, 17.74, 114.31, 22.08], (136.9755, 198.0998, 734.2204)]
[1710.96, [440.4, 68.58, 28.96, 31.5, 332.3, 22.94, 255.05, 21.95, 199.4, 19.62, 145.84, 20.02], (157.8901, 617.7675, 1515.595)]
[3089.97, [440.4, 68.58, 28.96, 56.52, 312.1, 23.18, 286.35, 20.76, 172.64, 23.45, 120.97, 18.18], (90.44139, 138.7333, 1448.425)]
[5045.75, [440.4, 68.58, 28.96, 70.57, 337.24, 20.08, 289.83, 16.29, 177.12, 19.79, 88.1, 22.78], (191.4395, 651.0564, 1505.509)]
[10239.82, [440.4, 68.58, 28.96, 52.0, 316.11, 17.45, 266.16, 19.19, 179.05, 15.47, 137.09, 22.72], (226.7315, 786.1098, 1891.024)]
[22294.14, [440.4, 68.58, 28.96, 56.52, 312.1, 23.13, 286.35, 20.76, 172.64, 23.64, 112.09, 20.47], (290.8935, 1311.535, 2560.139)]
[80731.98, [440.4, 68.58, 28.96, 56.52, 313.87, 22.21, 240.16, 22.55, 168.62, 22.48, 103.99, 19.5], (526.0203, 1401.323, 2595.535)]

Population size: 30
Number of couples: 13
Number of kept parents: 0
Best parent kept: True
Mutation Probability: 0.04
Mutation range (x, y): 15, 1