[19.88, [440.4, 68.58, 28.96, 56.52, 312.1, 23.13, 286.35, 20.76, 172.64, 23.45, 103.99, 20.41], (131.2807, 510.1534, 1311.717)]
[20.19, [440.4, 68.58, 28.96, 56.52, 319.16, 23.13, 286.35, 20.76, 175.61, 23.64, 103.99, 19.5], (131.5945, 513.5331, 1311.688)]
[29.38, [440.4, 68.58, 28.96, 56.52, 312.1, 23.13, 286.35, 20.76, 175.61, 23.64, 103.99, 20.41], (129.5863, 507.5636, 1308.236)]
[35.96, [440.4, 68.58, 28.96, 56.52, 308.75, 23.13, 286.35, 20.76, 175.61, 23.64, 103.99, 20.41], (129.8318, 510.7661, 1321.884)]
[39.22, [440.4, 68.58, 28.96, 66.65, 312.1, 23.13, 286.35, 20.76, 172.64, 23.45, 103.99, 20.41], (131.211, 511.2286, 1332.815)]
[40.13, [440.4, 68.58, 28.96, 56.52, 313.87, 23.13, 286.35, 20.76, 175.61, 23.64, 103.99, 20.41], (129.4566, 505.8927, 1301.154)]
[41.85, [440.4, 68.58, 28.96, 56.52, 312.1, 23.13, 287.42, 20.76, 172.64, 23.64, 103.99, 20.41], (129.3794, 505.2454, 1301.451)]
[44.27, [440.4, 68.58, 28.96, 56.52, 312.1, 23.13, 286.35, 20.76, 172.64, 23.64, 112.09, 20.47], (129.9863, 512.1791, 1333.807)]
[45.89, [440.4, 68.58, 28.96, 56.52, 312.1, 23.13, 286.35, 20.76, 175.61, 23.64, 112.09, 20.47], (130.1315, 514.1621, 1339.307)]
[47.96, [440.4, 68.58, 28.96, 56.52, 308.75, 22.21, 286.35, 20.76, 175.61, 23.64, 103.99, 20.41], (131.4686, 523.2052, 1350.739)]
[55.51, [440.4, 68.58, 28.96, 56.52, 308.75, 22.21, 286.35, 20.76, 175.61, 23.64, 103.99, 20.41], (131.4686, 523.2052, 1358.282)]
[62.26, [440.4, 68.58, 28.96, 56.52, 313.87, 23.13, 240.16, 20.93, 172.64, 23.64, 103.99, 20.41], (131.4318, 522.3533, 1364.624)]
[67.2, [440.4, 68.58, 28.96, 56.52, 308.75, 22.21, 280.89, 20.76, 175.61, 23.64, 103.99, 20.41], (131.9571, 526.2864, 1360.062)]
[71.9, [440.4, 68.58, 28.96, 66.65, 312.1, 23.13, 286.35, 20.76, 172.64, 23.45, 112.09, 20.47], (131.75, 517.8801, 1365.584)]
[71.9, [440.4, 68.58, 28.96, 66.65, 312.1, 23.13, 286.35, 20.76, 172.64, 23.45, 112.09, 20.47], (131.75, 517.8801, 1365.584)]
[86.27, [440.4, 68.58, 28.96, 56.52, 308.75, 22.21, 286.35, 20.76, 172.64, 23.64, 112.09, 20.47], (131.9281, 528.3135, 1377.564)]
[103.72, [440.4, 68.58, 28.96, 56.52, 312.1, 23.71, 286.35, 20.76, 172.64, 23.84, 112.09, 20.47], (126.8942, 499.0819, 1306.152)]
[127.04, [440.4, 68.58, 28.96, 56.52, 312.1, 23.13, 240.16, 20.93, 172.64, 23.64, 112.09, 20.41], (132.3607, 532.2013, 1406.969)]
[1741.24, [440.4, 68.58, 28.96, 56.52, 312.1, 22.88, 286.35, 20.76, 172.64, 23.64, 103.99, 20.41], (129.9395, 1254.089, 2310.372)]
[2249.14, [440.4, 68.58, 28.96, 56.52, 308.75, 22.21, 280.89, 20.76, 175.61, 24.43, 112.84, 20.41], (124.9919, 1361.346, 2578.734)]
[4591.47, [440.4, 68.58, 28.96, 56.52, 308.75, 22.21, 280.89, 20.76, 175.61, 23.64, 103.99, 21.12], (80.53541, 284.435, 520.4945)]
[4790.33, [440.4, 68.58, 28.96, 56.52, 319.16, 23.13, 240.16, 20.93, 172.64, 23.64, 103.99, 20.41], (73.42077, 131.0327, 1257.922)]
[8750.33, [440.4, 68.58, 28.96, 56.52, 312.1, 23.13, 286.35, 20.76, 172.64, 23.45, 112.09, 20.41], (39.91133, 447.7353, 1316.162)]
[11651.69, [440.4, 68.58, 28.96, 56.52, 308.75, 22.21, 293.92, 20.76, 175.61, 23.64, 103.99, 20.41], (27.63738, 132.0437, 527.7512)]
[11892.69, [440.4, 68.58, 28.96, 56.85, 296.0, 16.55, 290.34, 14.64, 207.11, 16.32, 145.62, 15.96], (239.6809, 320.7484, 1639.066)]
[12610.49, [440.4, 68.58, 28.96, 66.65, 312.1, 22.88, 286.35, 20.76, 172.64, 23.45, 103.99, 20.41], (234.6384, 1312.707, 2549.904)]
[13721.96, [440.4, 68.58, 28.96, 27.91, 353.72, 20.71, 234.9, 14.94, 182.78, 18.35, 131.44, 15.66], (249.1486, 825.0423, 1855.499)]
[15678.52, [440.4, 68.58, 28.96, 43.8, 365.21, 18.24, 232.15, 15.08, 156.3, 16.17, 93.21, 21.2], (261.5915, 800.2689, 1754.009)]
[73918.24, [440.4, 68.58, 28.96, 56.52, 312.1, 23.13, 286.35, 20.76, 175.61, 23.64, 112.09, 20.47], (502.9629, 1368.993, 2588.497)]
[91654.79, [440.4, 68.58, 28.96, 56.52, 308.75, 22.97, 286.35, 20.76, 181.97, 23.64, 103.99, 20.41], (562.0931, 1364.577, 2556.426)]

Population size: 30
Number of couples: 13
Number of kept parents: 0
Best parent kept: True
Mutation Probability: 0.04
Mutation range (x, y): 15, 1