[30.65, [440.4, 68.58, 28.96, 56.52, 312.1, 23.13, 274.27, 20.76, 172.64, 23.64, 103.99, 20.41], (130.3167, 511.4042, 1323.437)]
[31.25, [440.4, 68.58, 28.96, 56.52, 312.1, 23.13, 287.42, 20.76, 181.66, 23.64, 103.99, 20.41], (129.7925, 510.7752, 1316.597)]
[31.25, [440.4, 68.58, 28.96, 56.52, 312.1, 23.13, 287.42, 20.76, 181.66, 23.64, 103.99, 20.41], (129.7925, 510.7752, 1316.597)]
[31.25, [440.4, 68.58, 28.96, 56.52, 312.1, 23.13, 287.42, 20.76, 181.66, 23.64, 103.99, 20.41], (129.7925, 510.7752, 1316.597)]
[32.9, [440.4, 68.58, 28.96, 56.52, 312.1, 23.13, 287.42, 20.76, 181.66, 23.64, 103.99, 20.47], (129.6072, 509.8993, 1314.438)]
[41.75, [440.4, 68.58, 28.96, 56.52, 319.16, 23.13, 240.16, 20.93, 172.64, 23.64, 103.99, 20.41], (130.9392, 516.6844, 1342.868)]
[43.54, [440.4, 68.58, 28.96, 56.52, 319.16, 23.13, 286.35, 20.76, 172.64, 23.64, 119.51, 20.47], (130.1554, 512.4903, 1335.572)]
[44.01, [440.4, 68.58, 28.96, 56.52, 312.1, 23.13, 287.42, 20.76, 172.64, 23.64, 112.09, 20.47], (129.9129, 511.6908, 1332.036)]
[44.27, [440.4, 68.58, 28.96, 56.52, 312.1, 23.13, 286.35, 20.76, 172.64, 23.64, 112.09, 20.47], (129.9863, 512.1791, 1333.807)]
[44.27, [440.4, 68.58, 28.96, 56.52, 312.1, 23.13, 286.35, 20.76, 172.64, 23.64, 112.09, 20.47], (129.9863, 512.1791, 1333.807)]
[44.64, [440.4, 68.58, 28.96, 66.65, 312.1, 23.13, 272.87, 20.76, 172.64, 23.45, 98.66, 20.41], (131.6857, 513.0108, 1334.373)]
[45.89, [440.4, 68.58, 28.96, 56.52, 312.1, 23.13, 286.35, 20.76, 175.61, 23.64, 112.09, 20.47], (130.1315, 514.1621, 1339.307)]
[58.99, [440.4, 68.58, 28.96, 56.52, 312.1, 23.13, 272.87, 20.76, 175.61, 23.64, 112.09, 20.47], (131.1254, 520.7788, 1362.9)]
[59.47, [440.4, 68.58, 28.96, 56.52, 308.75, 23.13, 286.35, 20.93, 172.64, 23.64, 103.99, 20.41], (128.3343, 505.0462, 1310.365)]
[67.2, [440.4, 68.58, 28.96, 56.52, 308.75, 22.21, 280.89, 20.76, 175.61, 23.64, 103.99, 20.41], (131.9571, 526.2864, 1360.062)]
[67.33, [440.4, 68.58, 28.96, 66.65, 312.1, 23.13, 286.35, 20.76, 172.64, 23.64, 112.09, 20.47], (129.9077, 513.3752, 1356.967)]
[82.01, [440.4, 68.58, 28.96, 66.65, 312.1, 23.13, 272.87, 20.76, 175.61, 23.64, 112.09, 20.47], (131.0632, 522.326, 1387.964)]
[99.47, [440.4, 68.58, 28.96, 56.52, 308.75, 23.13, 286.35, 20.93, 160.18, 23.64, 103.99, 20.41], (127.77, 497.3177, 1287.681)]
[118.12, [440.4, 68.58, 28.96, 56.52, 319.16, 23.73, 286.35, 20.76, 172.64, 23.45, 98.66, 20.41], (129.072, 490.7936, 1245.443)]
[129.24, [440.4, 68.58, 28.96, 56.52, 312.1, 23.06, 240.16, 20.93, 172.64, 23.64, 112.09, 20.47], (132.431, 532.6187, 1407.426)]
[220.65, [440.4, 68.58, 28.96, 68.74, 312.1, 23.13, 287.42, 21.44, 172.64, 23.64, 112.09, 20.47], (124.1946, 496.6585, 1331.916)]
[1936.66, [440.4, 68.58, 28.96, 56.52, 319.16, 23.13, 286.35, 20.76, 172.64, 23.64, 112.09, 20.47], (129.7033, 1186.801, 2569.556)]
[3148.05, [440.4, 68.58, 28.96, 11.82, 342.93, 19.75, 231.52, 22.02, 157.93, 17.92, 77.28, 19.43], (175.1303, 626.9136, 1402.262)]
[3726.55, [440.4, 68.58, 28.96, 39.42, 318.23, 17.41, 272.79, 22.39, 150.34, 18.79, 96.28, 16.46], (177.957, 687.8904, 1633.062)]
[4053.82, [440.4, 68.58, 28.96, 66.39, 335.14, 22.65, 242.17, 20.03, 151.51, 19.13, 145.05, 15.74], (179.7243, 700.4992, 1764.013)]
[7137.34, [440.4, 68.58, 28.96, 56.52, 312.1, 23.13, 286.35, 20.76, 172.64, 23.64, 112.09, 20.47], (54.47923, 142.7237, 1395.721)]
[9109.53, [440.4, 68.58, 28.96, 53.55, 342.36, 15.59, 230.97, 18.55, 219.87, 18.49, 126.18, 20.64], (218.632, 812.5912, 1898.641)]
[72304.1, [440.4, 68.58, 28.96, 56.52, 312.1, 23.06, 240.16, 20.93, 172.64, 23.64, 103.99, 20.41], (497.3865, 1381.051, 2569.865)]
[74749.65, [440.4, 68.58, 28.96, 61.65, 312.1, 23.13, 286.35, 20.76, 172.64, 23.64, 112.09, 20.47], (505.908, 1346.646, 2588.355)]
[74965.85, [440.4, 68.58, 28.96, 56.52, 312.1, 23.13, 286.35, 20.76, 172.64, 23.45, 101.68, 20.41], (507.1452, 1298.521, 2492.96)]

Population size: 30
Number of couples: 13
Number of kept parents: 0
Best parent kept: True
Mutation Probability: 0.04
Mutation range (x, y): 15, 1