[1065.49, [440.4, 68.58, 28.96, 56.52, 303.87, 22.21, 240.16, 19.08, 159.6, 23.64, 84.99, 19.54], (150.8496, 573.2051, 1426.779)]
[1558.45, [440.4, 68.58, 28.96, 32.41, 301.49, 15.73, 292.75, 22.55, 175.61, 21.9, 121.43, 17.92], (153.3647, 652.7229, 1666.161)]
[2112.98, [440.4, 68.58, 28.96, 49.77, 342.61, 19.29, 235.01, 19.33, 159.6, 22.67, 84.99, 19.02], (163.9593, 605.8798, 1430.155)]
[2810.4, [440.4, 68.58, 28.96, 40.49, 359.33, 19.16, 273.14, 17.51, 216.56, 22.43, 135.84, 21.24], (169.7183, 664.2611, 1550.837)]
[3012.63, [440.4, 68.58, 28.96, 52.21, 316.8, 18.84, 286.35, 20.76, 196.18, 21.08, 104.01, 18.18], (171.0923, 663.5971, 1624.054)]
[3062.86, [440.4, 68.58, 28.96, 37.32, 317.26, 21.33, 235.01, 19.33, 201.87, 21.44, 135.73, 21.24], (171.5212, 662.0247, 1634.914)]
[3127.32, [440.4, 68.58, 28.96, 49.77, 342.61, 19.29, 233.31, 20.96, 165.46, 19.35, 79.29, 20.1], (174.4133, 627.0304, 1452.725)]
[4400.31, [440.4, 68.58, 28.96, 67.42, 308.52, 21.15, 253.21, 20.28, 208.18, 19.95, 121.21, 19.48], (182.5496, 710.3213, 1800.048)]
[4709.31, [440.4, 68.58, 28.96, 56.52, 303.87, 22.21, 240.16, 19.08, 201.87, 21.44, 103.99, 15.58], (185.2954, 728.3559, 1790.874)]
[5431.38, [440.4, 68.58, 28.96, 52.21, 316.8, 18.84, 233.77, 16.81, 186.86, 22.46, 88.92, 21.3], (69.31003, 178.6942, 1571.656)]
[5630.08, [440.4, 68.58, 28.96, 52.21, 316.8, 18.84, 289.67, 17.51, 213.49, 22.43, 103.99, 15.58], (193.167, 753.9763, 1783.735)]
[5987.63, [440.4, 68.58, 28.96, 40.49, 359.33, 19.16, 273.14, 17.51, 213.49, 20.03, 135.89, 20.7], (197.6381, 713.0785, 1643.211)]
[6291.71, [440.4, 68.58, 28.96, 37.32, 317.26, 21.33, 233.31, 15.57, 151.67, 22.81, 97.77, 16.62], (200.2039, 697.5752, 1645.172)]
[6708.91, [440.4, 68.58, 28.96, 26.77, 349.84, 19.68, 261.26, 19.82, 201.46, 17.34, 139.12, 20.73], (204.4869, 518.6034, 927.5605)]
[6810.27, [440.4, 68.58, 28.96, 10.29, 323.06, 19.32, 271.62, 16.2, 154.14, 22.43, 103.99, 15.58], (204.1185, 722.6527, 1642.682)]
[6851.95, [440.4, 68.58, 28.96, 10.29, 323.06, 19.16, 273.14, 17.51, 213.49, 22.43, 103.99, 15.58], (59.74509, 230.5583, 740.0229)]
[7544.64, [440.4, 68.58, 28.96, 40.49, 359.33, 19.32, 271.62, 16.2, 154.14, 20.03, 135.89, 20.7], (209.7998, 711.8603, 1644.248)]
[8125.66, [440.4, 68.58, 28.96, 60.63, 344.16, 15.77, 266.1, 20.26, 196.86, 16.02, 85.1, 21.82], (213.8033, 723.2855, 1673.418)]
[8264.79, [440.4, 68.58, 28.96, 18.82, 304.65, 22.49, 229.15, 17.9, 212.26, 19.43, 116.81, 14.8], (212.7908, 334.6575, 1961.927)]
[8406.97, [440.4, 68.58, 28.96, 46.51, 356.11, 20.69, 228.25, 17.7, 150.47, 17.34, 139.12, 20.73], (215.6874, 729.2333, 1689.866)]
[10399.62, [440.4, 68.58, 28.96, 21.52, 355.09, 16.05, 221.96, 17.83, 185.91, 18.45, 101.01, 18.87], (228.8928, 781.8939, 1735.755)]
[10432.88, [440.4, 68.58, 28.96, 60.63, 344.16, 15.77, 266.1, 20.26, 150.47, 15.25, 83.09, 17.85], (228.8824, 788.5366, 1763.913)]
[12983.58, [440.4, 68.58, 28.96, 53.08, 320.1, 21.05, 289.67, 17.68, 171.44, 15.4, 96.08, 16.0], (244.6563, 813.3677, 1854.812)]
[13094.83, [440.4, 68.58, 28.96, 40.49, 359.33, 19.16, 273.14, 17.68, 171.44, 15.4, 81.84, 16.0], (246.2294, 794.5707, 1732.22)]
[13532.91, [440.4, 68.58, 28.96, 60.3, 327.34, 22.54, 256.44, 15.57, 151.67, 23.54, 97.77, 16.62], (248.9882, 1101.626, 1416.029)]
[14819.63, [440.4, 68.58, 28.96, 52.21, 316.8, 18.84, 289.67, 17.68, 171.44, 15.4, 96.08, 15.71], (255.1103, 855.6193, 1937.65)]
[15466.44, [440.4, 68.58, 28.96, 43.75, 324.65, 17.2, 289.67, 17.68, 171.44, 15.4, 96.08, 16.0], (258.9832, 862.3775, 1925.007)]
[18984.51, [440.4, 68.58, 28.96, 65.48, 295.48, 14.49, 229.1, 17.85, 171.44, 15.4, 96.08, 16.0], (276.5799, 989.1565, 2227.718)]
[21858.04, [440.4, 68.58, 28.96, 52.21, 318.94, 18.84, 289.67, 17.68, 171.44, 15.4, 96.08, 16.0], (281.8779, 1917.199, 3205.068)]
[158439.28, [440.4, 68.58, 28.96, 52.21, 316.8, 18.84, 289.67, 17.68, 176.26, 17.62, 112.48, 20.4], (753.2311, 1773.787, 3214.09)]

Population size: 30
Number of couples: 13
Number of kept parents: 0
Best parent kept: True
Mutation Probability: 0.04
Mutation range (x, y): 15, 1