[558.36, [440.4, 68.58, 28.96, 56.52, 312.1, 22.21, 240.16, 22.55, 175.61, 21.9, 121.43, 18.18], (138.9335, 594.1487, 1564.186)]
[1054.5, [440.4, 68.58, 28.96, 51.81, 303.87, 22.21, 240.16, 19.08, 159.6, 23.64, 84.99, 19.54], (150.8582, 572.0563, 1416.361)]
[1501.1, [440.4, 68.58, 28.96, 45.24, 314.67, 15.73, 292.75, 18.85, 159.6, 23.64, 84.99, 19.02], (155.4161, 617.6583, 1494.476)]
[1531.55, [440.4, 68.58, 28.96, 52.21, 316.8, 19.31, 286.35, 20.58, 201.87, 22.12, 135.73, 21.24], (154.1052, 629.5215, 1609.278)]
[1618.27, [440.4, 68.58, 28.96, 52.21, 316.8, 19.29, 235.01, 19.33, 159.6, 22.67, 84.99, 19.54], (105.3277, 663.562, 1499.512)]
[1806.6, [440.4, 68.58, 28.96, 40.49, 359.33, 19.29, 235.01, 19.33, 159.6, 22.67, 84.99, 19.54], (161.4678, 584.3904, 1356.339)]
[2020.45, [440.4, 68.58, 28.96, 49.77, 342.61, 19.29, 235.01, 19.33, 159.6, 22.67, 84.99, 19.35], (163.05, 601.6061, 1419.883)]
[2041.68, [440.4, 68.58, 28.96, 52.21, 316.8, 18.84, 286.35, 20.76, 193.54, 21.44, 135.73, 21.24], (160.2818, 641.4964, 1631.851)]
[2066.49, [440.4, 68.58, 28.96, 32.41, 303.87, 22.21, 240.16, 19.08, 159.6, 23.64, 103.99, 15.58], (161.6444, 623.583, 1562.34)]
[2223.54, [440.4, 68.58, 28.96, 52.21, 316.8, 18.84, 281.42, 20.76, 196.18, 21.08, 104.01, 20.47], (163.5699, 628.8467, 1551.278)]
[2370.91, [440.4, 68.58, 28.96, 49.77, 342.61, 19.29, 235.01, 19.33, 159.6, 22.67, 101.01, 18.87], (166.0275, 621.7249, 1490.871)]
[2437.2, [440.4, 68.58, 28.96, 52.21, 316.8, 19.29, 235.01, 19.33, 159.6, 22.67, 84.99, 19.02], (166.3685, 631.4537, 1517.012)]
[2828.03, [440.4, 68.58, 28.96, 49.77, 342.61, 18.76, 289.67, 17.51, 213.49, 22.43, 84.99, 19.54], (170.7308, 642.5623, 1494.82)]
[2987.84, [440.4, 68.58, 28.96, 52.21, 316.8, 18.84, 289.67, 19.33, 201.87, 21.44, 135.73, 21.24], (170.1324, 674.3627, 1679.332)]
[3036.08, [440.4, 68.58, 28.96, 56.52, 303.87, 22.21, 240.16, 19.33, 201.87, 21.44, 135.73, 21.24], (170.0989, 672.7327, 1732.351)]
[3671.68, [440.4, 68.58, 28.96, 52.21, 316.8, 18.84, 233.77, 16.81, 186.86, 22.46, 88.92, 21.3], (178.0154, 674.3768, 1585.694)]
[4190.76, [440.4, 68.58, 28.96, 40.49, 359.33, 19.16, 273.14, 17.51, 216.56, 22.43, 135.84, 19.02], (182.0925, 706.9356, 1643.096)]
[4547.27, [440.4, 68.58, 28.96, 67.42, 308.52, 21.15, 253.21, 21.06, 208.18, 19.95, 103.99, 15.58], (183.3353, 739.2564, 1832.988)]
[4912.31, [440.4, 68.58, 28.96, 67.42, 308.52, 21.15, 253.21, 20.28, 208.18, 19.95, 121.21, 18.18], (186.5923, 733.5834, 1844.199)]
[5010.01, [440.4, 68.58, 28.96, 52.21, 316.8, 18.84, 253.21, 20.28, 208.18, 19.95, 121.21, 19.48], (188.1552, 727.6651, 1771.505)]
[5038.03, [440.4, 68.58, 28.96, 52.21, 316.8, 18.84, 289.67, 19.08, 159.6, 23.64, 84.99, 19.02], (188.0731, 846.8787, 1689.64)]
[5237.32, [440.4, 68.58, 28.96, 49.77, 342.61, 19.32, 271.62, 16.2, 201.87, 21.44, 140.64, 21.24], (190.7345, 724.2832, 1705.961)]
[6047.26, [440.4, 68.58, 28.96, 29.07, 318.43, 19.64, 266.95, 15.01, 147.63, 21.04, 75.71, 21.97], (199.8337, 662.3785, 1482.116)]
[7189.34, [440.4, 68.58, 28.96, 51.81, 303.87, 22.21, 240.16, 19.08, 159.6, 23.19, 84.99, 19.54], (53.83531, 155.0728, 1375.502)]
[7273.62, [440.4, 68.58, 28.96, 49.77, 342.61, 18.76, 303.97, 17.51, 213.49, 22.43, 121.21, 21.24], (208.2003, 713.8902, 1583.352)]
[8108.74, [440.4, 68.58, 28.96, 71.99, 318.3, 19.54, 269.98, 16.22, 218.02, 19.6, 84.34, 19.47], (212.6977, 757.6223, 1772.741)]
[9737.6, [440.4, 68.58, 28.96, 21.52, 355.09, 16.05, 221.96, 17.83, 178.94, 18.45, 84.99, 19.54], (225.0395, 755.7559, 1666.624)]
[10341.4, [440.4, 68.58, 28.96, 52.21, 316.8, 18.84, 289.67, 19.33, 196.18, 21.08, 104.01, 17.92], (33.20945, 213.7874, 1697.368)]
[72905.04, [440.4, 68.58, 28.96, 52.21, 316.8, 18.84, 286.35, 20.76, 193.54, 21.44, 135.73, 21.24], (500.1486, 1576.588, 2180.531)]
[95672.28, [440.4, 68.58, 28.96, 21.33, 308.16, 15.11, 238.54, 21.07, 173.32, 22.93, 94.74, 16.22], (572.8089, 1686.557, 2893.218)]

Population size: 30
Number of couples: 13
Number of kept parents: 0
Best parent kept: True
Mutation Probability: 0.04
Mutation range (x, y): 15, 1