[19.88, [440.4, 68.58, 28.96, 56.52, 312.1, 23.13, 286.35, 20.76, 172.64, 23.45, 103.99, 20.41], (131.2807, 510.1534, 1311.717)]
[21.48, [440.4, 68.58, 28.96, 56.52, 312.1, 23.13, 286.35, 20.76, 172.64, 23.45, 103.99, 20.41], (131.2807, 510.5738, 1313.735)]
[35.96, [440.4, 68.58, 28.96, 56.52, 308.75, 23.13, 286.35, 20.76, 175.61, 23.64, 103.99, 20.41], (129.8318, 510.7661, 1321.884)]
[41.85, [440.4, 68.58, 28.96, 56.52, 312.1, 23.13, 287.42, 20.76, 172.64, 23.64, 103.99, 20.41], (129.3794, 505.2454, 1301.451)]
[41.96, [440.4, 68.58, 28.96, 56.52, 319.16, 23.13, 240.16, 20.93, 172.64, 23.64, 103.99, 20.41], (130.9392, 516.6844, 1343.07)]
[43.75, [440.4, 68.58, 28.96, 56.52, 312.1, 23.06, 286.35, 20.76, 172.64, 23.64, 112.09, 20.47], (130.1245, 513.1925, 1336.105)]
[44.27, [440.4, 68.58, 28.96, 56.52, 312.1, 23.13, 286.35, 20.76, 172.64, 23.64, 112.09, 20.47], (129.9863, 512.1791, 1333.807)]
[48.48, [440.4, 68.58, 28.96, 56.75, 308.75, 22.21, 286.35, 20.76, 175.61, 23.64, 103.99, 20.41], (131.4674, 523.2545, 1351.318)]
[50.64, [440.4, 68.58, 28.96, 56.52, 312.1, 23.13, 286.35, 20.76, 172.64, 23.45, 112.09, 20.47], (131.819, 516.6011, 1342.033)]
[50.64, [440.4, 68.58, 28.96, 56.52, 312.1, 23.13, 286.35, 20.76, 172.64, 23.45, 112.09, 20.47], (131.819, 516.6011, 1342.033)]
[58.31, [440.4, 68.58, 28.96, 66.65, 308.75, 23.13, 286.35, 20.76, 175.61, 23.64, 103.99, 20.41], (129.753, 511.9475, 1344.219)]
[66.06, [440.4, 68.58, 28.96, 66.65, 312.1, 23.13, 286.35, 20.76, 158.42, 23.45, 116.63, 20.41], (131.5999, 515.6893, 1359.642)]
[67.2, [440.4, 68.58, 28.96, 56.52, 308.75, 22.21, 280.89, 20.76, 175.61, 23.64, 103.99, 20.41], (131.9571, 526.2864, 1360.062)]
[67.2, [440.4, 68.58, 28.96, 56.52, 308.75, 22.21, 280.89, 20.76, 175.61, 23.64, 103.99, 20.41], (131.9571, 526.2864, 1360.063)]
[67.33, [440.4, 68.58, 28.96, 66.65, 312.1, 23.13, 286.35, 20.76, 172.64, 23.64, 112.09, 20.47], (129.9077, 513.3752, 1356.967)]
[74.68, [440.4, 68.58, 28.96, 56.52, 312.1, 23.13, 286.35, 20.76, 172.64, 23.45, 90.77, 20.41], (130.2163, 499.2518, 1262.059)]
[82.01, [440.4, 68.58, 28.96, 66.65, 312.1, 23.13, 272.87, 20.76, 175.61, 23.64, 112.09, 20.47], (131.0632, 522.326, 1387.964)]
[85.74, [440.4, 68.58, 28.96, 56.52, 312.1, 23.13, 286.35, 20.76, 172.64, 23.45, 103.99, 19.5], (133.7494, 522.6474, 1342.947)]
[102.39, [440.4, 68.58, 28.96, 56.85, 296.0, 23.13, 286.35, 20.76, 175.61, 23.64, 95.88, 19.5], (132.7766, 529.7476, 1376.513)]
[208.77, [440.4, 68.58, 28.96, 56.52, 319.16, 23.13, 286.35, 20.76, 175.61, 24.04, 103.99, 20.41], (125.2112, 491.9687, 1263.223)]
[764.73, [440.4, 68.58, 28.96, 56.52, 312.1, 23.13, 286.35, 20.76, 172.64, 23.45, 103.99, 20.41], (146.7882, 562.4292, 1395.172)]
[1700.61, [440.4, 68.58, 28.96, 42.2, 357.93, 15.34, 285.1, 20.69, 181.69, 21.71, 76.14, 19.5], (159.5963, 598.0102, 1389.759)]
[4288.97, [440.4, 68.58, 28.96, 12.76, 345.72, 18.77, 291.51, 21.9, 209.58, 16.68, 82.68, 22.77], (186.2996, 605.2159, 1381.972)]
[4752.31, [440.4, 68.58, 28.96, 60.75, 312.1, 23.13, 286.35, 20.76, 172.64, 23.45, 103.99, 20.41], (179.9922, 1357.534, 1777.324)]
[6522.05, [440.4, 68.58, 28.96, 56.52, 312.1, 23.13, 287.42, 20.76, 172.64, 16.32, 145.62, 15.96], (199.7375, 764.7729, 1866.493)]
[6737.17, [440.4, 68.58, 28.96, 43.27, 335.47, 21.46, 225.15, 17.29, 189.26, 20.24, 129.35, 18.89], (202.8764, 723.9063, 1727.17)]
[10773.1, [440.4, 68.58, 28.96, 56.85, 296.0, 16.55, 284.34, 14.64, 207.11, 23.64, 103.99, 20.41], (31.78365, 174.1879, 738.8509)]
[15456.09, [440.4, 68.58, 28.96, 56.52, 308.75, 22.21, 286.35, 20.76, 175.61, 23.64, 103.99, 20.41], (263.5036, 635.9053, 1366.753)]
[21426.01, [440.4, 68.58, 28.96, 56.52, 319.16, 16.55, 290.34, 14.64, 207.11, 16.32, 145.62, 15.96], (289.5914, 1000.786, 2249.37)]
[95403.49, [440.4, 68.58, 28.96, 56.52, 308.75, 22.21, 286.35, 20.76, 175.61, 23.64, 103.99, 20.41], (573.3532, 1444.753, 2694.53)]

Population size: 30
Number of couples: 13
Number of kept parents: 0
Best parent kept: True
Mutation Probability: 0.04
Mutation range (x, y): 15, 1