[24.06, [440.4, 68.58, 28.96, 53.47, 312.1, 22.69, 287.42, 20.76, 181.66, 23.64, 103.99, 20.47], (130.4139, 515.4002, 1321.816)]
[24.25, [440.4, 68.58, 28.96, 53.47, 312.1, 23.13, 274.27, 20.76, 172.64, 23.64, 103.99, 20.41], (130.3401, 510.8985, 1316.778)]
[24.25, [440.4, 68.58, 28.96, 53.47, 312.1, 23.13, 274.27, 20.76, 172.64, 23.64, 103.99, 20.41], (130.3401, 510.8985, 1316.778)]
[24.25, [440.4, 68.58, 28.96, 53.47, 312.1, 23.13, 274.27, 20.76, 172.64, 23.64, 103.99, 20.41], (130.3401, 510.8985, 1316.778)]
[30.65, [440.4, 68.58, 28.96, 56.52, 312.1, 23.13, 274.27, 20.76, 172.64, 23.64, 103.99, 20.41], (130.3167, 511.4042, 1323.437)]
[31.25, [440.4, 68.58, 28.96, 56.52, 312.1, 23.13, 287.42, 20.76, 181.66, 23.64, 103.99, 20.41], (129.7925, 510.7752, 1316.597)]
[31.25, [440.4, 68.58, 28.96, 56.52, 312.1, 23.13, 287.42, 20.76, 181.66, 23.64, 103.99, 20.41], (129.7925, 510.7752, 1316.597)]
[31.29, [440.4, 68.58, 28.96, 56.52, 312.1, 23.13, 272.87, 20.76, 172.64, 23.64, 103.99, 20.41], (130.4215, 512.0796, 1325.802)]
[39.43, [440.4, 68.58, 28.96, 56.52, 319.16, 23.13, 287.42, 20.76, 172.64, 23.64, 112.09, 20.47], (129.4102, 505.1244, 1303.444)]
[42.36, [440.4, 68.58, 28.96, 56.52, 312.1, 23.13, 272.87, 20.76, 186.26, 23.64, 103.99, 20.47], (130.8785, 519.963, 1347.031)]
[44.0, [440.4, 68.58, 28.96, 56.52, 312.1, 23.13, 287.42, 20.76, 172.64, 23.64, 112.09, 20.47], (129.9129, 511.6908, 1332.033)]
[52.01, [440.4, 68.58, 28.96, 56.52, 312.1, 23.59, 287.42, 20.76, 181.66, 23.64, 112.09, 20.47], (129.4579, 510.9215, 1332.034)]
[52.52, [440.4, 68.58, 28.96, 56.52, 312.1, 23.13, 274.27, 20.76, 172.64, 23.64, 112.09, 20.47], (130.8742, 518.0463, 1355.295)]
[54.44, [440.4, 68.58, 28.96, 56.52, 312.1, 23.13, 272.87, 20.76, 172.64, 23.64, 112.09, 20.47], (130.9808, 518.734, 1357.363)]
[71.71, [440.4, 68.58, 28.96, 62.33, 312.1, 23.13, 272.87, 20.76, 175.61, 23.64, 112.09, 20.47], (131.0857, 521.674, 1376.841)]
[72.97, [440.4, 68.58, 28.96, 62.33, 312.1, 22.43, 272.87, 20.76, 175.61, 23.64, 103.99, 20.41], (131.974, 525.1988, 1366.648)]
[84.47, [440.4, 68.58, 28.96, 56.52, 312.1, 23.13, 272.87, 20.76, 172.64, 23.45, 112.09, 20.47], (132.7514, 523.0256, 1365.381)]
[93.48, [440.4, 68.58, 28.96, 56.52, 312.1, 22.69, 287.42, 20.76, 181.66, 23.64, 103.99, 21.35], (127.4718, 502.6836, 1296.295)]
[127.85, [440.4, 68.58, 28.96, 53.47, 312.1, 23.13, 286.35, 20.76, 184.54, 23.64, 112.09, 19.5], (133.4967, 533.5588, 1381.711)]
[152.81, [440.4, 68.58, 28.96, 47.91, 312.1, 23.13, 274.27, 20.19, 172.64, 23.64, 112.09, 20.47], (135.5485, 528.8665, 1352.279)]
[168.94, [440.4, 68.58, 28.96, 56.52, 312.1, 22.69, 287.42, 20.07, 181.66, 23.64, 103.99, 20.41], (135.8265, 532.3271, 1355.738)]
[395.15, [440.4, 68.58, 28.96, 56.52, 319.16, 23.13, 287.42, 21.63, 172.64, 23.64, 103.99, 20.47], (121.6177, 477.9078, 1237.158)]
[482.44, [440.4, 68.58, 28.96, 56.52, 333.66, 23.13, 287.27, 20.76, 181.66, 23.64, 103.99, 20.41], (128.0703, 193.5465, 1200.814)]
[1129.57, [440.4, 68.58, 28.96, 62.33, 312.1, 23.13, 272.87, 20.76, 175.61, 23.64, 120.68, 21.15], (129.924, 189.6245, 520.5699)]
[2031.69, [440.4, 68.58, 28.96, 62.33, 312.1, 23.13, 272.87, 20.76, 175.61, 23.64, 112.09, 20.47], (131.1063, 1236.481, 2625.003)]
[2104.06, [440.4, 68.58, 28.96, 53.47, 312.1, 23.13, 274.27, 20.21, 172.64, 23.64, 103.99, 20.41], (135.043, 1320.922, 2527.518)]
[4320.04, [440.4, 68.58, 28.96, 15.29, 356.9, 20.84, 270.66, 19.94, 184.94, 19.43, 117.78, 18.79], (185.4204, 644.2381, 1471.869)]
[8732.32, [440.4, 68.58, 28.96, 20.48, 341.61, 15.74, 235.87, 20.23, 184.21, 18.6, 114.09, 15.71], (216.576, 806.3578, 1814.975)]
[9612.52, [440.4, 68.58, 28.96, 52.32, 324.09, 16.33, 269.69, 20.5, 213.58, 17.68, 115.25, 16.67], (221.8107, 827.2542, 1936.129)]
[75452.75, [440.4, 68.58, 28.96, 56.52, 312.1, 23.13, 274.27, 20.76, 172.64, 23.64, 112.09, 20.47], (508.3368, 1354.909, 2576.457)]

Population size: 30
Number of couples: 13
Number of kept parents: 0
Best parent kept: True
Mutation Probability: 0.04
Mutation range (x, y): 15, 1