[28.78, [440.4, 68.58, 28.96, 56.52, 313.87, 22.21, 286.35, 20.76, 175.61, 23.64, 103.99, 20.41], (131.1131, 518.3733, 1330.384)]
[192.89, [440.4, 68.58, 28.96, 56.52, 312.1, 22.21, 240.16, 22.55, 176.76, 21.9, 104.01, 20.47], (134.1336, 546.4753, 1417.286)]
[207.54, [440.4, 68.58, 28.96, 56.52, 312.1, 23.13, 240.16, 22.55, 175.61, 22.48, 121.43, 19.54], (128.8833, 546.3923, 1465.728)]
[224.17, [440.4, 68.58, 28.96, 52.21, 312.1, 22.21, 240.16, 22.55, 175.61, 23.31, 84.99, 19.54], (123.2355, 508.8035, 1309.263)]
[241.76, [440.4, 68.58, 28.96, 56.52, 312.1, 23.13, 240.16, 22.55, 175.61, 22.48, 121.43, 18.18], (130.7173, 563.2521, 1509.592)]
[241.76, [440.4, 68.58, 28.96, 56.52, 312.1, 23.13, 240.16, 22.55, 175.61, 22.48, 121.43, 18.18], (130.7173, 563.2521, 1509.592)]
[245.37, [440.4, 68.58, 28.96, 56.52, 306.51, 22.21, 240.16, 22.55, 176.76, 21.9, 104.01, 20.47], (134.8407, 553.4641, 1442.459)]
[262.62, [440.4, 68.58, 28.96, 56.52, 306.51, 22.21, 240.16, 22.55, 159.6, 23.31, 84.99, 19.54], (122.4298, 504.0827, 1307.4)]
[286.38, [440.4, 68.58, 28.96, 56.52, 300.9, 22.3, 240.16, 22.55, 176.76, 21.9, 104.01, 20.47], (135.2491, 559.2449, 1465.088)]
[286.38, [440.4, 68.58, 28.96, 56.52, 300.9, 22.3, 240.16, 22.55, 176.76, 21.9, 104.01, 20.47], (135.2491, 559.2449, 1465.088)]
[294.21, [440.4, 68.58, 28.96, 56.52, 313.87, 22.21, 240.16, 22.55, 168.8, 23.64, 84.99, 18.18], (121.9721, 511.0969, 1327.31)]
[338.5, [440.4, 68.58, 28.96, 56.52, 312.1, 22.21, 225.77, 22.55, 159.6, 23.64, 116.44, 15.58], (127.1335, 563.1786, 1536.128)]
[343.15, [440.4, 68.58, 28.96, 56.52, 312.1, 22.21, 240.16, 22.55, 175.61, 23.64, 116.44, 15.58], (128.5823, 577.3087, 1563.903)]
[343.15, [440.4, 68.58, 28.96, 56.52, 312.1, 22.21, 240.16, 22.55, 175.61, 23.64, 116.44, 15.58], (128.5823, 577.3087, 1563.903)]
[364.7, [440.4, 68.58, 28.96, 56.52, 306.51, 22.21, 240.16, 22.55, 175.61, 23.64, 116.44, 15.58], (129.3448, 585.9449, 1592.35)]
[368.79, [440.4, 68.58, 28.96, 56.52, 312.1, 22.21, 240.16, 22.55, 175.61, 22.48, 121.43, 18.18], (134.6319, 580.8658, 1544.679)]
[387.91, [440.4, 68.58, 28.96, 56.52, 312.1, 22.21, 240.16, 22.55, 159.6, 23.64, 99.55, 19.49], (120.1718, 501.8639, 1327.525)]
[389.93, [440.4, 68.58, 28.96, 56.52, 326.84, 22.21, 240.16, 22.55, 168.62, 22.48, 121.43, 15.58], (135.3087, 584.2518, 1541.738)]
[460.28, [440.4, 68.58, 28.96, 56.52, 312.1, 22.21, 240.16, 22.55, 159.6, 23.64, 84.99, 19.48], (119.2705, 490.7484, 1272.503)]
[492.07, [440.4, 68.58, 28.96, 56.52, 313.87, 22.97, 240.16, 22.55, 159.6, 23.31, 84.99, 19.54], (119.1972, 483.6611, 1251.538)]
[518.21, [440.4, 68.58, 28.96, 56.52, 306.51, 22.21, 240.16, 22.55, 159.6, 23.64, 116.44, 15.58], (126.9524, 600.9962, 1672.744)]
[527.34, [440.4, 68.58, 28.96, 56.52, 313.87, 22.21, 286.35, 20.76, 172.64, 23.64, 103.99, 18.18], (125.4416, 137.2479, 1324.98)]
[609.23, [440.4, 68.58, 28.96, 49.77, 342.61, 22.21, 240.16, 22.55, 175.61, 23.64, 84.99, 19.26], (118.3182, 474.6385, 1189.184)]
[1130.1, [440.4, 68.58, 28.96, 56.52, 312.1, 22.21, 240.16, 22.55, 159.6, 22.93, 84.99, 18.18], (127.4236, 1311.762, 1587.321)]
[1245.43, [440.4, 68.58, 28.96, 64.36, 342.61, 22.21, 240.16, 22.73, 175.61, 23.64, 116.44, 15.58], (122.9457, 566.0686, 2290.08)]
[2523.11, [440.4, 68.58, 28.96, 56.52, 312.1, 23.13, 240.16, 22.55, 175.61, 23.64, 116.44, 15.58], (125.2922, 1528.348, 2696.428)]
[7448.43, [440.4, 68.58, 28.96, 11.48, 306.52, 15.4, 264.27, 18.06, 182.79, 22.31, 130.97, 15.22], (206.2184, 828.881, 1903.008)]
[17712.63, [440.4, 68.58, 28.96, 57.36, 347.16, 14.81, 259.6, 15.85, 182.93, 16.55, 81.37, 15.67], (271.338, 902.7328, 1982.995)]
[108150.72, [440.4, 68.58, 28.96, 56.52, 312.1, 22.21, 240.16, 22.55, 175.61, 23.64, 116.44, 15.58], (611.859, 1607.908, 2867.526)]
[131493.01, [440.4, 68.58, 28.96, 45.86, 360.78, 19.82, 254.81, 18.65, 206.07, 20.8, 142.35, 20.68], (680.4193, 1614.517, 2861.918)]

Population size: 30
Number of couples: 13
Number of kept parents: 0
Best parent kept: True
Mutation Probability: 0.04
Mutation range (x, y): 15, 1