[36.3, [440.4, 68.58, 28.96, 49.77, 342.61, 22.21, 240.16, 22.55, 176.76, 21.9, 104.01, 20.47], (130.897, 512.7374, 1282.591)]
[280.84, [440.4, 68.58, 28.96, 56.52, 312.1, 22.21, 246.29, 22.55, 159.6, 23.64, 84.99, 19.54], (123.0201, 492.2785, 1275.804)]
[340.11, [440.4, 68.58, 28.96, 56.52, 312.1, 22.21, 240.16, 22.55, 159.6, 23.31, 84.99, 19.54], (130.9871, 498.3216, 993.6762)]
[343.0, [440.4, 68.58, 28.96, 56.52, 312.1, 22.21, 240.16, 22.55, 175.61, 23.64, 116.44, 15.58], (128.5823, 577.3082, 1563.756)]
[343.15, [440.4, 68.58, 28.96, 56.52, 312.1, 22.21, 240.16, 22.55, 175.61, 23.64, 116.44, 15.58], (128.5823, 577.3087, 1563.903)]
[355.4, [440.4, 68.58, 28.96, 56.52, 313.87, 22.21, 240.16, 22.55, 175.61, 22.48, 121.43, 18.18], (134.3919, 578.3477, 1540.728)]
[364.72, [440.4, 68.58, 28.96, 56.52, 306.51, 22.21, 240.16, 22.55, 175.61, 23.64, 116.44, 15.58], (129.3448, 585.9449, 1592.371)]
[369.22, [440.4, 68.58, 28.96, 56.52, 312.1, 22.21, 240.16, 22.55, 175.61, 22.48, 121.43, 18.18], (134.6319, 580.8662, 1545.106)]
[391.55, [440.4, 68.58, 28.96, 56.52, 318.11, 22.21, 240.16, 22.55, 175.61, 21.08, 104.01, 20.47], (139.3233, 556.5332, 1418.131)]
[460.28, [440.4, 68.58, 28.96, 56.52, 312.1, 22.21, 240.16, 22.55, 159.6, 23.64, 84.99, 19.48], (119.2705, 490.7484, 1272.503)]
[482.4, [440.4, 68.58, 28.96, 56.52, 312.1, 22.21, 240.16, 22.55, 159.6, 23.64, 84.99, 19.54], (119.1654, 490.6956, 1360.462)]
[558.07, [440.4, 68.58, 28.96, 52.21, 316.8, 18.84, 240.16, 22.55, 175.61, 23.64, 103.99, 15.58], (137.6034, 617.2093, 1595.3)]
[564.18, [440.4, 68.58, 28.96, 56.52, 312.1, 22.21, 246.29, 22.55, 154.53, 23.64, 84.99, 19.74], (118.0059, 480.8612, 1244.669)]
[667.31, [440.4, 68.58, 28.96, 56.52, 313.87, 22.21, 286.35, 20.76, 175.61, 23.64, 103.99, 15.58], (142.9719, 582.1042, 1492.609)]
[728.87, [440.4, 68.58, 28.96, 56.52, 312.1, 22.21, 240.16, 22.55, 175.61, 23.64, 88.92, 21.9], (115.3892, 471.8333, 1236.415)]
[961.08, [440.4, 68.58, 28.96, 16.8, 300.95, 15.98, 252.32, 16.14, 171.39, 16.76, 140.08, 20.28], (139.8876, 259.0712, 884.592)]
[1099.56, [440.4, 68.58, 28.96, 52.21, 316.8, 18.84, 240.16, 22.55, 175.61, 22.48, 121.43, 18.18], (145.3233, 295.7336, 1627.443)]
[1312.41, [440.4, 68.58, 28.96, 56.52, 312.1, 22.21, 240.16, 22.55, 175.61, 23.64, 135.73, 21.24], (122.7177, 568.3762, 2345.082)]
[1426.48, [440.4, 68.58, 28.96, 56.52, 316.8, 18.84, 253.21, 19.08, 159.6, 23.64, 84.99, 19.48], (154.9716, 604.5605, 1465.873)]
[2148.6, [440.4, 68.58, 28.96, 56.52, 312.1, 22.21, 240.16, 22.55, 176.76, 21.9, 104.01, 20.47], (134.2455, 1337.095, 2579.297)]
[2453.42, [440.4, 68.58, 28.96, 52.21, 316.8, 18.84, 240.16, 22.55, 175.61, 23.64, 103.99, 15.8], (104.1867, 137.2433, 614.6525)]
[2514.48, [440.4, 68.58, 28.96, 56.52, 313.87, 22.21, 240.16, 22.55, 168.62, 22.48, 121.43, 18.18], (95.7796, 134.5364, 1360.298)]
[4243.18, [440.4, 68.58, 28.96, 49.87, 331.05, 20.97, 239.1, 22.1, 149.66, 16.1, 124.67, 15.76], (181.6836, 724.041, 1722.248)]
[7164.0, [440.4, 68.58, 28.96, 52.21, 312.1, 22.21, 240.16, 22.55, 175.61, 21.08, 104.01, 20.47], (55.80419, 140.1148, 1023.605)]
[7712.66, [440.4, 68.58, 28.96, 56.52, 303.87, 22.22, 240.16, 19.33, 209.5, 20.49, 116.44, 15.58], (193.3038, 1736.844, 2867.23)]
[8875.45, [440.4, 68.58, 28.96, 67.95, 336.67, 22.2, 235.01, 15.68, 159.19, 20.54, 134.85, 16.49], (217.5149, 764.1329, 1869.549)]
[20451.96, [440.4, 68.58, 28.96, 52.21, 316.8, 18.84, 289.67, 19.08, 159.6, 23.64, 84.99, 19.48], (281.38, 1349.349, 2458.561)]
[102709.86, [440.4, 68.58, 28.96, 56.52, 313.87, 22.21, 240.16, 22.55, 175.61, 23.64, 116.44, 15.58], (595.1282, 1627.876, 2862.846)]
[114024.71, [440.4, 68.58, 28.96, 52.21, 316.8, 18.84, 289.67, 19.08, 176.76, 21.9, 104.01, 20.47], (629.918, 1530.634, 2822.114)]
[192839.91, [440.4, 68.58, 28.96, 56.52, 312.1, 22.21, 240.16, 22.55, 175.61, 23.64, 88.92, 21.9], (845.0356, 1463.44, 2332.268)]

Population size: 30
Number of couples: 13
Number of kept parents: 0
Best parent kept: True
Mutation Probability: 0.04
Mutation range (x, y): 15, 1