[24.25, [440.4, 68.58, 28.96, 53.47, 312.1, 23.13, 274.27, 20.76, 172.64, 23.64, 103.99, 20.41], (130.3401, 510.8985, 1316.778)]
[24.25, [440.4, 68.58, 28.96, 53.47, 312.1, 23.13, 274.27, 20.76, 172.64, 23.64, 103.99, 20.41], (130.3401, 510.8985, 1316.778)]
[30.44, [440.4, 68.58, 28.96, 56.52, 312.1, 22.69, 287.42, 20.76, 181.66, 23.64, 103.99, 20.47], (130.3911, 515.9313, 1328.505)]
[30.65, [440.4, 68.58, 28.96, 56.52, 312.1, 23.13, 274.27, 20.76, 172.64, 23.64, 103.99, 20.41], (130.3167, 511.4042, 1323.437)]
[31.29, [440.4, 68.58, 28.96, 56.52, 312.1, 23.13, 272.87, 20.76, 172.64, 23.64, 103.99, 20.41], (130.4215, 512.0796, 1325.802)]
[32.95, [440.4, 68.58, 28.96, 56.52, 312.1, 23.13, 287.42, 20.76, 181.66, 23.64, 103.99, 20.47], (129.6072, 509.8993, 1314.488)]
[37.73, [440.4, 68.58, 28.96, 56.52, 312.1, 23.13, 272.87, 20.76, 180.81, 23.64, 103.99, 20.41], (130.7973, 517.3173, 1339.907)]
[39.43, [440.4, 68.58, 28.96, 56.52, 319.16, 23.13, 287.42, 20.76, 172.64, 23.64, 112.09, 20.47], (129.4102, 505.1244, 1303.444)]
[43.93, [440.4, 68.58, 28.96, 53.47, 312.1, 23.13, 286.35, 20.76, 184.54, 23.64, 112.09, 20.47], (130.5966, 519.3949, 1347.192)]
[47.95, [440.4, 68.58, 28.96, 56.52, 312.1, 23.13, 287.42, 20.76, 181.66, 23.64, 103.99, 20.41], (129.7925, 510.8203, 1333.34)]
[49.68, [440.4, 68.58, 28.96, 53.47, 312.1, 23.13, 274.27, 20.76, 175.61, 23.64, 112.09, 20.47], (131.037, 519.4692, 1352.966)]
[52.13, [440.4, 68.58, 28.96, 56.52, 312.1, 23.13, 274.27, 20.76, 172.64, 23.64, 112.09, 20.47], (130.8742, 518.0463, 1354.901)]
[56.25, [440.4, 68.58, 28.96, 56.52, 312.1, 22.69, 287.42, 20.76, 181.66, 23.64, 112.09, 20.47], (131.1554, 523.7335, 1361.894)]
[71.71, [440.4, 68.58, 28.96, 62.33, 312.1, 23.13, 272.87, 20.76, 175.61, 23.64, 112.09, 20.47], (131.0857, 521.674, 1376.841)]
[83.05, [440.4, 68.58, 28.96, 56.52, 312.1, 23.13, 287.42, 20.76, 172.64, 23.64, 112.09, 19.5], (132.5765, 525.136, 1365.873)]
[84.47, [440.4, 68.58, 28.96, 56.52, 312.1, 23.13, 272.87, 20.76, 172.64, 23.45, 112.09, 20.47], (132.7514, 523.0256, 1365.381)]
[93.04, [440.4, 68.58, 28.96, 66.03, 312.1, 23.13, 287.42, 20.76, 172.64, 23.64, 112.09, 21.14], (127.8273, 503.1235, 1329.451)]
[97.03, [440.4, 68.58, 28.96, 56.52, 321.72, 23.13, 286.35, 20.76, 172.64, 23.64, 103.99, 20.41], (128.784, 497.1592, 1266.09)]
[121.74, [440.4, 68.58, 28.96, 56.52, 312.1, 22.76, 272.87, 20.76, 172.64, 23.45, 112.09, 20.47], (133.5997, 528.7817, 1377.824)]
[168.94, [440.4, 68.58, 28.96, 56.52, 312.1, 22.69, 287.42, 20.07, 181.66, 23.64, 103.99, 20.41], (135.8265, 532.3271, 1355.738)]
[352.76, [440.4, 68.58, 28.96, 49.04, 312.1, 23.13, 287.42, 20.76, 172.64, 24.27, 112.09, 21.14], (121.7501, 486.4114, 1265.051)]
[377.01, [440.4, 68.58, 28.96, 56.52, 312.1, 23.13, 272.87, 20.76, 172.64, 23.64, 120.68, 21.15], (129.8737, 828.1037, 1371.186)]
[1009.64, [440.4, 68.58, 28.96, 56.52, 313.42, 23.13, 272.87, 20.76, 172.64, 23.64, 112.09, 20.47], (149.9269, 573.2137, 1432.155)]
[1405.7, [440.4, 68.58, 28.96, 53.47, 312.1, 23.13, 274.27, 20.76, 172.64, 23.64, 103.99, 20.41], (130.3394, 162.2131, 266.7263)]
[4279.58, [440.4, 68.58, 28.96, 56.52, 333.66, 23.13, 287.27, 20.76, 181.66, 23.64, 103.99, 20.41], (74.63196, 499.1227, 1263.673)]
[6162.14, [440.4, 68.58, 28.96, 27.49, 352.65, 19.19, 289.64, 20.93, 169.36, 15.57, 82.46, 21.79], (201.2574, 644.5142, 1436.527)]
[6569.6, [440.4, 68.58, 28.96, 46.63, 308.94, 22.53, 279.58, 16.9, 159.19, 22.61, 133.05, 18.71], (183.2861, 1654.404, 2945.512)]
[9434.04, [440.4, 68.58, 28.96, 18.93, 294.88, 22.54, 260.62, 15.99, 164.72, 22.12, 129.74, 19.53], (41.07168, 198.284, 700.4258)]
[58856.9, [440.4, 68.58, 28.96, 56.52, 321.72, 23.24, 286.35, 20.76, 172.64, 23.64, 112.09, 20.47], (450.2889, 1323.816, 2261.701)]
[76625.99, [440.4, 68.58, 28.96, 62.33, 312.1, 23.13, 287.42, 20.76, 172.64, 23.64, 112.09, 20.47], (512.3427, 1343.353, 2590.646)]

Population size: 30
Number of couples: 13
Number of kept parents: 0
Best parent kept: True
Mutation Probability: 0.04
Mutation range (x, y): 15, 1