[192.89, [440.4, 68.58, 28.96, 56.52, 312.1, 22.21, 240.16, 22.55, 176.76, 21.9, 104.01, 20.47], (134.1336, 546.4753, 1417.286)]
[198.38, [440.4, 68.58, 28.96, 52.21, 316.8, 18.84, 286.35, 20.76, 159.6, 23.64, 84.99, 19.54], (136.3929, 541.4229, 1356.529)]
[295.76, [440.4, 68.58, 28.96, 56.52, 312.1, 22.21, 240.16, 22.55, 175.61, 23.64, 103.99, 15.58], (127.7673, 565.053, 1508.939)]
[558.36, [440.4, 68.58, 28.96, 56.52, 312.1, 22.21, 240.16, 22.55, 175.61, 21.9, 121.43, 18.18], (138.9335, 594.1487, 1564.186)]
[870.55, [440.4, 68.58, 28.96, 49.77, 342.61, 18.76, 303.97, 17.51, 213.49, 22.43, 121.21, 21.24], (146.8771, 496.0135, 1507.589)]
[940.03, [440.4, 68.58, 28.96, 52.21, 316.8, 18.84, 289.67, 19.08, 159.6, 23.64, 84.99, 19.48], (149.2744, 578.294, 1399.889)]
[1368.83, [440.4, 68.58, 28.96, 50.14, 303.87, 22.21, 240.16, 19.08, 159.6, 23.19, 84.99, 19.54], (154.9739, 581.2654, 1431.35)]
[1402.23, [440.4, 68.58, 28.96, 52.21, 316.8, 18.84, 253.21, 19.08, 159.6, 23.64, 84.99, 19.54], (154.8055, 602.9488, 1455.456)]
[1501.1, [440.4, 68.58, 28.96, 45.24, 314.67, 15.73, 292.75, 18.85, 159.6, 23.64, 84.99, 19.02], (155.4161, 617.6583, 1494.476)]
[2223.19, [440.4, 68.58, 28.96, 52.21, 316.8, 18.84, 281.42, 20.76, 196.18, 21.08, 104.01, 20.47], (163.5699, 628.8459, 1550.933)]
[2370.92, [440.4, 68.58, 28.96, 49.77, 342.61, 19.29, 235.01, 19.33, 159.6, 22.67, 101.01, 18.87], (166.0275, 621.7252, 1490.887)]
[2430.94, [440.4, 68.58, 28.96, 40.49, 316.8, 19.29, 235.01, 19.33, 161.01, 22.67, 84.99, 19.02], (166.5662, 629.2381, 1495.261)]
[2808.01, [440.4, 68.58, 28.96, 40.49, 359.33, 19.16, 273.14, 17.51, 216.56, 22.43, 135.73, 21.24], (169.6976, 664.1024, 1550.541)]
[3036.08, [440.4, 68.58, 28.96, 56.52, 303.87, 22.21, 240.16, 19.33, 201.87, 21.44, 135.73, 21.24], (170.0989, 672.7327, 1732.351)]
[3148.49, [440.4, 68.58, 28.96, 51.81, 303.87, 22.21, 240.16, 19.08, 193.54, 21.44, 135.73, 21.24], (171.5881, 668.189, 1707.972)]
[3163.14, [440.4, 68.58, 28.96, 32.41, 303.87, 22.21, 240.16, 19.08, 159.6, 21.9, 121.43, 18.18], (172.9038, 653.7238, 1610.058)]
[3290.8, [440.4, 68.58, 28.96, 52.21, 316.8, 18.84, 233.77, 16.81, 186.86, 22.46, 88.92, 21.9], (174.5752, 664.1563, 1563.022)]
[3418.1, [440.4, 68.58, 28.96, 30.47, 311.95, 20.98, 226.44, 22.61, 147.69, 14.94, 88.82, 22.42], (176.6602, 654.6792, 1490.459)]
[3912.25, [440.4, 68.58, 28.96, 51.81, 303.87, 22.21, 240.16, 20.28, 208.18, 19.95, 121.21, 19.48], (178.7115, 695.3067, 1733.326)]
[3984.67, [440.4, 68.58, 28.96, 52.21, 316.8, 18.84, 289.67, 19.33, 201.87, 21.44, 135.73, 21.24], (170.1324, 1461.577, 1888.943)]
[4077.89, [440.4, 68.58, 28.96, 49.77, 342.61, 19.29, 235.01, 19.33, 159.6, 22.67, 101.01, 18.87], (166.1665, 1082.427, 2724.768)]
[5086.47, [440.4, 68.58, 28.96, 58.84, 359.33, 19.29, 235.01, 19.33, 159.6, 22.67, 84.99, 19.31], (76.46371, 161.7311, 589.9199)]
[5267.62, [440.4, 68.58, 28.96, 52.21, 316.8, 18.84, 253.21, 20.28, 208.18, 19.95, 121.21, 19.02], (189.8533, 697.4315, 751.2134)]
[6031.99, [440.4, 68.58, 28.96, 62.45, 333.78, 14.69, 273.04, 17.8, 165.44, 22.57, 131.26, 16.47], (195.207, 785.8961, 1910.128)]
[6575.51, [440.4, 68.58, 28.96, 52.21, 316.8, 18.84, 286.35, 20.76, 193.54, 21.44, 135.84, 19.02], (62.81442, 172.8085, 690.3155)]
[8106.44, [440.4, 68.58, 28.96, 40.49, 359.33, 19.29, 235.01, 19.33, 159.6, 22.67, 84.99, 19.54], (46.45969, 165.4569, 1309.426)]
[9093.82, [440.4, 68.58, 28.96, 60.27, 346.26, 22.42, 223.64, 16.58, 186.99, 19.15, 135.69, 15.94], (218.9601, 783.7375, 1865.625)]
[10534.46, [440.4, 68.58, 28.96, 71.99, 318.3, 19.54, 269.98, 16.22, 218.02, 19.6, 84.34, 19.47], (32.12906, 246.8662, 853.2992)]
[129078.8, [440.4, 68.58, 28.96, 52.21, 316.8, 18.84, 281.42, 20.76, 196.18, 21.08, 121.43, 18.18], (672.7522, 1696.984, 3051.989)]
[202624.99, [440.4, 68.58, 28.96, 51.81, 303.87, 22.21, 240.16, 19.08, 159.6, 23.64, 84.99, 19.54], (868.88, 1569.082, 2373.762)]

Population size: 30
Number of couples: 13
Number of kept parents: 0
Best parent kept: True
Mutation Probability: 0.04
Mutation range (x, y): 15, 1