[740.09, [440.4, 68.58, 28.96, 52.21, 316.8, 18.84, 289.67, 17.68, 171.44, 15.4, 96.08, 16.0], (129.5404, 254.3561, 851.2949)]
[1703.16, [440.4, 68.58, 28.96, 37.32, 317.26, 21.33, 235.01, 19.33, 159.6, 22.67, 84.99, 19.54], (159.5539, 587.1831, 1406.542)]
[2582.77, [440.4, 68.58, 28.96, 57.33, 327.34, 22.54, 256.44, 20.96, 165.46, 19.35, 79.29, 20.1], (162.708, 582.1544, 585.5488)]
[3129.04, [440.4, 68.58, 28.96, 53.08, 320.1, 21.05, 233.77, 16.81, 186.86, 22.46, 88.92, 21.3], (173.713, 635.5226, 1515.028)]
[3339.53, [440.4, 68.58, 28.96, 56.52, 303.87, 22.21, 240.16, 19.08, 201.87, 21.44, 140.65, 21.24], (172.8261, 684.7163, 1763.011)]
[3585.28, [440.4, 68.58, 28.96, 43.75, 324.65, 17.2, 273.54, 20.76, 211.01, 21.08, 104.01, 18.18], (176.2529, 691.5392, 1662.055)]
[4232.08, [440.4, 68.58, 28.96, 18.2, 298.1, 15.39, 264.23, 22.92, 215.18, 16.81, 103.41, 17.03], (179.1852, 813.4131, 1885.755)]
[5211.09, [440.4, 68.58, 28.96, 40.49, 359.33, 19.16, 273.14, 17.51, 213.49, 22.43, 103.99, 15.58], (191.2729, 714.9698, 1626.387)]
[5695.9, [440.4, 68.58, 28.96, 34.31, 338.19, 19.37, 235.96, 19.95, 176.88, 19.29, 118.98, 17.53], (194.876, 720.1196, 1679.602)]
[5799.83, [440.4, 68.58, 28.96, 41.28, 327.5, 20.51, 272.98, 17.08, 168.44, 19.96, 92.18, 20.52], (197.3238, 667.916, 1539.064)]
[6220.1, [440.4, 68.58, 28.96, 67.96, 348.23, 16.38, 285.9, 15.46, 154.03, 21.0, 115.34, 22.03], (199.2196, 715.8448, 1677.841)]
[6838.11, [440.4, 68.58, 28.96, 49.77, 342.61, 19.29, 233.31, 15.57, 151.67, 22.81, 97.77, 16.62], (204.2347, 715.3648, 1662.88)]
[7315.86, [440.4, 68.58, 28.96, 63.69, 297.6, 18.47, 266.53, 15.74, 162.0, 20.98, 124.98, 21.36], (205.8446, 768.4188, 1879.532)]
[7815.24, [440.4, 68.58, 28.96, 60.63, 344.16, 15.77, 266.1, 20.26, 150.47, 17.34, 139.12, 20.73], (210.2121, 760.3817, 1811.29)]
[8125.39, [440.4, 68.58, 28.96, 10.29, 323.06, 19.32, 271.62, 16.2, 154.14, 20.03, 135.89, 20.7], (213.7894, 727.6528, 1670.685)]
[8330.97, [440.4, 68.58, 28.96, 18.82, 304.65, 22.49, 229.15, 17.9, 212.26, 19.43, 116.81, 14.8], (213.6967, 794.2302, 1822.351)]
[8497.95, [440.4, 68.58, 28.96, 46.51, 356.11, 20.69, 228.25, 17.7, 196.86, 16.02, 85.1, 21.82], (217.3677, 695.2541, 1581.485)]
[9614.34, [440.4, 68.58, 28.96, 26.77, 349.84, 19.68, 261.26, 19.82, 201.46, 15.25, 83.09, 17.85], (224.4195, 743.583, 1645.671)]
[10253.05, [440.4, 68.58, 28.96, 53.39, 356.59, 16.48, 224.43, 19.19, 217.78, 15.66, 104.72, 21.51], (227.6218, 775.8371, 1783.431)]
[10903.84, [440.4, 68.58, 28.96, 44.22, 311.72, 17.42, 286.79, 18.64, 197.27, 18.56, 84.49, 18.06], (217.0369, 1691.69, 3037.051)]
[11708.8, [440.4, 68.58, 28.96, 41.15, 327.77, 17.9, 227.83, 20.71, 157.93, 17.36, 132.86, 22.48], (23.19873, 705.8302, 1670.736)]
[12120.19, [440.4, 68.58, 28.96, 61.01, 318.54, 22.76, 259.0, 15.49, 189.22, 18.37, 118.39, 15.07], (238.4261, 826.6798, 1961.456)]
[12943.31, [440.4, 68.58, 28.96, 54.59, 313.55, 16.37, 249.73, 18.28, 165.99, 16.72, 77.3, 16.47], (243.7988, 849.8222, 1915.067)]
[13064.81, [440.4, 68.58, 28.96, 65.48, 295.48, 14.49, 229.1, 17.85, 176.26, 17.62, 112.48, 20.4], (243.1024, 895.1349, 2102.12)]
[15244.8, [440.4, 68.58, 28.96, 59.16, 311.19, 15.89, 254.78, 18.08, 183.79, 16.2, 89.77, 15.96], (256.6905, 902.8504, 2050.489)]
[51960.37, [440.4, 68.58, 28.96, 23.98, 347.76, 19.78, 256.89, 15.14, 187.64, 19.26, 86.75, 17.55], (420.9937, 1133.639, 3226.728)]
[137820.17, [440.4, 68.58, 28.96, 38.89, 350.45, 15.93, 283.24, 19.49, 177.04, 16.3, 139.93, 20.27], (696.9023, 1797.587, 3166.421)]
[143127.9, [440.4, 68.58, 28.96, 70.36, 351.12, 18.51, 277.4, 14.73, 208.06, 22.69, 139.87, 22.21], (712.2209, 1726.95, 3040.929)]
[183957.59, [440.4, 68.58, 28.96, 51.42, 364.45, 16.64, 276.17, 17.34, 154.25, 15.21, 113.88, 19.87], (819.4718, 1814.347, 3254.654)]
[226226.98, [440.4, 68.58, 28.96, 46.31, 325.25, 14.72, 226.47, 15.63, 194.08, 22.29, 116.06, 15.29], (921.9242, 1936.033, 3608.864)]

Population size: 30
Number of couples: 13
Number of kept parents: 0
Best parent kept: True
Mutation Probability: 0.04
Mutation range (x, y): 15, 1