[23.52, [440.4, 68.58, 28.96, 53.47, 312.1, 23.13, 264.17, 20.76, 164.76, 23.64, 103.99, 20.41], (130.7676, 510.5986, 1318.899)]
[24.06, [440.4, 68.58, 28.96, 53.47, 312.1, 22.69, 287.42, 20.76, 181.66, 23.64, 103.99, 20.47], (130.4139, 515.4002, 1321.816)]
[24.25, [440.4, 68.58, 28.96, 53.47, 312.1, 23.13, 274.27, 20.76, 172.64, 23.64, 103.99, 20.41], (130.3401, 510.8985, 1316.778)]
[24.25, [440.4, 68.58, 28.96, 53.47, 312.1, 23.13, 274.29, 20.76, 172.64, 23.64, 103.99, 20.41], (130.3384, 510.887, 1316.741)]
[28.33, [440.4, 68.58, 28.96, 56.52, 312.1, 23.13, 274.27, 20.76, 172.64, 23.64, 103.99, 20.41], (130.3167, 511.387, 1321.098)]
[30.65, [440.4, 68.58, 28.96, 56.52, 312.1, 23.13, 274.27, 20.76, 172.64, 23.64, 103.99, 20.41], (130.3167, 511.4042, 1323.437)]
[31.07, [440.4, 68.58, 28.96, 56.52, 312.1, 23.13, 287.42, 20.76, 181.66, 23.64, 103.99, 20.41], (129.7925, 510.7744, 1316.414)]
[31.25, [440.4, 68.58, 28.96, 56.52, 312.1, 23.13, 287.42, 20.76, 181.66, 23.64, 103.99, 20.41], (129.7925, 510.7752, 1316.597)]
[31.25, [440.4, 68.58, 28.96, 56.52, 312.1, 23.13, 287.42, 20.76, 181.66, 23.64, 103.99, 20.41], (129.7925, 510.7752, 1316.597)]
[37.07, [440.4, 68.58, 28.96, 56.52, 319.16, 23.13, 272.87, 20.76, 172.64, 23.64, 103.99, 20.41], (129.8833, 505.356, 1297.916)]
[39.43, [440.4, 68.58, 28.96, 56.52, 319.16, 23.13, 287.42, 20.76, 172.64, 23.64, 112.09, 20.47], (129.4102, 505.1244, 1303.444)]
[41.53, [440.4, 68.58, 28.96, 56.52, 312.1, 23.13, 274.27, 20.76, 161.77, 23.64, 112.09, 20.47], (130.3838, 510.7692, 1334.364)]
[43.99, [440.4, 68.58, 28.96, 56.52, 312.1, 23.13, 287.42, 20.76, 172.64, 23.64, 112.09, 20.47], (129.9131, 511.6916, 1332.023)]
[45.49, [440.4, 68.58, 28.96, 53.47, 312.1, 23.13, 274.27, 20.76, 172.64, 23.64, 112.09, 20.47], (130.8945, 517.4708, 1347.608)]
[50.44, [440.4, 68.58, 28.96, 53.47, 312.1, 23.13, 288.03, 20.76, 172.64, 23.64, 103.99, 20.41], (129.3593, 504.4757, 1293.992)]
[52.13, [440.4, 68.58, 28.96, 56.52, 312.1, 23.13, 274.27, 20.76, 172.64, 23.64, 112.09, 20.47], (130.8742, 518.0463, 1354.901)]
[56.06, [440.4, 68.58, 28.96, 56.52, 312.1, 23.13, 274.27, 20.71, 172.64, 23.64, 112.09, 20.47], (131.2852, 519.188, 1356.877)]
[61.32, [440.4, 68.58, 28.96, 51.02, 312.1, 23.13, 274.27, 20.76, 181.66, 23.64, 112.09, 20.47], (131.6924, 524.2615, 1360.191)]
[74.71, [440.4, 68.58, 28.96, 53.47, 312.1, 23.9, 274.27, 20.76, 172.64, 23.64, 103.99, 20.41], (128.543, 499.0529, 1291.823)]
[1071.54, [440.4, 68.58, 28.96, 53.47, 312.1, 23.13, 274.27, 20.76, 172.64, 23.64, 103.99, 20.41], (130.3401, 252.2003, 510.8985)]
[1927.59, [440.4, 68.58, 28.96, 53.47, 312.1, 23.13, 274.27, 20.76, 164.68, 23.64, 103.99, 20.41], (130.6044, 1284.151, 2473.866)]
[2070.22, [440.4, 68.58, 28.96, 56.52, 312.1, 23.13, 274.27, 20.76, 172.64, 23.64, 112.09, 19.82], (132.8006, 1285.16, 2588.421)]
[2530.22, [440.4, 68.58, 28.96, 56.52, 312.1, 23.59, 287.42, 20.76, 171.32, 22.82, 103.99, 20.41], (136.0827, 1412.017, 2828.616)]
[3785.97, [440.4, 68.58, 28.96, 29.5, 334.61, 21.15, 244.2, 20.21, 157.31, 18.16, 90.82, 21.47], (181.2185, 618.465, 1420.256)]
[9332.55, [440.4, 68.58, 28.96, 34.04, 297.51, 22.81, 241.18, 16.18, 157.35, 18.8, 144.68, 18.63], (220.7494, 777.0594, 1857.774)]
[10164.56, [440.4, 68.58, 28.96, 16.95, 354.45, 15.41, 239.62, 18.97, 183.08, 20.13, 131.73, 19.1], (35.53599, 206.5987, 760.204)]
[12021.08, [440.4, 68.58, 28.96, 56.52, 326.65, 23.13, 266.84, 20.76, 172.64, 23.64, 112.09, 20.47], (25.36195, 130.627, 508.3758)]
[43349.56, [440.4, 68.58, 28.96, 56.52, 325.05, 23.13, 287.42, 20.76, 181.66, 23.64, 103.99, 20.41], (389.1068, 1251.506, 2417.691)]
[65919.99, [440.4, 68.58, 28.96, 53.47, 312.1, 23.13, 274.27, 20.76, 172.64, 23.64, 103.99, 20.41], (475.3368, 1305.035, 2498.061)]
[69640.55, [440.4, 68.58, 28.96, 60.3, 312.1, 23.13, 287.42, 20.76, 181.66, 23.64, 103.99, 20.41], (488.3727, 1320.02, 2540.06)]

Population size: 30
Number of couples: 13
Number of kept parents: 0
Best parent kept: True
Mutation Probability: 0.04
Mutation range (x, y): 15, 1