[20.19, [440.4, 68.58, 28.96, 56.52, 319.16, 23.13, 286.35, 20.76, 175.61, 23.64, 103.99, 19.5], (131.5945, 513.5331, 1311.688)]
[29.38, [440.4, 68.58, 28.96, 56.52, 312.1, 23.13, 286.35, 20.76, 175.61, 23.64, 103.99, 20.41], (129.5863, 507.5636, 1308.236)]
[34.99, [440.4, 68.58, 28.96, 56.52, 312.1, 22.21, 286.35, 20.76, 175.61, 23.64, 103.99, 20.41], (131.2357, 520.0368, 1337.159)]
[43.33, [440.4, 68.58, 28.96, 56.52, 312.1, 23.13, 286.35, 20.76, 172.64, 23.64, 112.09, 20.41], (130.1643, 513.0806, 1336.065)]
[47.96, [440.4, 68.58, 28.96, 56.52, 308.75, 22.21, 286.35, 20.76, 175.61, 23.64, 103.99, 20.41], (131.4686, 523.2052, 1350.738)]
[50.64, [440.4, 68.58, 28.96, 56.52, 312.1, 23.13, 286.35, 20.76, 172.64, 23.45, 112.09, 20.47], (131.819, 516.6011, 1342.033)]
[55.19, [440.4, 68.58, 28.96, 56.52, 312.1, 23.71, 286.35, 20.76, 172.64, 23.64, 112.09, 20.47], (128.7932, 503.7099, 1315.077)]
[66.94, [440.4, 68.58, 28.96, 56.52, 319.16, 23.13, 286.35, 20.76, 163.03, 23.64, 112.09, 20.47], (129.0544, 499.5594, 1288.202)]
[85.1, [440.4, 68.58, 28.96, 52.02, 313.87, 22.21, 240.16, 22.55, 168.62, 22.48, 103.99, 20.41], (128.8195, 525.4322, 1362.906)]
[98.15, [440.4, 68.58, 28.96, 56.52, 313.87, 22.21, 240.16, 22.55, 168.62, 22.48, 103.99, 20.41], (128.7777, 526.288, 1374.208)]
[108.25, [440.4, 68.58, 28.96, 56.52, 312.1, 22.21, 286.35, 22.55, 168.62, 22.48, 103.99, 20.41], (126.6719, 501.7772, 1305.621)]
[121.48, [440.4, 68.58, 28.96, 56.52, 312.1, 23.13, 240.16, 20.93, 172.64, 23.64, 112.09, 20.47], (132.2135, 531.3645, 1404.92)]
[139.59, [440.4, 68.58, 28.96, 56.52, 308.75, 22.21, 286.35, 20.76, 172.64, 23.45, 112.09, 20.47], (133.8294, 532.8322, 1385.756)]
[143.55, [440.4, 68.58, 28.96, 56.52, 313.87, 23.13, 240.16, 20.93, 172.64, 23.64, 103.99, 19.5], (133.5419, 534.5918, 1395.258)]
[144.7, [440.4, 68.58, 28.96, 50.13, 326.84, 22.21, 240.16, 22.55, 168.62, 22.48, 103.99, 21.12], (126.2003, 501.8877, 1283.858)]
[206.72, [440.4, 68.58, 28.96, 50.13, 326.84, 22.24, 240.16, 22.55, 175.61, 22.48, 120.97, 18.18], (132.6588, 558.4924, 1454.536)]
[216.8, [440.4, 68.58, 28.96, 50.13, 312.98, 22.21, 240.16, 20.76, 175.61, 23.64, 103.99, 20.41], (135.7591, 543.2695, 1394.916)]
[256.64, [440.4, 68.58, 28.96, 56.52, 326.84, 22.21, 237.66, 22.55, 175.61, 22.48, 120.97, 17.87], (133.1919, 565.2892, 1486.039)]
[406.73, [440.4, 68.58, 28.96, 56.52, 299.07, 22.21, 240.16, 22.55, 168.8, 23.64, 103.99, 20.41], (120.859, 517.1472, 1394.709)]
[467.23, [440.4, 68.58, 28.96, 56.52, 313.87, 23.13, 240.16, 22.74, 175.61, 23.64, 116.44, 15.58], (122.604, 551.4142, 1511.994)]
[507.79, [440.4, 68.58, 28.96, 56.52, 313.87, 22.21, 240.16, 22.55, 175.61, 21.97, 120.97, 18.18], (138.1391, 589.5291, 1551.351)]
[553.45, [440.4, 68.58, 28.96, 56.52, 308.75, 22.21, 286.35, 20.76, 175.61, 23.64, 84.99, 15.58], (141.9531, 570.7429, 1442.264)]
[638.76, [440.4, 68.58, 28.96, 56.52, 312.1, 23.13, 240.16, 22.74, 175.61, 23.64, 103.99, 20.41], (115.492, 486.8518, 1310.79)]
[809.91, [440.4, 68.58, 28.96, 56.52, 312.1, 22.21, 286.35, 20.76, 175.61, 23.64, 116.44, 15.58], (144.2242, 596.806, 1553.35)]
[1711.3, [440.4, 68.58, 28.96, 31.5, 332.3, 22.94, 255.05, 21.95, 199.4, 19.62, 145.84, 20.02], (157.8901, 617.7685, 1515.943)]
[2898.87, [440.4, 68.58, 28.96, 56.52, 313.87, 22.21, 291.88, 20.76, 177.72, 22.96, 103.99, 18.18], (91.63663, 144.8916, 1376.555)]
[8002.83, [440.4, 68.58, 28.96, 28.04, 355.89, 19.98, 257.36, 21.11, 196.66, 15.06, 106.81, 16.41], (212.7274, 753.2649, 1667.156)]
[11633.01, [440.4, 68.58, 28.96, 18.91, 348.7, 20.87, 290.38, 17.36, 189.17, 16.5, 79.07, 17.04], (24.78223, 278.3069, 838.1874)]
[76748.26, [440.4, 68.58, 28.96, 56.52, 312.1, 23.13, 286.35, 20.76, 172.64, 23.64, 112.09, 20.41], (512.9576, 1324.17, 2551.862)]
[76801.67, [440.4, 68.58, 28.96, 56.52, 319.16, 23.13, 286.35, 20.76, 175.61, 23.64, 103.99, 19.5], (513.4023, 1307.301, 2491.7)]

Population size: 30
Number of couples: 13
Number of kept parents: 0
Best parent kept: True
Mutation Probability: 0.04
Mutation range (x, y): 15, 1