[23.9, [440.4, 68.58, 28.96, 53.47, 312.1, 23.13, 274.27, 20.76, 172.64, 23.64, 103.99, 20.41], (130.3401, 510.8976, 1316.428)]
[31.25, [440.4, 68.58, 28.96, 56.52, 312.1, 23.13, 287.42, 20.76, 181.66, 23.64, 103.99, 20.41], (129.7925, 510.7752, 1316.597)]
[32.9, [440.4, 68.58, 28.96, 56.52, 312.1, 23.13, 287.42, 20.76, 181.66, 23.64, 103.99, 20.47], (129.6072, 509.8993, 1314.438)]
[32.95, [440.4, 68.58, 28.96, 56.52, 312.1, 23.13, 287.42, 20.76, 181.66, 23.64, 103.99, 20.47], (129.6072, 509.8993, 1314.485)]
[38.32, [440.4, 68.58, 28.96, 56.52, 308.75, 23.13, 287.42, 20.76, 181.66, 23.64, 103.99, 20.41], (130.0404, 514.0433, 1330.455)]
[43.27, [440.4, 68.58, 28.96, 56.52, 319.16, 23.13, 272.87, 20.76, 172.64, 23.45, 98.66, 20.41], (131.1911, 505.0558, 1285.382)]
[44.22, [440.4, 68.58, 28.96, 56.52, 312.1, 23.13, 287.42, 20.76, 172.64, 23.64, 112.09, 20.47], (129.9129, 511.6908, 1332.253)]
[44.27, [440.4, 68.58, 28.96, 56.52, 312.1, 23.13, 286.35, 20.76, 172.64, 23.64, 112.09, 20.47], (129.9863, 512.1791, 1333.807)]
[44.27, [440.4, 68.58, 28.96, 56.52, 312.1, 23.13, 286.35, 20.76, 172.64, 23.64, 112.09, 20.47], (129.9863, 512.1791, 1333.807)]
[45.89, [440.4, 68.58, 28.96, 56.52, 312.1, 23.13, 286.35, 20.76, 175.61, 23.64, 112.09, 20.47], (130.1315, 514.1621, 1339.307)]
[51.16, [440.4, 68.58, 28.96, 56.52, 321.72, 23.13, 286.35, 20.76, 172.64, 23.64, 112.09, 20.47], (129.3062, 503.3376, 1295.377)]
[52.13, [440.4, 68.58, 28.96, 56.52, 312.1, 23.13, 274.27, 20.76, 172.64, 23.64, 112.09, 20.47], (130.8742, 518.0463, 1354.901)]
[57.88, [440.4, 68.58, 28.96, 56.52, 312.1, 23.13, 272.87, 20.76, 175.61, 23.64, 112.09, 20.47], (131.1254, 521.8182, 1362.834)]
[59.83, [440.4, 68.58, 28.96, 56.52, 312.1, 23.13, 287.42, 20.76, 181.66, 23.64, 103.99, 19.53], (132.3801, 523.4407, 1348.151)]
[65.96, [440.4, 68.58, 28.96, 56.52, 312.1, 23.13, 286.35, 20.93, 160.18, 22.98, 103.99, 20.41], (133.6423, 509.5555, 1303.461)]
[78.37, [440.4, 68.58, 28.96, 66.65, 312.1, 23.13, 286.35, 20.76, 172.64, 23.64, 112.09, 20.47], (130.1219, 546.0319, 1357.975)]
[99.34, [440.4, 68.58, 28.96, 66.65, 312.1, 23.13, 240.16, 20.93, 172.64, 23.64, 103.99, 20.41], (131.5602, 526.1581, 1398.109)]
[268.71, [440.4, 68.58, 28.96, 11.82, 342.93, 23.13, 276.98, 20.93, 160.18, 23.64, 103.99, 20.41], (128.2732, 471.0303, 1132.115)]
[1217.68, [440.4, 68.58, 28.96, 56.52, 308.75, 23.13, 286.35, 20.93, 160.18, 23.64, 103.99, 20.41], (127.77, 169.464, 497.3177)]
[1815.44, [440.4, 68.58, 28.96, 56.52, 319.16, 23.13, 240.16, 20.93, 172.64, 23.78, 103.99, 20.41], (115.0235, 129.7523, 513.5986)]
[4139.07, [440.4, 68.58, 28.96, 57.79, 363.06, 19.59, 254.47, 18.46, 191.78, 21.36, 133.25, 19.73], (182.9011, 601.5344, 1609.61)]
[4367.53, [440.4, 68.58, 28.96, 56.52, 312.1, 23.13, 287.42, 20.76, 181.66, 23.64, 103.99, 20.41], (187.8209, 560.3089, 1334.3)]
[4517.03, [440.4, 68.58, 28.96, 56.52, 308.75, 19.75, 231.52, 21.22, 157.93, 17.92, 77.28, 19.43], (185.5094, 688.854, 1614.378)]
[5051.14, [440.4, 68.58, 28.96, 56.52, 308.75, 23.13, 286.35, 20.93, 172.64, 23.64, 112.09, 20.47], (68.14358, 544.8459, 1376.514)]
[10158.34, [440.4, 68.58, 28.96, 40.79, 359.21, 19.17, 256.71, 17.34, 167.74, 15.97, 113.59, 22.13], (228.245, 725.6567, 1646.777)]
[11797.54, [440.4, 68.58, 28.96, 51.2, 312.63, 15.16, 252.16, 21.86, 172.87, 14.69, 110.12, 14.72], (235.1935, 904.2345, 2060.464)]
[16913.96, [440.4, 68.58, 28.96, 56.52, 312.1, 23.13, 274.27, 20.76, 172.64, 23.64, 103.99, 20.41], (271.9976, 521.0698, 1444.19)]
[75013.44, [440.4, 68.58, 28.96, 56.52, 312.1, 23.13, 286.35, 20.76, 175.61, 23.64, 103.99, 20.41], (507.4929, 1217.681, 2520.189)]
[100010.38, [440.4, 68.58, 28.96, 66.65, 312.1, 23.13, 286.35, 20.76, 172.64, 23.64, 103.99, 20.41], (585.6291, 1889.615, 2956.162)]
[136704.1, [440.4, 68.58, 28.96, 56.52, 312.1, 23.13, 286.35, 20.76, 181.66, 23.64, 103.99, 20.47], (694.4585, 1682.517, 3036.648)]

Population size: 30
Number of couples: 13
Number of kept parents: 0
Best parent kept: True
Mutation Probability: 0.04
Mutation range (x, y): 15, 1