[28.36, [440.4, 68.58, 28.96, 56.52, 313.87, 22.21, 286.35, 20.76, 175.61, 23.64, 103.99, 20.41], (131.1131, 518.3709, 1329.968)]
[28.36, [440.4, 68.58, 28.96, 56.52, 313.87, 22.21, 286.35, 20.76, 175.61, 23.64, 103.99, 20.41], (131.1131, 518.3709, 1329.968)]
[29.88, [440.4, 68.58, 28.96, 56.52, 313.87, 22.21, 286.35, 20.76, 175.61, 23.64, 103.99, 20.41], (131.1131, 518.3733, 1331.488)]
[44.25, [440.4, 68.58, 28.96, 56.52, 312.1, 23.13, 286.35, 20.76, 172.64, 23.64, 112.09, 20.47], (129.9863, 512.1791, 1333.79)]
[65.32, [440.4, 68.58, 28.96, 56.52, 312.1, 22.21, 286.35, 20.76, 172.64, 23.64, 112.09, 20.47], (131.6903, 525.0379, 1363.449)]
[85.42, [440.4, 68.58, 28.96, 56.52, 326.84, 22.21, 240.16, 22.55, 168.62, 22.48, 103.99, 20.41], (127.4093, 512.0708, 1319.578)]
[107.19, [440.4, 68.58, 28.96, 56.52, 312.1, 23.13, 240.16, 22.55, 177.62, 22.48, 84.99, 19.54], (126.7107, 514.7173, 1323.695)]
[119.15, [440.4, 68.58, 28.96, 56.52, 312.1, 23.13, 240.16, 20.76, 175.61, 23.64, 103.99, 20.41], (133.2019, 529.9431, 1383.667)]
[163.75, [440.4, 68.58, 28.96, 56.52, 312.1, 23.13, 240.16, 20.76, 172.64, 23.64, 112.09, 20.47], (133.6925, 535.0089, 1411.256)]
[177.43, [440.4, 68.58, 28.96, 56.52, 312.1, 22.21, 247.0, 22.55, 175.61, 22.48, 121.43, 20.41], (130.6244, 547.1369, 1460.853)]
[191.73, [440.4, 68.58, 28.96, 56.52, 326.84, 22.21, 240.16, 22.55, 168.62, 22.48, 121.43, 18.18], (131.831, 553.9887, 1458.857)]
[200.12, [440.4, 68.58, 28.96, 56.52, 312.1, 23.13, 240.16, 22.55, 175.61, 22.48, 121.43, 20.47], (127.4147, 533.9707, 1434.884)]
[205.21, [440.4, 68.58, 28.96, 56.52, 319.16, 23.13, 240.16, 22.55, 175.61, 22.48, 120.97, 18.18], (129.7595, 553.0137, 1472.767)]
[228.48, [440.4, 68.58, 28.96, 56.52, 312.1, 23.13, 240.16, 22.55, 168.62, 22.48, 121.43, 18.18], (129.7475, 555.9247, 1492.935)]
[231.18, [440.4, 68.58, 28.96, 56.52, 326.84, 22.21, 240.16, 22.55, 175.61, 22.48, 121.43, 18.18], (132.7437, 560.9586, 1474.781)]
[261.32, [440.4, 68.58, 28.96, 56.52, 313.87, 22.21, 291.88, 20.76, 175.61, 23.64, 103.99, 18.18], (136.8641, 546.3262, 1397.528)]
[287.66, [440.4, 68.58, 28.96, 56.52, 313.87, 22.21, 286.35, 22.55, 175.61, 23.64, 116.44, 15.58], (126.2372, 547.7591, 1473.404)]
[287.66, [440.4, 68.58, 28.96, 56.52, 313.87, 22.21, 286.35, 22.55, 175.61, 23.64, 116.44, 15.58], (126.2372, 547.7591, 1473.404)]
[375.45, [440.4, 68.58, 28.96, 56.52, 313.87, 23.13, 240.16, 22.55, 175.61, 22.48, 121.43, 15.58], (133.1787, 588.9711, 1581.476)]
[399.4, [440.4, 68.58, 28.96, 56.52, 312.1, 23.13, 240.16, 22.55, 175.61, 23.64, 116.44, 15.58], (124.9108, 559.0182, 1528.37)]
[445.86, [440.4, 68.58, 28.96, 56.52, 313.87, 22.21, 286.35, 20.76, 175.61, 23.64, 121.43, 18.18], (138.8814, 566.9625, 1481.093)]
[491.67, [440.4, 68.58, 28.96, 56.52, 312.1, 23.13, 240.16, 22.55, 175.61, 23.64, 103.99, 20.41], (118.1591, 492.34, 1318.76)]
[1016.55, [440.4, 68.58, 28.96, 56.52, 312.1, 22.21, 286.35, 20.76, 175.61, 23.99, 103.99, 20.1], (128.6529, 522.1307, 2291.808)]
[1125.49, [440.4, 68.58, 28.96, 56.52, 313.87, 22.21, 286.35, 20.76, 175.61, 22.48, 121.43, 18.18], (149.924, 594.0959, 1527.321)]
[7829.18, [440.4, 68.58, 28.96, 56.52, 313.87, 22.21, 240.16, 22.55, 168.8, 23.64, 84.99, 15.58], (46.67973, 533.2614, 1410.244)]
[8501.09, [440.4, 68.58, 28.96, 32.72, 338.18, 19.38, 287.15, 22.85, 147.64, 16.68, 115.11, 18.09], (48.20697, 178.7873, 659.3865)]
[10222.42, [440.4, 68.58, 28.96, 14.38, 324.76, 18.31, 226.25, 20.48, 175.36, 21.08, 113.17, 15.01], (32.91467, 659.7771, 1707.614)]
[23318.36, [440.4, 68.58, 28.96, 40.49, 299.5, 15.24, 269.02, 14.69, 177.53, 15.05, 100.35, 16.11], (299.9239, 986.7748, 2171.336)]
[74193.49, [440.4, 68.58, 28.96, 56.52, 312.1, 23.13, 286.35, 20.76, 175.61, 23.64, 103.99, 19.66], (504.2011, 1334.381, 2539.761)]
[91545.61, [440.4, 68.58, 28.96, 56.52, 313.87, 23.13, 240.16, 22.55, 175.71, 22.48, 121.43, 18.18], (560.7025, 1500.926, 2743.732)]

Population size: 30
Number of couples: 13
Number of kept parents: 0
Best parent kept: True
Mutation Probability: 0.04
Mutation range (x, y): 15, 1