[497.35, [440.4, 68.58, 28.96, 51.81, 303.87, 22.21, 240.16, 19.08, 159.6, 23.64, 84.99, 19.54], (141.3206, 571.9863, 1416.141)]
[1036.0, [440.4, 68.58, 28.96, 32.41, 303.87, 22.21, 240.16, 19.08, 159.6, 23.64, 84.99, 19.54], (151.248, 566.9754, 1376.638)]
[1188.88, [440.4, 68.58, 28.96, 56.52, 303.87, 22.21, 240.16, 19.08, 159.6, 23.64, 84.99, 19.02], (152.297, 580.2085, 1444.248)]
[1460.26, [440.4, 68.58, 28.96, 49.77, 342.61, 19.29, 235.01, 19.33, 159.6, 22.67, 84.99, 21.24], (157.1837, 576.0378, 1361.406)]
[1967.15, [440.4, 68.58, 28.96, 49.77, 342.61, 19.29, 235.01, 19.33, 159.6, 22.67, 84.99, 19.54], (162.5155, 599.1757, 1414.345)]
[2374.14, [440.4, 68.58, 28.96, 52.21, 316.8, 18.84, 286.35, 20.76, 193.54, 21.44, 135.73, 21.24], (164.2138, 641.8856, 1633.29)]
[2437.2, [440.4, 68.58, 28.96, 52.21, 316.8, 19.29, 235.01, 19.33, 159.6, 22.67, 84.99, 19.02], (166.3685, 631.4537, 1517.012)]
[2855.38, [440.4, 68.58, 28.96, 24.34, 301.1, 20.34, 240.64, 20.4, 148.4, 21.79, 115.8, 16.81], (169.9019, 665.3186, 1577.56)]
[2987.6, [440.4, 68.58, 28.96, 52.21, 316.8, 18.84, 289.67, 19.33, 201.87, 21.44, 135.73, 21.24], (170.1324, 674.3616, 1679.086)]
[3012.63, [440.4, 68.58, 28.96, 52.21, 316.8, 18.84, 286.35, 20.76, 196.18, 21.08, 104.01, 18.18], (171.0923, 663.5971, 1624.054)]
[3631.69, [440.4, 68.58, 28.96, 67.42, 308.52, 21.15, 253.21, 20.28, 208.18, 19.95, 121.21, 21.24], (176.1044, 677.7174, 1737.293)]
[3671.68, [440.4, 68.58, 28.96, 52.21, 316.8, 18.84, 233.77, 16.81, 186.86, 22.46, 88.92, 21.3], (178.0154, 674.3768, 1585.694)]
[4153.01, [440.4, 68.58, 28.96, 40.49, 359.33, 19.16, 273.14, 17.51, 216.56, 22.43, 135.84, 19.02], (181.9476, 701.7674, 1626.073)]
[4907.88, [440.4, 68.58, 28.96, 40.49, 359.33, 19.32, 271.62, 16.2, 201.87, 21.44, 135.73, 21.24], (188.906, 699.6834, 1611.802)]
[4931.94, [440.4, 68.58, 28.96, 52.21, 316.8, 19.31, 286.35, 20.76, 196.18, 21.08, 104.01, 17.92], (74.20892, 173.7732, 984.3122)]
[5010.01, [440.4, 68.58, 28.96, 52.21, 316.8, 18.84, 253.21, 20.28, 208.18, 19.95, 121.21, 19.48], (188.1552, 727.6651, 1771.505)]
[5266.91, [440.4, 68.58, 28.96, 49.77, 342.61, 18.76, 289.67, 17.51, 213.49, 22.43, 103.99, 15.58], (191.1138, 728.5634, 1687.156)]
[5325.14, [440.4, 68.58, 28.96, 67.42, 308.52, 21.15, 289.67, 17.51, 213.49, 22.43, 103.99, 15.58], (190.4867, 741.6615, 1805.146)]
[5630.09, [440.4, 68.58, 28.96, 52.21, 316.8, 18.84, 289.67, 17.51, 213.49, 22.43, 103.99, 15.58], (193.167, 753.9763, 1783.736)]
[7008.92, [440.4, 68.58, 28.96, 31.89, 356.87, 16.78, 277.85, 17.99, 184.52, 20.49, 128.42, 17.94], (204.9888, 746.3105, 1705.569)]
[7162.37, [440.4, 68.58, 28.96, 37.32, 317.26, 21.33, 235.01, 19.33, 188.15, 21.08, 104.01, 18.18], (191.9732, 1362.061, 2848.654)]
[7998.07, [440.4, 68.58, 28.96, 55.71, 356.11, 21.11, 228.25, 17.66, 150.47, 17.34, 139.12, 21.32], (212.7924, 719.638, 1687.198)]
[10399.62, [440.4, 68.58, 28.96, 21.52, 355.09, 16.05, 221.96, 17.83, 185.91, 18.45, 101.01, 18.87], (228.8928, 781.8939, 1735.755)]
[12983.58, [440.4, 68.58, 28.96, 53.08, 320.1, 21.05, 289.67, 17.68, 171.44, 15.4, 96.08, 16.0], (244.6563, 813.3677, 1854.812)]
[81149.96, [440.4, 68.58, 28.96, 45.24, 301.49, 15.73, 292.75, 22.55, 175.61, 21.9, 121.43, 18.18], (524.9186, 1712.501, 3030.634)]
[119186.79, [440.4, 68.58, 28.96, 37.32, 317.26, 21.33, 235.01, 19.33, 154.14, 20.03, 135.89, 20.7], (644.4162, 1724.686, 2896.542)]
[122423.65, [440.4, 68.58, 28.96, 40.49, 359.33, 19.16, 273.14, 17.51, 216.56, 22.43, 135.84, 19.48], (655.1775, 1405.385, 2775.383)]
[124505.7, [440.4, 68.58, 28.96, 56.52, 301.49, 15.73, 292.75, 22.55, 175.61, 21.9, 121.43, 17.92], (659.3457, 1733.985, 3094.281)]
[149428.91, [440.4, 68.58, 28.96, 37.32, 317.26, 21.33, 235.01, 17.51, 213.49, 22.43, 103.99, 15.58], (729.5638, 1717.698, 3031.957)]
[203085.47, [440.4, 68.58, 28.96, 15.55, 338.87, 19.56, 238.11, 17.74, 163.32, 16.9, 97.02, 14.68], (867.2373, 1872.671, 3199.698)]

Population size: 30
Number of couples: 13
Number of kept parents: 0
Best parent kept: True
Mutation Probability: 0.04
Mutation range (x, y): 15, 1