[17.48, [440.4, 68.58, 28.96, 53.47, 312.1, 22.69, 287.42, 20.76, 172.64, 23.64, 103.99, 20.41], (130.2214, 510.7671, 1308.577)]
[20.48, [440.4, 68.58, 28.96, 53.47, 326.09, 23.13, 274.27, 20.76, 172.64, 23.64, 116.28, 20.47], (130.2196, 508.0479, 1308.838)]
[20.88, [440.4, 68.58, 28.96, 53.47, 325.87, 23.13, 274.29, 20.76, 172.64, 23.64, 116.28, 20.47], (130.2332, 508.2219, 1309.562)]
[24.31, [440.4, 68.58, 28.96, 53.47, 326.09, 20.76, 287.42, 20.76, 172.64, 23.64, 103.99, 20.41], (132.4288, 523.2976, 1311.858)]
[27.61, [440.4, 68.58, 28.96, 53.47, 312.1, 22.69, 287.42, 20.76, 181.66, 23.64, 103.99, 20.66], (129.8055, 512.5776, 1314.949)]
[29.89, [440.4, 68.58, 28.96, 53.47, 312.1, 22.69, 287.42, 20.53, 172.64, 23.64, 103.99, 20.41], (132.0351, 515.9931, 1317.246)]
[30.65, [440.4, 68.58, 28.96, 56.52, 312.1, 23.13, 274.27, 20.76, 172.64, 23.64, 103.99, 20.41], (130.3167, 511.4042, 1323.437)]
[31.3, [440.4, 68.58, 28.96, 56.52, 312.1, 23.13, 274.29, 20.76, 172.64, 23.64, 103.99, 20.47], (130.1474, 510.5522, 1321.298)]
[32.3, [440.4, 68.58, 28.96, 56.52, 312.1, 23.29, 274.27, 20.76, 172.64, 23.64, 103.99, 20.41], (129.9619, 508.9992, 1318.328)]
[40.44, [440.4, 68.58, 28.96, 47.23, 312.1, 22.69, 287.42, 20.76, 172.64, 23.64, 116.28, 20.47], (131.2436, 520.366, 1342.862)]
[41.85, [440.4, 68.58, 28.96, 56.52, 312.1, 23.13, 287.42, 20.76, 172.64, 23.64, 103.99, 20.41], (129.3794, 505.2454, 1301.451)]
[41.9, [440.4, 68.58, 28.96, 56.52, 312.1, 23.29, 279.63, 20.76, 181.66, 23.64, 103.99, 20.66], (129.2626, 508.6275, 1316.1)]
[44.72, [440.4, 68.58, 28.96, 53.47, 325.87, 23.13, 274.29, 20.76, 172.64, 23.64, 112.09, 20.47], (129.8392, 504.2005, 1292.067)]
[57.37, [440.4, 68.58, 28.96, 53.47, 326.09, 23.13, 274.27, 20.76, 181.66, 23.64, 105.53, 20.47], (129.6756, 504.0924, 1282.045)]
[66.89, [440.4, 68.58, 28.96, 48.8, 325.87, 23.13, 265.21, 20.76, 172.64, 23.64, 103.99, 20.41], (130.0061, 501.5062, 1270.23)]
[74.71, [440.4, 68.58, 28.96, 53.47, 312.1, 23.9, 274.27, 20.76, 172.64, 23.64, 103.99, 20.41], (128.543, 499.0529, 1291.823)]
[94.23, [440.4, 68.58, 28.96, 53.47, 326.09, 23.13, 274.27, 20.76, 172.64, 23.64, 103.99, 20.47], (129.1452, 497.2984, 1261.396)]
[97.52, [440.4, 68.58, 28.96, 53.47, 312.1, 24.05, 274.29, 20.76, 172.64, 23.64, 103.99, 20.47], (128.0105, 495.876, 1284.901)]
[111.62, [440.4, 68.58, 28.96, 56.52, 312.1, 23.13, 274.27, 20.76, 172.64, 23.64, 112.09, 19.69], (132.959, 528.8511, 1382.712)]
[127.99, [440.4, 68.58, 28.96, 67.64, 349.04, 23.13, 274.27, 20.76, 172.64, 23.64, 116.28, 20.47], (128.5653, 489.8894, 1247.202)]
[167.55, [440.4, 68.58, 28.96, 56.52, 312.1, 23.13, 274.27, 20.76, 172.64, 23.01, 103.99, 20.41], (136.1392, 525.5796, 1350.434)]
[213.28, [440.4, 68.58, 28.96, 53.47, 312.1, 22.69, 274.27, 20.01, 172.64, 23.64, 103.99, 20.47], (137.0456, 533.0865, 1355.981)]
[1877.08, [440.4, 68.58, 28.96, 53.47, 326.09, 23.13, 274.27, 20.76, 172.64, 23.64, 116.28, 20.47], (130.8281, 1223.572, 2484.871)]
[2346.36, [440.4, 68.58, 28.96, 21.47, 331.0, 21.93, 248.72, 21.63, 217.08, 20.4, 109.99, 17.68], (165.337, 638.7309, 1510.481)]
[5344.38, [440.4, 68.58, 28.96, 53.47, 325.87, 23.13, 274.27, 21.16, 172.64, 23.64, 103.99, 20.41], (75.37123, 126.0108, 489.1386)]
[9510.76, [440.4, 68.58, 28.96, 29.5, 312.1, 24.05, 274.29, 20.76, 172.64, 23.64, 103.99, 20.41], (38.00424, 128.669, 1132.898)]
[11375.7, [440.4, 68.58, 28.96, 15.51, 316.52, 20.53, 251.73, 16.06, 199.08, 17.84, 77.29, 18.21], (235.7048, 763.1715, 1701.237)]
[16081.87, [440.4, 68.58, 28.96, 53.47, 334.61, 21.15, 274.27, 20.76, 178.64, 23.64, 103.99, 20.41], (257.0239, 1297.287, 2436.975)]
[20041.5, [440.4, 68.58, 28.96, 68.79, 303.4, 16.73, 278.09, 15.74, 159.67, 15.08, 126.67, 17.85], (282.5413, 957.5003, 2225.782)]
[75681.34, [440.4, 68.58, 28.96, 56.52, 312.1, 23.13, 274.27, 20.76, 172.64, 23.64, 103.99, 20.41], (509.3378, 1331.866, 2536.157)]

Population size: 30
Number of couples: 13
Number of kept parents: 0
Best parent kept: True
Mutation Probability: 0.04
Mutation range (x, y): 15, 1