[21.47, [440.4, 68.58, 28.96, 53.47, 312.1, 22.69, 287.42, 20.76, 172.64, 23.64, 105.53, 20.47], (130.1769, 511.2811, 1312.554)]
[24.06, [440.4, 68.58, 28.96, 53.47, 312.1, 22.69, 287.42, 20.76, 181.66, 23.64, 103.99, 20.47], (130.4139, 515.4002, 1321.816)]
[24.25, [440.4, 68.58, 28.96, 53.47, 312.1, 23.13, 274.27, 20.76, 172.64, 23.64, 103.99, 20.41], (130.3401, 510.8985, 1316.778)]
[24.25, [440.4, 68.58, 28.96, 53.47, 312.1, 23.13, 274.29, 20.76, 172.64, 23.64, 103.99, 20.41], (130.3384, 510.887, 1316.741)]
[24.25, [440.4, 68.58, 28.96, 53.47, 312.1, 23.13, 274.27, 20.76, 172.64, 23.64, 103.99, 20.41], (130.3401, 510.8985, 1316.778)]
[30.65, [440.4, 68.58, 28.96, 56.52, 312.1, 23.13, 274.27, 20.76, 172.64, 23.64, 103.99, 20.41], (130.3167, 511.4042, 1323.437)]
[30.65, [440.4, 68.58, 28.96, 56.52, 312.1, 23.13, 274.27, 20.76, 172.64, 23.64, 103.99, 20.41], (130.3167, 511.4042, 1323.437)]
[31.25, [440.4, 68.58, 28.96, 56.52, 312.1, 23.13, 287.42, 20.76, 181.66, 23.64, 103.99, 20.41], (129.7925, 510.7752, 1316.597)]
[41.53, [440.4, 68.58, 28.96, 56.52, 312.1, 23.13, 274.27, 20.76, 161.77, 23.64, 112.09, 20.47], (130.3838, 510.7692, 1334.364)]
[43.11, [440.4, 68.58, 28.96, 56.52, 312.1, 23.29, 274.27, 20.76, 172.64, 23.64, 103.99, 20.41], (129.9619, 509.0423, 1329.178)]
[45.49, [440.4, 68.58, 28.96, 53.47, 312.1, 23.13, 274.27, 20.76, 172.64, 23.64, 112.09, 20.47], (130.8945, 517.4708, 1347.608)]
[48.63, [440.4, 68.58, 28.96, 53.47, 312.1, 22.69, 287.42, 20.76, 181.66, 23.64, 112.09, 20.47], (131.1744, 523.1252, 1354.465)]
[52.29, [440.4, 68.58, 28.96, 56.52, 312.1, 23.13, 274.27, 20.76, 172.64, 23.64, 112.09, 20.47], (130.8742, 518.044, 1355.057)]
[54.87, [440.4, 68.58, 28.96, 53.47, 312.1, 23.9, 274.27, 20.76, 172.64, 23.64, 112.09, 20.47], (129.0653, 505.3248, 1321.973)]
[63.43, [440.4, 68.58, 28.96, 56.52, 319.16, 23.13, 287.42, 20.76, 181.66, 23.64, 103.99, 20.47], (129.114, 503.4519, 1286.645)]
[70.25, [440.4, 68.58, 28.96, 56.52, 312.1, 23.13, 287.42, 20.76, 172.64, 23.64, 112.09, 19.63], (132.2348, 523.3573, 1361.326)]
[72.28, [440.4, 68.58, 28.96, 29.5, 334.61, 21.15, 274.27, 20.76, 172.64, 23.64, 112.09, 20.66], (133.2999, 519.5793, 1278.738)]
[82.94, [440.4, 68.58, 28.96, 53.47, 312.1, 23.13, 274.27, 20.76, 172.64, 23.64, 112.09, 19.89], (132.4619, 525.5238, 1367.629)]
[98.98, [440.4, 68.58, 28.96, 56.52, 312.1, 22.38, 274.27, 20.76, 172.64, 23.64, 112.09, 20.47], (132.4637, 529.3887, 1379.761)]
[292.21, [440.4, 68.58, 28.96, 51.02, 312.1, 23.13, 274.27, 20.76, 181.66, 23.64, 112.09, 20.47], (131.3616, 523.664, 1595.86)]
[1761.33, [440.4, 68.58, 28.96, 53.47, 312.1, 23.13, 264.17, 20.76, 164.76, 23.64, 103.99, 20.41], (112.8273, 131.5894, 701.2288)]
[1861.13, [440.4, 68.58, 28.96, 53.47, 312.1, 23.13, 274.27, 20.76, 172.64, 23.64, 103.99, 20.41], (130.8452, 1214.177, 2478.273)]
[1871.54, [440.4, 68.58, 28.96, 56.52, 312.1, 23.13, 280.6, 20.76, 172.64, 23.64, 103.99, 20.47], (118.767, 150.4803, 227.4446)]
[3050.48, [440.4, 68.58, 28.96, 35.04, 304.84, 16.39, 250.8, 20.1, 178.73, 22.09, 115.09, 20.12], (170.4555, 696.1129, 1689.766)]
[3947.75, [440.4, 68.58, 28.96, 56.52, 310.89, 23.13, 287.42, 20.76, 181.66, 18.8, 136.94, 18.63], (179.5399, 676.2014, 1701.566)]
[8129.21, [440.4, 68.58, 28.96, 12.94, 322.15, 15.89, 278.86, 19.59, 154.79, 19.12, 124.45, 15.45], (214.5229, 767.5139, 1534.198)]
[9534.12, [440.4, 68.58, 28.96, 72.39, 316.11, 18.57, 223.84, 17.14, 152.95, 19.47, 115.24, 19.5], (221.6977, 789.9011, 1911.243)]
[69958.87, [440.4, 68.58, 28.96, 56.52, 312.1, 23.13, 262.88, 20.76, 172.64, 23.64, 103.99, 20.41], (488.6993, 1462.062, 2623.68)]
[107577.15, [440.4, 68.58, 28.96, 53.47, 312.1, 23.13, 244.2, 20.21, 157.31, 18.16, 90.82, 21.47], (611.0385, 1473.29, 2698.393)]
[110038.49, [440.4, 68.58, 28.96, 34.04, 297.51, 22.81, 241.18, 16.18, 157.35, 23.64, 103.99, 20.41], (618.2968, 1506.596, 2731.551)]

Population size: 30
Number of couples: 13
Number of kept parents: 0
Best parent kept: True
Mutation Probability: 0.04
Mutation range (x, y): 15, 1