[31.25, [440.4, 68.58, 28.96, 56.52, 312.1, 23.13, 287.42, 20.76, 181.66, 23.64, 103.99, 20.41], (129.7925, 510.7752, 1316.597)]
[32.35, [440.4, 68.58, 28.96, 56.52, 316.52, 23.13, 286.35, 20.76, 172.64, 23.45, 112.09, 20.47], (131.4865, 512.391, 1324.087)]
[34.81, [440.4, 68.58, 28.96, 56.52, 312.1, 23.13, 286.35, 20.76, 172.64, 23.45, 98.66, 20.41], (130.8381, 505.5916, 1291.019)]
[35.8, [440.4, 68.58, 28.96, 56.52, 319.16, 23.13, 286.35, 20.76, 172.64, 23.64, 112.09, 20.47], (129.4828, 505.6123, 1305.313)]
[41.96, [440.4, 68.58, 28.96, 56.52, 319.16, 23.13, 240.16, 20.93, 172.64, 23.64, 103.99, 20.41], (130.9392, 516.6844, 1343.07)]
[43.34, [440.4, 68.58, 28.96, 56.52, 308.75, 23.13, 286.35, 20.93, 172.64, 23.64, 103.99, 20.41], (132.3, 505.9946, 1300.181)]
[44.0, [440.4, 68.58, 28.96, 56.52, 312.1, 23.13, 287.42, 20.76, 172.64, 23.64, 112.09, 20.47], (129.9129, 511.6908, 1332.033)]
[44.27, [440.4, 68.58, 28.96, 56.52, 312.1, 23.13, 286.35, 20.76, 172.64, 23.64, 112.09, 20.47], (129.9864, 512.1791, 1333.807)]
[44.27, [440.4, 68.58, 28.96, 56.52, 312.1, 23.13, 286.35, 20.76, 172.64, 23.64, 112.09, 20.47], (129.9863, 512.1791, 1333.807)]
[44.27, [440.4, 68.58, 28.96, 56.52, 312.1, 23.13, 286.35, 20.76, 172.64, 23.64, 112.09, 20.47], (129.9863, 512.1791, 1333.807)]
[50.69, [440.4, 68.58, 28.96, 56.52, 312.1, 23.13, 286.35, 20.76, 172.64, 23.45, 112.09, 20.47], (131.819, 516.6011, 1342.075)]
[53.22, [440.4, 68.58, 28.96, 56.75, 307.96, 22.21, 286.35, 20.76, 175.61, 23.64, 103.99, 20.41], (131.5233, 524.0211, 1354.597)]
[55.84, [440.4, 68.58, 28.96, 61.65, 312.1, 23.13, 286.35, 20.76, 172.64, 23.64, 112.09, 20.47], (129.9498, 512.9171, 1345.614)]
[61.31, [440.4, 68.58, 28.96, 56.52, 308.75, 22.21, 280.89, 20.76, 175.61, 23.64, 103.99, 20.47], (131.7717, 525.3995, 1357.907)]
[62.57, [440.4, 68.58, 28.96, 56.52, 312.1, 23.06, 286.35, 20.76, 172.64, 23.64, 119.51, 20.47], (130.8164, 520.3862, 1367.835)]
[68.86, [440.4, 68.58, 28.96, 56.52, 319.16, 23.13, 240.16, 20.76, 175.61, 23.64, 103.99, 20.41], (132.5147, 521.9277, 1353.465)]
[78.32, [440.4, 68.58, 28.96, 56.52, 312.1, 23.06, 240.16, 20.93, 172.64, 23.64, 103.99, 20.41], (131.8123, 525.4997, 1374.212)]
[78.39, [440.4, 68.58, 28.96, 56.52, 312.1, 23.06, 286.35, 20.76, 158.13, 23.64, 103.99, 20.41], (128.9979, 497.8863, 1279.562)]
[82.01, [440.4, 68.58, 28.96, 66.65, 312.1, 23.13, 272.87, 20.76, 175.61, 23.64, 112.09, 20.47], (131.0632, 522.326, 1387.964)]
[118.95, [440.4, 68.58, 28.96, 56.52, 308.75, 22.21, 280.89, 20.5, 175.61, 23.64, 103.99, 20.47], (133.8058, 531.2664, 1367.287)]
[1195.92, [440.4, 68.58, 28.96, 40.76, 352.29, 19.47, 233.45, 20.72, 206.43, 21.88, 110.85, 21.93], (152.6779, 587.2288, 1417.672)]
[4053.82, [440.4, 68.58, 28.96, 66.39, 335.14, 22.65, 242.17, 20.03, 151.51, 19.13, 145.05, 15.74], (179.7243, 700.4992, 1764.013)]
[5364.6, [440.4, 68.58, 28.96, 56.52, 312.1, 23.13, 286.35, 20.76, 172.64, 23.45, 103.99, 19.5], (69.94255, 174.6628, 1041.202)]
[7012.48, [440.4, 68.58, 28.96, 39.42, 333.51, 20.39, 260.14, 17.36, 167.04, 19.6, 130.98, 20.5], (203.7114, 766.4625, 1853.294)]
[7272.05, [440.4, 68.58, 28.96, 56.52, 308.75, 23.13, 286.35, 20.76, 175.61, 23.64, 103.99, 20.41], (211.4476, 505.3675, 1321.569)]
[8195.14, [440.4, 68.58, 28.96, 56.52, 312.1, 23.13, 286.35, 20.76, 172.64, 23.45, 103.99, 20.41], (213.1719, 526.9445, 2025.361)]
[9999.67, [440.4, 68.58, 28.96, 56.52, 312.1, 23.06, 286.35, 20.76, 172.64, 23.64, 112.09, 20.47], (38.90149, 130.1245, 513.1925)]
[63631.77, [440.4, 68.58, 28.96, 56.52, 312.1, 23.13, 286.35, 20.76, 172.64, 23.45, 112.09, 20.41], (466.8509, 1346.417, 2516.498)]
[79109.69, [440.4, 68.58, 28.96, 56.52, 312.1, 22.72, 286.35, 20.76, 172.64, 23.45, 112.09, 20.41], (520.7773, 1348.335, 2584.485)]
[84376.77, [440.4, 68.58, 28.96, 56.52, 312.1, 23.06, 286.35, 20.76, 172.64, 23.64, 112.09, 20.47], (538.2381, 1371.187, 2599.13)]

Population size: 30
Number of couples: 13
Number of kept parents: 0
Best parent kept: True
Mutation Probability: 0.04
Mutation range (x, y): 15, 1