[20.21, [440.4, 68.58, 28.96, 56.52, 319.16, 23.13, 286.35, 20.76, 175.61, 23.64, 103.99, 19.5], (131.5946, 513.5364, 1311.714)]
[34.99, [440.4, 68.58, 28.96, 56.52, 312.1, 22.21, 286.35, 20.76, 175.61, 23.64, 103.99, 20.41], (131.2357, 520.0368, 1337.159)]
[43.33, [440.4, 68.58, 28.96, 56.52, 312.1, 23.13, 286.35, 20.76, 172.64, 23.64, 112.09, 20.41], (130.1643, 513.0806, 1336.065)]
[44.27, [440.4, 68.58, 28.96, 56.52, 312.1, 23.13, 286.35, 20.76, 172.64, 23.64, 112.09, 20.47], (129.9864, 512.1791, 1333.807)]
[47.96, [440.4, 68.58, 28.96, 56.52, 308.75, 22.21, 286.35, 20.76, 175.61, 23.64, 103.99, 20.41], (131.4686, 523.2052, 1350.739)]
[50.64, [440.4, 68.58, 28.96, 56.52, 312.1, 23.13, 286.35, 20.76, 172.64, 23.45, 112.09, 20.47], (131.819, 516.6011, 1342.033)]
[78.63, [440.4, 68.58, 28.96, 50.13, 326.84, 22.21, 240.16, 22.55, 168.62, 22.48, 103.99, 20.41], (127.4784, 510.9665, 1302.674)]
[84.09, [440.4, 68.58, 28.96, 56.52, 326.84, 22.21, 237.66, 22.55, 168.62, 22.48, 103.99, 20.41], (127.5363, 513.3514, 1323.008)]
[97.71, [440.4, 68.58, 28.96, 56.52, 312.1, 22.21, 286.35, 21.3, 172.64, 23.64, 112.09, 20.47], (127.3284, 512.3762, 1329.921)]
[109.32, [440.4, 68.58, 28.96, 56.52, 313.87, 23.13, 240.16, 20.93, 172.64, 23.64, 112.09, 20.47], (132.0432, 529.4005, 1397.657)]
[111.44, [440.4, 68.58, 28.96, 56.52, 313.87, 22.21, 286.35, 21.35, 175.61, 23.64, 103.99, 20.41], (126.415, 504.7215, 1307.449)]
[113.8, [440.4, 68.58, 28.96, 56.52, 312.1, 23.13, 286.35, 20.76, 172.64, 23.64, 75.93, 19.54], (129.715, 495.7812, 1233.311)]
[160.78, [440.4, 68.58, 28.96, 56.52, 312.1, 22.8, 240.16, 20.76, 175.61, 23.64, 103.99, 20.41], (134.173, 535.69, 1394.878)]
[202.0, [440.4, 68.58, 28.96, 56.52, 312.1, 23.13, 240.16, 22.55, 175.61, 22.48, 121.43, 20.47], (127.4134, 533.9701, 1436.732)]
[261.32, [440.4, 68.58, 28.96, 56.52, 313.87, 22.21, 291.88, 20.76, 175.61, 23.64, 103.99, 18.18], (136.8641, 546.3262, 1397.528)]
[267.55, [440.4, 68.58, 28.96, 56.52, 299.07, 22.21, 240.16, 22.55, 168.8, 23.64, 84.99, 15.58], (127.3178, 558.814, 1474.775)]
[336.38, [440.4, 68.58, 28.96, 56.52, 326.84, 22.21, 243.45, 22.55, 175.61, 22.48, 121.43, 18.18], (132.6467, 658.2548, 1484.679)]
[347.45, [440.4, 68.58, 28.96, 56.52, 313.87, 22.21, 240.16, 22.55, 175.61, 22.48, 120.97, 18.18], (134.3569, 577.8314, 1534.288)]
[399.4, [440.4, 68.58, 28.96, 56.52, 312.1, 23.13, 240.16, 22.55, 175.61, 23.64, 116.44, 15.58], (124.9108, 559.0182, 1528.37)]
[399.4, [440.4, 68.58, 28.96, 56.52, 312.1, 23.13, 240.16, 22.55, 175.61, 23.64, 116.44, 15.58], (124.9108, 559.0182, 1528.37)]
[469.14, [440.4, 68.58, 28.96, 56.52, 312.1, 23.13, 240.16, 22.74, 175.61, 23.64, 116.44, 15.58], (122.8354, 554.0493, 1521.147)]
[1118.2, [440.4, 68.58, 28.96, 56.52, 313.87, 22.21, 286.35, 22.55, 174.89, 22.48, 84.99, 19.54], (110.4217, 408.5381, 1225.445)]
[1514.49, [440.4, 68.58, 28.96, 56.52, 312.1, 23.13, 240.16, 22.55, 177.62, 22.48, 104.44, 20.47], (156.2965, 586.6796, 1472.755)]
[2094.77, [440.4, 68.58, 28.96, 28.73, 346.56, 14.98, 273.85, 19.22, 219.48, 21.26, 79.94, 22.32], (163.4959, 619.9913, 1437.714)]
[2974.64, [440.4, 68.58, 28.96, 56.52, 313.87, 22.21, 286.35, 20.76, 175.61, 23.64, 103.99, 20.41], (152.1147, 1310.023, 2512.846)]
[7768.99, [440.4, 68.58, 28.96, 59.31, 362.79, 19.08, 236.34, 16.77, 166.68, 20.83, 118.61, 17.42], (210.5838, 739.1175, 1736.567)]
[8499.02, [440.4, 68.58, 28.96, 20.38, 324.02, 15.53, 234.07, 20.24, 174.0, 18.18, 104.48, 18.14], (215.3284, 786.0676, 1774.647)]
[8631.82, [440.4, 68.58, 28.96, 56.52, 313.87, 21.41, 286.35, 20.76, 175.61, 23.64, 103.99, 20.41], (43.17421, 133.8088, 1346.154)]
[74846.51, [440.4, 68.58, 28.96, 56.52, 312.1, 23.13, 240.16, 20.76, 175.61, 23.64, 103.99, 20.47], (506.415, 1357.971, 2526.552)]
[80935.76, [440.4, 68.58, 28.96, 56.52, 313.87, 22.21, 286.35, 20.76, 172.64, 23.47, 112.09, 20.47], (526.8635, 1360.213, 2588.853)]

Population size: 30
Number of couples: 13
Number of kept parents: 0
Best parent kept: True
Mutation Probability: 0.04
Mutation range (x, y): 15, 1