[77970.74, [440.4, 68.58, 28.96, 66.65, 312.1, 22.49, 286.35, 20.76, 175.61, 23.64, 103.99, 20.41], (520, 1208, 1816)]
[85855.69, [440.4, 68.58, 28.96, 52.33, 313.73, 19.85, 257.65, 15.91, 147.55, 20.58, 137.27, 22.88], (546, 1146, 1942)]
[90464.49, [440.4, 68.58, 28.96, 56.52, 319.16, 23.13, 286.35, 21.17, 174.34, 23.64, 119.51, 20.41], (561, 1123, 1948)]
[95560.34, [440.4, 68.58, 28.96, 56.52, 315.0, 23.13, 286.35, 20.76, 172.64, 23.64, 103.99, 20.41], (578, 1190, 1636)]
[98155.42, [440.4, 68.58, 28.96, 41.37, 358.27, 18.04, 246.54, 20.76, 163.13, 23.64, 117.67, 20.47], (585, 1327, 1865)]
[104296.61, [440.4, 68.58, 28.96, 66.39, 349.67, 22.65, 242.17, 20.03, 181.66, 23.64, 103.99, 20.41], (606, 1011, 1532)]
[116076.54, [440.4, 68.58, 28.96, 56.52, 312.1, 23.13, 286.35, 20.76, 181.66, 23.64, 103.99, 20.41], (640, 1359, 1650)]
[121995.67, [440.4, 68.58, 28.96, 56.52, 312.1, 23.13, 287.42, 20.76, 151.51, 23.64, 103.99, 20.41], (658, 1136, 1646)]
[131533.8, [440.4, 68.58, 28.96, 56.52, 315.0, 23.13, 286.35, 20.76, 172.64, 19.13, 145.05, 15.74], (684, 1333, 1923)]
[132703.78, [440.4, 68.58, 28.96, 41.37, 358.27, 18.04, 246.54, 19.97, 189.15, 19.57, 104.79, 22.35], (689, 1018, 1640)]
[137879.21, [440.4, 68.58, 28.96, 66.39, 349.67, 22.65, 242.17, 20.03, 189.38, 23.64, 103.99, 19.78], (703, 1106, 1735)]
[141547.14, [440.4, 68.58, 28.96, 64.63, 312.34, 17.57, 227.18, 21.1, 150.46, 16.62, 105.17, 19.2], (712, 1359, 1908)]
[149605.53, [440.4, 68.58, 28.96, 56.52, 308.75, 22.21, 280.89, 20.76, 175.61, 23.64, 112.09, 20.47], (734, 1342, 1953)]
[156235.93, [440.4, 68.58, 28.96, 71.19, 342.75, 18.73, 253.84, 20.53, 199.5, 22.21, 101.93, 19.43], (753, 1177, 1694)]
[160505.78, [440.4, 68.58, 28.96, 56.52, 312.1, 23.13, 286.35, 20.76, 181.66, 23.64, 103.99, 20.41], (764, 1344, 1663)]
[163250.2, [440.4, 68.58, 28.96, 66.65, 312.1, 23.13, 272.87, 20.76, 189.15, 19.57, 104.79, 22.35], (771, 1374, 1728)]
[166293.9, [440.4, 68.58, 28.96, 56.52, 312.1, 23.13, 272.87, 20.76, 172.64, 23.64, 117.67, 20.47], (779, 1114, 1986)]
[181392.91, [440.4, 68.58, 28.96, 56.52, 308.75, 22.21, 280.89, 19.97, 189.15, 19.57, 104.79, 22.35], (819, 1158, 1532)]
[190821.6, [440.4, 68.58, 28.96, 56.52, 312.1, 23.13, 240.16, 20.93, 172.64, 22.66, 103.99, 20.41], (842, 1009, 1984)]
[192241.93, [440.4, 68.58, 28.96, 11.82, 342.93, 19.55, 231.52, 20.76, 181.66, 23.64, 103.99, 20.41], (845, 1422, 1790)]
[195131.81, [440.4, 68.58, 28.96, 41.37, 358.27, 18.04, 246.54, 19.97, 158.49, 23.58, 112.09, 20.47], (853, 1262, 1624)]
[205055.61, [440.4, 68.58, 28.96, 56.52, 312.1, 22.77, 287.42, 22.02, 157.93, 17.92, 77.28, 19.53], (876, 1485, 1980)]
[205755.26, [440.4, 68.58, 28.96, 56.52, 312.1, 23.13, 286.35, 21.6, 181.66, 23.64, 103.99, 20.41], (879, 1397, 1538)]
[215644.89, [440.4, 68.58, 28.96, 56.52, 312.1, 23.13, 286.35, 20.03, 181.66, 23.64, 95.43, 20.41], (903, 1137, 1762)]
[224341.44, [440.4, 68.58, 28.96, 56.52, 319.16, 23.13, 286.35, 20.76, 172.64, 23.64, 119.51, 19.52], (924, 1034, 1749)]
[234860.64, [440.4, 68.58, 28.96, 11.82, 348.48, 19.55, 231.52, 20.76, 181.66, 23.64, 103.99, 20.47], (948, 1123, 1964)]
[246040.58, [440.4, 68.58, 28.96, 66.65, 312.1, 22.49, 286.35, 20.76, 175.61, 23.64, 103.99, 20.41], (974, 1196, 1834)]
[252640.03, [440.4, 68.58, 28.96, 20.03, 348.67, 19.98, 220.6, 21.1, 170.59, 18.17, 135.8, 20.32], (989, 1251, 1816)]
[256103.59, [440.4, 68.58, 28.96, 66.39, 349.67, 22.65, 242.17, 20.76, 181.66, 23.64, 103.99, 20.41], (997, 1091, 1916)]
[257391.13, [440.4, 68.58, 28.96, 56.52, 312.1, 23.13, 286.35, 20.76, 181.66, 23.64, 103.99, 21.21], (1000, 1430, 1539)]

Population size: 30
Number of couples: 13
Number of kept parents: 0
Best parent kept: True
Mutation Probability: 0.04
Mutation range (x, y): 15, 1