[28.36, [440.4, 68.58, 28.96, 56.52, 313.87, 22.21, 286.35, 20.76, 175.61, 23.64, 103.99, 20.41], (131.1131, 518.3709, 1329.968)]
[28.36, [440.4, 68.58, 28.96, 56.52, 313.87, 22.21, 286.35, 20.76, 175.61, 23.64, 103.99, 20.41], (131.1131, 518.3709, 1329.968)]
[29.38, [440.4, 68.58, 28.96, 56.52, 312.1, 23.13, 286.35, 20.76, 175.61, 23.64, 103.99, 20.41], (129.5863, 507.5636, 1308.236)]
[54.73, [440.4, 68.58, 28.96, 56.52, 313.87, 22.21, 286.35, 20.76, 172.64, 23.64, 112.09, 20.47], (131.5673, 523.3606, 1356.202)]
[107.18, [440.4, 68.58, 28.96, 56.52, 312.1, 23.13, 240.16, 22.55, 177.62, 22.48, 84.99, 19.54], (126.7107, 514.7173, 1323.684)]
[131.65, [440.4, 68.58, 28.96, 56.52, 326.84, 22.21, 240.16, 22.55, 168.62, 22.48, 121.43, 19.54], (130.013, 538.6105, 1417.269)]
[192.89, [440.4, 68.58, 28.96, 56.52, 312.1, 22.21, 240.16, 22.55, 176.76, 21.9, 104.01, 20.47], (134.1336, 546.4753, 1417.286)]
[207.54, [440.4, 68.58, 28.96, 56.52, 312.1, 23.13, 240.16, 22.55, 175.61, 22.48, 121.43, 19.54], (128.8833, 546.3923, 1465.728)]
[213.48, [440.4, 68.58, 28.96, 56.52, 312.1, 23.13, 240.16, 22.55, 175.61, 22.48, 121.43, 20.47], (127.4147, 533.9753, 1448.237)]
[238.13, [440.4, 68.58, 28.96, 56.52, 313.87, 22.21, 240.16, 22.55, 168.8, 23.64, 84.99, 15.58], (125.4856, 538.8249, 1407.72)]
[241.76, [440.4, 68.58, 28.96, 56.52, 312.1, 23.13, 240.16, 22.55, 175.61, 22.48, 121.43, 18.18], (130.7173, 563.2521, 1509.592)]
[241.76, [440.4, 68.58, 28.96, 56.52, 312.1, 23.13, 240.16, 22.55, 175.61, 22.48, 121.43, 18.18], (130.7173, 563.2521, 1509.592)]
[328.09, [440.4, 68.58, 28.96, 56.52, 312.1, 22.21, 240.16, 22.55, 176.76, 21.9, 104.01, 19.14], (136.4275, 564.8847, 1461.552)]
[351.11, [440.4, 68.58, 28.96, 56.52, 313.87, 22.21, 240.16, 22.55, 175.61, 22.48, 121.43, 18.18], (134.3919, 578.3431, 1536.441)]
[369.22, [440.4, 68.58, 28.96, 56.52, 312.1, 22.21, 240.16, 22.55, 175.61, 22.48, 121.43, 18.18], (134.6319, 580.8662, 1545.105)]
[393.41, [440.4, 68.58, 28.96, 56.52, 312.1, 23.13, 240.16, 22.55, 175.61, 22.48, 121.43, 15.58], (133.4386, 591.716, 1590.528)]
[399.4, [440.4, 68.58, 28.96, 56.52, 312.1, 23.13, 240.16, 22.55, 175.61, 23.64, 116.44, 15.58], (124.9108, 559.0182, 1528.37)]
[412.25, [440.4, 68.58, 28.96, 56.52, 312.1, 22.21, 240.16, 22.55, 175.61, 23.64, 104.02, 20.47], (119.9346, 505.9444, 1344.278)]
[425.38, [440.4, 68.58, 28.96, 56.52, 312.1, 22.21, 240.16, 22.55, 176.76, 21.9, 104.01, 18.18], (137.857, 577.2752, 1492.538)]
[432.53, [440.4, 68.58, 28.96, 56.52, 312.1, 23.13, 240.16, 22.55, 168.8, 23.64, 84.99, 18.18], (119.0936, 497.5299, 1302.516)]
[672.13, [440.4, 68.58, 28.96, 56.52, 312.1, 22.21, 240.16, 22.55, 176.76, 21.9, 104.01, 15.58], (141.0052, 607.6669, 1570.458)]
[1773.45, [440.4, 68.58, 28.96, 56.52, 313.87, 22.21, 286.35, 20.76, 175.61, 23.94, 103.99, 20.41], (128.1576, 1295.054, 2266.512)]
[2702.43, [440.4, 68.58, 28.96, 56.52, 326.84, 22.21, 240.16, 22.55, 168.62, 22.48, 121.43, 18.18], (142.3906, 1449.238, 2690.634)]
[3339.2, [440.4, 68.58, 28.96, 56.52, 326.84, 22.21, 240.16, 22.55, 168.62, 22.48, 122.83, 15.58], (149.8286, 1554.301, 2787.069)]
[5057.54, [440.4, 68.58, 28.96, 61.78, 294.19, 17.77, 261.72, 21.2, 159.83, 20.64, 132.62, 14.5], (185.8378, 793.8965, 2013.353)]
[5608.51, [440.4, 68.58, 28.96, 56.52, 312.1, 22.21, 247.0, 22.55, 175.61, 22.48, 121.43, 18.18], (72.19172, 134.3452, 576.8359)]
[12578.32, [440.4, 68.58, 28.96, 56.52, 313.87, 22.21, 240.16, 22.55, 175.61, 22.48, 121.43, 19.54], (24.36544, 103.2802, 132.3399)]
[13118.81, [440.4, 68.58, 28.96, 55.55, 294.47, 14.49, 245.0, 20.39, 147.5, 15.81, 106.25, 15.65], (243.2587, 920.135, 2106.273)]
[21451.66, [440.4, 68.58, 28.96, 37.86, 354.27, 20.65, 289.5, 16.34, 171.63, 16.34, 96.61, 19.26], (294.2009, 530.3829, 748.3755)]
[105940.62, [440.4, 68.58, 28.96, 52.21, 312.1, 22.21, 240.16, 22.55, 175.61, 23.31, 121.43, 18.18], (605.2544, 1583.064, 2847.649)]

Population size: 30
Number of couples: 13
Number of kept parents: 0
Best parent kept: True
Mutation Probability: 0.04
Mutation range (x, y): 15, 1