[241.76, [440.4, 68.58, 28.96, 56.52, 312.1, 23.13, 240.16, 22.55, 175.61, 22.48, 121.43, 18.18], (130.7173, 563.2521, 1509.592)]
[262.62, [440.4, 68.58, 28.96, 56.52, 306.51, 22.21, 240.16, 22.55, 159.6, 23.31, 84.99, 19.54], (122.4298, 504.0827, 1307.401)]
[272.13, [440.4, 68.58, 28.96, 56.52, 312.1, 22.21, 240.16, 22.96, 175.61, 21.08, 104.01, 20.47], (136.0179, 555.3002, 1429.461)]
[286.38, [440.4, 68.58, 28.96, 56.52, 300.9, 22.3, 240.16, 22.55, 176.76, 21.9, 104.01, 20.47], (135.2491, 559.2449, 1465.088)]
[288.5, [440.4, 68.58, 28.96, 56.52, 313.87, 22.21, 286.35, 20.76, 175.61, 23.64, 103.99, 18.18], (137.2555, 549.3217, 1407.033)]
[328.15, [440.4, 68.58, 28.96, 52.21, 312.1, 22.21, 240.16, 22.55, 175.61, 23.64, 116.44, 15.58], (128.637, 576.2457, 1551.188)]
[343.1, [440.4, 68.58, 28.96, 56.52, 312.1, 22.21, 240.16, 22.55, 175.61, 23.64, 116.44, 15.58], (128.5823, 577.3087, 1563.861)]
[343.15, [440.4, 68.58, 28.96, 56.52, 312.1, 22.21, 240.16, 22.55, 175.61, 23.64, 116.44, 15.58], (128.5823, 577.3087, 1563.903)]
[344.95, [440.4, 68.58, 28.96, 56.52, 312.1, 22.21, 225.77, 22.55, 159.6, 23.64, 116.44, 15.58], (127.1335, 563.1786, 1542.576)]
[352.67, [440.4, 68.58, 28.96, 56.52, 312.1, 22.21, 240.16, 22.55, 175.61, 23.64, 84.99, 19.48], (120.524, 502.4939, 1306.251)]
[364.7, [440.4, 68.58, 28.96, 56.52, 306.51, 22.21, 240.16, 22.55, 175.61, 23.64, 116.44, 15.58], (129.3448, 585.9449, 1592.35)]
[367.52, [440.4, 68.58, 28.96, 56.52, 312.1, 22.21, 246.29, 22.55, 154.53, 23.23, 84.99, 19.74], (121.3848, 490.7394, 1262.616)]
[460.28, [440.4, 68.58, 28.96, 56.52, 312.1, 22.21, 240.16, 22.55, 159.6, 23.64, 84.99, 19.48], (119.2705, 490.7484, 1272.503)]
[460.28, [440.4, 68.58, 28.96, 56.52, 312.1, 22.21, 240.16, 22.55, 159.6, 23.64, 84.99, 19.48], (119.2705, 490.7484, 1272.503)]
[484.91, [440.4, 68.58, 28.96, 56.52, 313.87, 22.21, 240.16, 22.55, 159.6, 23.64, 84.99, 19.54], (119.0059, 488.2318, 1263.948)]
[492.07, [440.4, 68.58, 28.96, 56.52, 313.87, 22.97, 240.16, 22.55, 159.6, 23.31, 84.99, 19.54], (119.1972, 483.6611, 1251.538)]
[493.71, [440.4, 68.58, 28.96, 56.52, 313.87, 22.21, 240.16, 22.55, 168.62, 22.48, 121.43, 15.58], (136.2955, 598.2962, 1598.422)]
[513.9, [440.4, 68.58, 28.96, 49.77, 342.61, 22.21, 240.16, 22.55, 176.76, 21.9, 104.01, 20.47], (129.7446, 214.2075, 1114.315)]
[646.94, [440.4, 68.58, 28.96, 56.52, 312.1, 22.21, 240.16, 22.55, 159.6, 23.64, 84.99, 19.54], (119.1713, 489.0495, 1092.61)]
[686.69, [440.4, 68.58, 28.96, 56.52, 312.1, 22.21, 286.35, 20.76, 175.61, 23.64, 103.99, 15.58], (143.147, 584.1675, 1500.74)]
[748.12, [440.4, 68.58, 28.96, 49.77, 342.61, 22.21, 240.16, 22.55, 159.6, 23.64, 84.99, 19.54], (116.7009, 461.2605, 1152.136)]
[2049.93, [440.4, 68.58, 28.96, 56.66, 329.75, 18.12, 287.54, 22.35, 173.76, 20.19, 112.5, 18.98], (161.5871, 626.5831, 1547.555)]
[4739.57, [440.4, 68.58, 28.96, 56.52, 312.1, 20.97, 239.1, 22.1, 149.66, 16.1, 124.67, 15.76], (184.9753, 756.191, 1828.682)]
[6894.3, [440.4, 68.58, 28.96, 56.52, 312.1, 22.21, 240.16, 22.55, 175.61, 23.64, 116.44, 15.58], (61.51446, 128.5823, 577.3087)]
[7218.11, [440.4, 68.58, 28.96, 56.52, 312.1, 22.21, 240.16, 22.55, 159.6, 23.31, 84.99, 19.54], (58.49225, 144.8854, 618.6545)]
[38719.53, [440.4, 68.58, 28.96, 21.97, 314.61, 16.31, 238.01, 18.22, 213.38, 16.78, 74.73, 15.47], (370.9771, 1196.925, 2135.202)]
[79558.38, [440.4, 68.58, 28.96, 49.87, 331.05, 22.21, 240.16, 22.55, 176.76, 21.9, 104.01, 20.47], (522.7362, 1324.983, 2475.543)]
[85517.59, [440.4, 68.58, 28.96, 56.52, 306.51, 22.21, 240.16, 22.55, 175.61, 22.48, 121.43, 18.18], (540.4319, 1570.833, 2875.185)]
[88609.42, [440.4, 68.58, 28.96, 38.62, 334.2, 21.79, 254.3, 15.35, 168.31, 20.3, 128.8, 16.3], (548.9973, 1785.606, 3138.37)]
[136800.73, [440.4, 68.58, 28.96, 56.52, 313.87, 22.21, 286.35, 20.89, 175.61, 23.64, 103.99, 16.54], (694.3488, 1865.7, 2989.161)]

Population size: 30
Number of couples: 13
Number of kept parents: 0
Best parent kept: True
Mutation Probability: 0.04
Mutation range (x, y): 15, 1