[24.25, [440.4, 68.58, 28.96, 53.47, 312.1, 23.13, 274.27, 20.76, 172.64, 23.64, 103.99, 20.41], (130.3401, 510.8985, 1316.778)]
[24.25, [440.4, 68.58, 28.96, 53.47, 312.1, 23.13, 274.27, 20.76, 172.64, 23.64, 103.99, 20.41], (130.3401, 510.8985, 1316.778)]
[24.25, [440.4, 68.58, 28.96, 53.47, 312.1, 23.13, 274.27, 20.76, 172.64, 23.64, 103.99, 20.41], (130.3401, 510.8985, 1316.778)]
[24.67, [440.4, 68.58, 28.96, 53.47, 312.1, 22.69, 287.42, 20.76, 181.66, 23.64, 103.99, 20.47], (130.4139, 515.4002, 1322.425)]
[30.65, [440.4, 68.58, 28.96, 56.52, 312.1, 23.13, 274.27, 20.76, 172.64, 23.64, 103.99, 20.41], (130.3167, 511.4042, 1323.437)]
[31.25, [440.4, 68.58, 28.96, 56.52, 312.1, 23.13, 287.42, 20.76, 181.66, 23.64, 103.99, 20.41], (129.7925, 510.7752, 1316.597)]
[31.25, [440.4, 68.58, 28.96, 56.52, 312.1, 23.13, 287.42, 20.76, 181.66, 23.64, 103.99, 20.41], (129.7925, 510.7752, 1316.597)]
[31.26, [440.4, 68.58, 28.96, 56.52, 312.1, 23.13, 287.42, 20.76, 181.66, 23.64, 103.99, 20.41], (129.7925, 510.7752, 1316.604)]
[31.29, [440.4, 68.58, 28.96, 56.52, 312.1, 23.13, 272.87, 20.76, 172.64, 23.64, 103.99, 20.41], (130.4215, 512.0796, 1325.802)]
[34.09, [440.4, 68.58, 28.96, 53.47, 312.1, 23.13, 264.17, 20.76, 172.64, 23.64, 103.99, 20.41], (131.1024, 515.6451, 1333.055)]
[38.03, [440.4, 68.58, 28.96, 56.52, 312.1, 23.13, 272.87, 20.76, 181.66, 23.64, 103.99, 20.47], (130.6599, 517.006, 1339.316)]
[42.36, [440.4, 68.58, 28.96, 56.52, 312.1, 23.13, 272.87, 20.76, 186.26, 23.64, 103.99, 20.47], (130.8785, 519.963, 1347.031)]
[52.13, [440.4, 68.58, 28.96, 56.52, 312.1, 23.13, 274.27, 20.76, 172.64, 23.64, 112.09, 20.47], (130.8742, 518.0463, 1354.901)]
[53.54, [440.4, 68.58, 28.96, 51.02, 312.1, 23.13, 274.27, 20.76, 181.66, 23.64, 112.09, 20.47], (131.3616, 523.033, 1357.39)]
[56.93, [440.4, 68.58, 28.96, 56.52, 312.1, 23.13, 272.87, 20.76, 172.64, 23.64, 112.09, 20.47], (130.9804, 518.9221, 1360.05)]
[62.85, [440.4, 68.58, 28.96, 56.52, 319.16, 23.13, 287.42, 20.76, 172.64, 23.64, 112.09, 20.47], (129.4102, 516.9178, 1268.228)]
[79.93, [440.4, 68.58, 28.96, 56.52, 312.1, 23.13, 274.27, 20.76, 161.77, 23.64, 112.09, 20.47], (130.3918, 573.2339, 1335.342)]
[141.91, [440.4, 68.58, 28.96, 56.52, 312.1, 23.59, 287.42, 20.76, 172.64, 22.82, 103.99, 20.41], (136.0991, 517.2719, 1322.529)]
[177.69, [440.4, 68.58, 28.96, 62.33, 312.1, 22.43, 272.87, 20.76, 175.61, 23.64, 103.99, 20.41], (136.7299, 524.9118, 1276.024)]
[552.1, [440.4, 68.58, 28.96, 53.47, 312.1, 23.13, 272.87, 20.76, 172.64, 23.45, 112.09, 20.47], (132.7664, 522.3851, 784.1955)]
[943.78, [440.4, 68.58, 28.96, 62.33, 312.1, 22.43, 272.87, 20.76, 175.61, 23.64, 103.99, 20.41], (144.7744, 621.0031, 1632.494)]
[1156.98, [440.4, 68.58, 28.96, 56.52, 312.1, 23.13, 272.87, 20.76, 172.64, 23.68, 103.99, 20.41], (130.0474, 700.4385, 2281.225)]
[1304.74, [440.4, 68.58, 28.96, 56.52, 312.1, 23.13, 274.27, 20.71, 172.64, 23.64, 112.09, 20.47], (131.4248, 566.4232, 2564.912)]
[4214.04, [440.4, 68.58, 28.96, 58.33, 348.34, 18.91, 255.4, 20.19, 187.16, 19.52, 140.49, 21.58], (182.3993, 678.4426, 1661.863)]
[6252.63, [440.4, 68.58, 28.96, 11.6, 348.32, 15.68, 249.32, 19.34, 156.23, 20.89, 135.4, 17.54], (198.9804, 743.1554, 1712.717)]
[10604.24, [440.4, 68.58, 28.96, 53.47, 312.1, 23.13, 269.07, 20.76, 172.64, 23.64, 103.99, 20.41], (34.36908, 154.642, 543.8615)]
[11817.96, [440.4, 68.58, 28.96, 56.52, 312.1, 23.13, 287.42, 20.76, 181.66, 23.64, 103.99, 20.41], (26.67455, 129.7925, 510.7752)]
[12311.79, [440.4, 68.58, 28.96, 33.98, 317.13, 20.41, 241.0, 18.55, 175.18, 15.4, 141.09, 14.85], (239.1651, 877.8488, 1986.704)]
[78302.56, [440.4, 68.58, 28.96, 53.47, 312.1, 22.69, 287.42, 20.76, 186.26, 23.64, 103.99, 20.47], (518.2457, 1342.535, 2531.826)]
[78349.21, [440.4, 68.58, 28.96, 53.47, 312.1, 23.13, 274.27, 20.76, 174.47, 23.64, 103.99, 20.41], (519.228, 1126.478, 2504.323)]

Population size: 30
Number of couples: 13
Number of kept parents: 0
Best parent kept: True
Mutation Probability: 0.04
Mutation range (x, y): 15, 1