[38.59, [440.4, 68.58, 28.96, 49.77, 342.61, 22.21, 240.16, 22.55, 176.76, 21.9, 104.01, 20.47], (130.897, 512.7261, 1280.311)]
[192.89, [440.4, 68.58, 28.96, 56.52, 312.1, 22.21, 240.16, 22.55, 176.76, 21.9, 104.01, 20.47], (134.1336, 546.4753, 1417.286)]
[205.42, [440.4, 68.58, 28.96, 56.52, 312.1, 22.21, 240.16, 22.55, 159.6, 23.64, 84.99, 19.54], (135.9033, 489.9348, 1250.868)]
[343.15, [440.4, 68.58, 28.96, 56.52, 312.1, 22.21, 240.16, 22.55, 175.61, 23.64, 116.44, 15.58], (128.5823, 577.3087, 1563.903)]
[351.11, [440.4, 68.58, 28.96, 56.52, 313.87, 22.21, 240.16, 22.55, 175.61, 22.48, 121.43, 18.18], (134.3919, 578.3431, 1536.441)]
[460.11, [440.4, 68.58, 28.96, 56.52, 312.1, 22.21, 240.16, 22.55, 175.61, 21.08, 104.01, 20.47], (140.1037, 563.8187, 1444.482)]
[504.86, [440.4, 68.58, 28.96, 56.52, 312.1, 22.21, 246.29, 22.55, 159.6, 23.64, 84.99, 19.54], (118.6939, 486.6956, 1261.72)]
[542.49, [440.4, 68.58, 28.96, 51.81, 312.1, 22.21, 240.16, 22.55, 175.61, 21.9, 121.43, 18.18], (138.9545, 592.611, 1548.962)]
[558.04, [440.4, 68.58, 28.96, 52.21, 316.8, 18.84, 240.16, 22.55, 175.61, 23.64, 103.99, 15.58], (137.6034, 617.2093, 1595.266)]
[728.87, [440.4, 68.58, 28.96, 56.52, 312.1, 22.21, 240.16, 22.55, 175.61, 23.64, 88.92, 21.9], (115.3892, 471.8333, 1236.415)]
[923.38, [440.4, 68.58, 28.96, 52.21, 316.8, 18.84, 289.67, 19.08, 159.6, 23.64, 84.99, 19.54], (149.0635, 577.3922, 1397.696)]
[940.03, [440.4, 68.58, 28.96, 52.21, 316.8, 18.84, 289.67, 19.08, 159.6, 23.64, 84.99, 19.48], (149.2744, 578.294, 1399.889)]
[1169.81, [440.4, 68.58, 28.96, 52.21, 316.8, 18.84, 286.35, 20.76, 175.61, 23.64, 103.99, 15.58], (149.3893, 624.0404, 1576.506)]
[1420.11, [440.4, 68.58, 28.96, 52.21, 316.8, 18.84, 253.21, 19.08, 159.6, 23.64, 84.99, 19.48], (155.0092, 603.8079, 1457.486)]
[1750.56, [440.4, 68.58, 28.96, 52.21, 316.8, 18.84, 286.35, 20.76, 176.76, 21.9, 104.01, 20.47], (153.3509, 162.2778, 988.5091)]
[1806.6, [440.4, 68.58, 28.96, 40.49, 359.33, 19.29, 235.01, 19.33, 159.6, 22.67, 84.99, 19.54], (161.4678, 584.3904, 1356.339)]
[2580.65, [440.4, 68.58, 28.96, 62.45, 333.78, 19.29, 230.79, 19.33, 159.6, 22.67, 101.01, 18.87], (167.4965, 635.711, 1554.517)]
[2809.15, [440.4, 68.58, 28.96, 56.52, 312.1, 19.29, 235.01, 19.33, 159.6, 22.67, 101.01, 18.87], (169.1134, 656.0819, 1614.146)]
[2884.46, [440.4, 68.58, 28.96, 49.77, 342.61, 19.29, 235.01, 19.33, 159.6, 23.64, 84.99, 19.02], (155.8192, 1163.054, 2302.319)]
[3853.14, [440.4, 68.58, 28.96, 56.52, 303.87, 22.22, 240.16, 19.33, 201.87, 20.49, 135.73, 21.24], (177.9413, 688.9168, 1760.244)]
[4754.89, [440.4, 68.58, 28.96, 56.52, 303.87, 22.21, 240.16, 19.45, 208.18, 19.95, 121.21, 19.48], (185.9679, 712.474, 1777.648)]
[5644.53, [440.4, 68.58, 28.96, 49.77, 342.61, 14.69, 273.04, 17.8, 165.44, 22.57, 131.26, 16.94], (192.8555, 764.6011, 1824.403)]
[6033.29, [440.4, 68.58, 28.96, 71.33, 336.48, 14.8, 256.66, 17.58, 183.88, 20.54, 109.32, 21.47], (196.5643, 745.6696, 1787.42)]
[8091.28, [440.4, 68.58, 28.96, 19.34, 335.24, 18.32, 240.85, 15.0, 148.75, 20.17, 90.92, 21.23], (46.87135, 713.2692, 1518.69)]
[8138.13, [440.4, 68.58, 28.96, 15.43, 309.16, 16.53, 248.13, 19.78, 156.61, 17.48, 146.08, 22.56], (212.8509, 761.1706, 1777.773)]
[10201.39, [440.4, 68.58, 28.96, 52.21, 316.8, 18.84, 233.77, 16.81, 186.86, 22.46, 103.99, 15.58], (34.9721, 205.1492, 807.5115)]
[10241.07, [440.4, 68.58, 28.96, 62.19, 316.8, 18.84, 281.42, 20.76, 196.18, 23.64, 103.99, 15.58], (35.68104, 212.3796, 1959.574)]
[93627.95, [440.4, 68.58, 28.96, 56.52, 312.1, 22.21, 281.42, 20.76, 196.18, 21.08, 104.01, 20.47], (567.3816, 1479.454, 2762.252)]
[124936.55, [440.4, 68.58, 28.96, 45.24, 314.67, 15.73, 292.75, 18.85, 159.6, 22.67, 101.01, 18.87], (661.6613, 1586.299, 2873.409)]
[160114.87, [440.4, 68.58, 28.96, 60.27, 346.26, 22.42, 223.64, 16.58, 186.99, 19.15, 135.69, 15.94], (757.3893, 1805.288, 3299.478)]

Population size: 30
Number of couples: 13
Number of kept parents: 0
Best parent kept: True
Mutation Probability: 0.04
Mutation range (x, y): 15, 1