[127.97, [440.0, 69.0, 29.0, 34.98, 362.58, 18.05, 243.64, 22.43, 187.61, 22.7, 96.77, 22.83], (135.4468, 532.4633, 1289.121)]
[140.85, [440.0, 69.0, 29.0, 48.98, 359.8, 19.56, 250.3, 22.26, 173.69, 23.18, 76.52, 21.74], (130.1042, 499.6748, 1196.825)]
[206.34, [440.0, 69.0, 29.0, 48.98, 359.8, 19.55, 250.3, 22.54, 173.69, 23.18, 76.52, 21.74], (127.7291, 493.4162, 1185.784)]
[292.68, [440.0, 69.0, 29.0, 47.32, 357.14, 21.0, 250.3, 22.26, 173.69, 22.23, 96.77, 20.81], (139.6703, 530.8604, 1286.665)]
[324.63, [440.0, 69.0, 29.0, 48.98, 359.8, 19.55, 246.82, 22.26, 179.5, 23.18, 75.15, 23.27], (125.3639, 479.9607, 1153.99)]
[387.56, [440.0, 69.0, 29.0, 47.32, 357.14, 18.05, 229.87, 22.32, 173.69, 24.15, 96.77, 17.55], (137.913, 583.4707, 1446.285)]
[420.46, [440.0, 69.0, 29.0, 34.98, 362.58, 18.05, 226.74, 22.43, 182.45, 22.7, 96.77, 21.77], (141.4572, 559.0731, 1345.493)]
[447.14, [440.0, 69.0, 29.0, 48.98, 360.46, 19.55, 250.3, 22.26, 173.69, 23.18, 89.11, 17.28], (141.2828, 565.9568, 1373.797)]
[515.36, [440.0, 69.0, 29.0, 43.71, 352.35, 24.0, 292.07, 21.23, 168.2, 21.41, 97.45, 22.98], (140.8163, 483.1757, 1149.235)]
[536.77, [440.0, 69.0, 29.0, 47.32, 346.73, 21.07, 250.3, 22.26, 173.69, 21.57, 96.77, 21.48], (144.4272, 543.5004, 1322.318)]
[619.04, [440.0, 69.0, 29.0, 2.82, 356.1, 18.05, 229.87, 22.32, 173.69, 22.7, 96.77, 21.77], (145.6763, 560.4057, 1316.995)]
[815.7, [440.0, 69.0, 29.0, 34.45, 343.66, 22.61, 283.96, 21.23, 163.58, 21.41, 76.52, 21.74], (147.6907, 512.8604, 1196.202)]
[906.71, [440.0, 69.0, 29.0, 39.43, 359.8, 19.62, 256.58, 22.26, 176.39, 20.89, 83.46, 22.32], (150.201, 543.4853, 1275.345)]
[953.41, [440.0, 69.0, 29.0, 78.1, 342.95, 17.14, 262.08, 22.43, 173.69, 22.6, 128.77, 21.06], (145.2411, 611.4971, 1625.249)]
[955.04, [440.0, 69.0, 29.0, 1.43, 356.1, 18.85, 229.87, 22.66, 159.48, 18.8, 97.45, 23.88], (144.7544, 185.1641, 1211.722)]
[1294.0, [440.0, 69.0, 29.0, 47.32, 346.57, 20.18, 250.3, 22.26, 149.96, 20.44, 101.78, 21.78], (154.9608, 571.1035, 1367.647)]
[1636.96, [440.0, 69.0, 29.0, 43.71, 348.34, 18.05, 224.9, 23.22, 149.96, 19.79, 88.76, 21.74], (158.5304, 600.0116, 1409.079)]
[1816.69, [440.0, 69.0, 29.0, 47.32, 357.14, 20.03, 250.3, 22.26, 149.96, 19.59, 101.78, 21.74], (161.3849, 584.3119, 1373.386)]
[2418.43, [440.0, 69.0, 29.0, 28.82, 347.29, 18.96, 250.3, 22.26, 159.48, 18.8, 75.15, 23.27], (168.6932, 583.2967, 1335.109)]
[3547.81, [440.0, 69.0, 29.0, 10.29, 356.1, 18.05, 229.87, 23.14, 181.26, 23.18, 105.61, 21.56], (92.23718, 134.0805, 545.4171)]
[3829.87, [440.0, 69.0, 29.0, 59.09, 362.58, 18.05, 229.87, 21.71, 160.46, 19.9, 88.76, 17.55], (179.5966, 675.6616, 1578.289)]
[4207.18, [440.0, 69.0, 29.0, 40.14, 359.8, 20.03, 250.3, 20.73, 188.15, 18.77, 96.77, 21.74], (184.6767, 637.7545, 1447.646)]
[5874.14, [440, 69, 29, 24.61, 333.81, 20.1, 275.45, 21.13, 214.83, 18.86, 110.55, 18.8], (196.6936, 708.4148, 1649.784)]
[6093.51, [440.0, 69.0, 29.0, 39.31, 308.6, 22.24, 270.4, 17.93, 197.43, 19.85, 128.38, 21.77], (197.8835, 708.7134, 1723.334)]
[6221.22, [440.0, 69.0, 29.0, 42.5, 359.87, 22.74, 252.78, 21.42, 197.3, 14.98, 81.68, 16.69], (199.8465, 721.6974, 1595.164)]
[7428.42, [440.0, 69.0, 29.0, 43.71, 356.8, 17.72, 229.87, 23.22, 149.96, 16.97, 78.59, 15.47], (208.8497, 718.9513, 1647.217)]
[7567.49, [440.0, 69.0, 29.0, 42.5, 350.9, 22.74, 261.28, 20.84, 197.3, 14.98, 81.68, 16.69], (209.7398, 739.2463, 1647.706)]
[10077.08, [440, 69, 29, 44.35, 342.05, 16.73, 234.34, 20.65, 214.45, 16.66, 103.91, 20.13], (225.8153, 801.7765, 1846.891)]
[14679.91, [440, 69, 29, 11.14, 334.72, 17.23, 277.65, 20.32, 172.88, 14.7, 96.74, 15.22], (254.434, 868.7407, 1897.755)]
[81897.97, [440.0, 69.0, 29.0, 20.68, 356.1, 20.03, 250.3, 22.26, 149.96, 19.41, 101.78, 21.74], (530.8707, 1265.49, 2446.555)]

Population size: 30
Number of couples: 13
Number of kept parents: 0
Best parent kept: True
Mutation Probability: 0.2
Mutation range (x, y): 15, 1
Number of Parameters: 4
Length, Width, Height: [440, 69, 29]

Written time: 27/03/2023 18:12:10