[14.61, [440.0, 69.0, 29.0, 62.43, 347.18, 22.71, 227.22, 22.11, 177.95, 23.05, 104.5, 21.36], (130.5155, 510.4177, 1308.309)]
[23.05, [440.0, 69.0, 29.0, 56.54, 346.07, 22.71, 227.22, 22.11, 184.64, 23.07, 108.62, 21.52], (130.8986, 516.0209, 1323.562)]
[24.03, [440.0, 69.0, 29.0, 62.43, 342.99, 22.59, 226.1, 22.11, 180.71, 23.05, 103.63, 21.36], (131.4923, 518.0157, 1321.081)]
[27.17, [440.0, 69.0, 29.0, 42.62, 342.06, 22.52, 230.05, 22.07, 180.71, 23.15, 103.79, 21.36], (131.3654, 514.195, 1294.082)]
[28.89, [440.0, 69.0, 29.0, 42.62, 342.06, 22.52, 233.59, 22.14, 180.71, 23.05, 104.5, 21.36], (131.3551, 513.7852, 1292.664)]
[31.49, [440.0, 69.0, 29.0, 65.62, 343.4, 22.59, 225.73, 22.11, 180.71, 23.05, 101.3, 21.36], (131.2766, 516.1403, 1329.14)]
[32.76, [440.0, 69.0, 29.0, 60.96, 346.07, 22.59, 228.23, 22.07, 180.71, 22.97, 103.63, 21.36], (132.1067, 516.5496, 1319.174)]
[34.39, [440.0, 69.0, 29.0, 62.43, 347.18, 22.59, 229.89, 22.08, 184.64, 23.07, 108.62, 21.52], (131.2777, 517.2552, 1333.143)]
[35.49, [440.0, 69.0, 29.0, 62.43, 347.18, 22.52, 233.59, 22.08, 184.64, 23.24, 108.62, 21.52], (129.8202, 512.8647, 1323.457)]
[36.09, [440.0, 69.0, 29.0, 65.62, 343.4, 22.59, 226.1, 22.11, 180.71, 22.98, 97.34, 21.1], (132.0824, 517.6873, 1324.054)]
[44.53, [440.0, 69.0, 29.0, 42.62, 343.0, 22.7, 226.74, 22.21, 183.51, 22.98, 98.89, 21.36], (130.7346, 509.9514, 1276.887)]
[48.79, [440.0, 69.0, 29.0, 42.62, 345.28, 22.59, 226.1, 22.08, 187.64, 23.01, 108.62, 21.32], (133.1186, 523.8968, 1320.791)]
[50.2, [440.0, 69.0, 29.0, 62.43, 342.99, 22.59, 226.1, 22.11, 180.71, 23.05, 106.96, 21.36], (131.7764, 521.1626, 1346.512)]
[52.29, [440.0, 69.0, 29.0, 56.41, 342.02, 22.45, 230.87, 22.21, 184.64, 23.16, 109.38, 21.52], (130.2839, 519.2519, 1352.63)]
[66.68, [440.0, 69.0, 29.0, 42.62, 342.0, 22.52, 230.05, 22.08, 178.33, 22.98, 95.04, 21.36], (131.8431, 509.099, 1266.074)]
[74.23, [440.0, 69.0, 29.0, 58.89, 349.72, 22.44, 220.38, 22.31, 180.71, 23.28, 103.05, 21.36], (128.0685, 506.7575, 1295.361)]
[96.88, [440.0, 69.0, 29.0, 58.89, 351.72, 22.44, 218.07, 22.01, 184.27, 22.75, 103.63, 21.6], (134.8203, 523.5774, 1323.888)]
[141.78, [440.0, 69.0, 29.0, 62.43, 342.99, 22.42, 226.1, 22.11, 184.27, 22.75, 103.63, 21.3], (134.8993, 530.8803, 1359.102)]
[1449.0, [440.0, 69.0, 29.0, 64.25, 350.16, 22.26, 226.74, 22.21, 184.27, 22.98, 101.56, 21.36], (135.1141, 1281.569, 1909.025)]
[1590.51, [440.0, 69.0, 29.0, 58.89, 349.72, 22.44, 220.38, 22.31, 184.27, 22.75, 103.63, 21.6], (132.0136, 1040.637, 2367.703)]
[1682.6, [440.0, 69.0, 29.0, 42.62, 342.06, 22.52, 226.1, 22.26, 184.13, 23.02, 98.31, 21.36], (131.1814, 1136.365, 2375.083)]
[3111.87, [440.0, 69.0, 29.0, 64.33, 347.38, 22.26, 226.1, 22.11, 180.71, 22.98, 98.89, 21.1], (173.1959, 649.4021, 1533.185)]
[7204.95, [440.0, 69.0, 29.0, 62.43, 347.18, 22.59, 226.74, 22.21, 184.27, 22.86, 101.56, 21.36], (57.17754, 131.724, 811.5897)]
[9622.24, [440.0, 69.0, 29.0, 42.62, 342.02, 22.7, 226.74, 22.21, 185.39, 22.98, 98.89, 21.36], (39.65592, 130.9831, 779.4437)]
[53140.58, [440.0, 69.0, 29.0, 60.96, 346.07, 22.71, 227.22, 22.16, 180.71, 23.05, 104.5, 21.36], (427.734, 1312.995, 2491.79)]
[69666.89, [440.0, 69.0, 29.0, 62.43, 347.5, 22.59, 226.74, 22.21, 184.27, 22.98, 101.56, 21.36], (489.2533, 1292.722, 2339.9)]
[77027.24, [440.0, 69.0, 29.0, 42.62, 342.02, 22.7, 226.74, 22.21, 185.39, 22.75, 103.63, 21.6], (514.4889, 1268.382, 2433.163)]
[81846.43, [440.0, 69.0, 29.0, 58.89, 349.72, 22.44, 215.67, 22.31, 184.27, 22.98, 98.89, 21.36], (530.4974, 1317.35, 2451.046)]
[92620.74, [440.0, 69.0, 29.0, 43.65, 342.06, 22.52, 230.05, 22.08, 178.33, 22.98, 95.04, 21.36], (566.2534, 1207.765, 2375.847)]
[109780.9, [440, 69, 29, 70.6, 306.79, 22.12, 277.29, 15.14, 165.35, 18.3, 142.51, 22.09], (613.0766, 2022.008, 3678.311)]

Population size: 30
Number of couples: 14
Number of kept parents: 0
Best parent kept: True
Mutation Probability: 0.1
Mutation range (x, y): 5, 0.3
Number of Parameters: 4
Length, Width, Height: [440, 69, 29]
Target Frequencies: (130.8, 523.2, 1308.0)

Written time: 28/03/2023 01:04:55