[14.6, [440.0, 69.0, 29.0, 61.04, 347.18, 22.61, 226.74, 22.08, 184.27, 22.98, 103.63, 21.74], (131.1734, 512.1553, 1309.473)]
[22.07, [440.0, 69.0, 29.0, 47.32, 366.78, 18.05, 229.77, 22.43, 175.74, 23.55, 96.77, 21.77], (131.6628, 532.0611, 1302.704)]
[125.69, [440.0, 69.0, 29.0, 46.11, 350.34, 22.71, 226.74, 22.08, 182.45, 22.7, 85.23, 21.74], (131.4813, 496.1779, 1214.978)]
[135.87, [440.0, 69.0, 29.0, 26.24, 343.67, 21.0, 250.3, 22.45, 184.27, 22.7, 82.96, 21.74], (132.8603, 506.0662, 1218.739)]
[156.08, [440.0, 69.0, 29.0, 61.04, 347.18, 22.61, 226.74, 22.08, 162.26, 22.78, 76.52, 21.52], (130.2515, 487.3517, 1192.162)]
[156.32, [440.0, 69.0, 29.0, 47.32, 366.78, 18.05, 229.77, 22.43, 162.83, 23.18, 76.52, 21.06], (135.3843, 527.605, 1253.902)]
[169.16, [440.0, 69.0, 29.0, 61.04, 347.18, 22.61, 226.74, 22.08, 182.45, 22.18, 83.53, 21.77], (135.8383, 511.636, 1263.235)]
[178.12, [440.0, 69.0, 29.0, 34.45, 356.32, 21.0, 250.3, 22.26, 184.27, 22.7, 103.63, 23.65], (128.557, 488.1974, 1198.948)]
[181.12, [440.0, 69.0, 29.0, 28.27, 356.32, 21.0, 250.3, 22.26, 182.45, 22.7, 82.96, 21.74], (133.4563, 501.5095, 1191.724)]
[183.2, [440.0, 69.0, 29.0, 34.45, 356.32, 18.05, 226.74, 22.08, 182.45, 22.7, 83.53, 23.65], (136.4836, 529.1811, 1265.889)]
[191.33, [440.0, 69.0, 29.0, 17.21, 355.66, 21.0, 250.3, 22.26, 184.27, 22.7, 103.63, 21.74], (136.0631, 516.8535, 1243.49)]
[213.61, [440.0, 69.0, 29.0, 24.53, 366.78, 21.0, 250.3, 22.26, 184.27, 22.7, 96.86, 21.06], (136.0454, 513.7942, 1223.671)]
[231.69, [440.0, 69.0, 29.0, 46.11, 350.34, 22.61, 283.96, 21.59, 184.27, 22.43, 85.08, 22.79], (132.3476, 477.0744, 1141.632)]
[250.97, [440.0, 69.0, 29.0, 17.21, 355.66, 18.05, 226.74, 22.08, 182.45, 22.7, 83.53, 23.65], (137.8434, 528.8357, 1249.154)]
[398.56, [440.0, 69.0, 29.0, 34.45, 343.67, 18.05, 229.77, 22.43, 175.74, 22.7, 82.96, 21.74], (141.1247, 557.8726, 1340.938)]
[509.48, [440.0, 69.0, 29.0, 46.11, 350.34, 18.28, 249.13, 22.26, 196.92, 23.24, 97.13, 19.88], (141.0919, 581.4583, 1429.856)]
[637.02, [440.0, 69.0, 29.0, 34.45, 343.67, 18.05, 229.77, 22.2, 175.74, 22.18, 111.1, 23.65], (144.2879, 569.6417, 1404.12)]
[666.54, [440.0, 69.0, 29.0, 34.45, 343.67, 18.05, 230.54, 22.48, 175.74, 22.18, 83.53, 21.77], (145.6605, 567.9213, 1357.892)]
[717.59, [440.0, 69.0, 29.0, 43.08, 376.39, 17.35, 226.74, 22.31, 196.92, 23.24, 97.13, 19.47], (144.9761, 593.348, 1422.616)]
[730.48, [440.0, 69.0, 29.0, 47.32, 355.66, 17.84, 226.74, 22.31, 162.83, 22.04, 76.52, 21.74], (147.3911, 561.0434, 1325.82)]
[765.65, [440.0, 69.0, 29.0, 24.53, 355.66, 18.05, 226.74, 22.31, 162.83, 22.04, 76.52, 21.74], (148.1287, 556.2604, 1296.03)]
[961.64, [440.0, 69.0, 29.0, 43.08, 376.39, 17.35, 226.74, 22.31, 162.26, 23.18, 88.87, 16.46], (148.2678, 546.4378, 1098.923)]
[2880.17, [440.0, 69.0, 29.0, 61.04, 347.18, 18.28, 256.26, 22.26, 162.26, 23.18, 88.87, 16.07], (171.7132, 598.3787, 1497.472)]
[2883.79, [440.0, 69.0, 29.0, 46.11, 350.34, 18.28, 229.77, 22.43, 175.74, 22.62, 111.1, 21.74], (144.0956, 1429.822, 2801.261)]
[5470.17, [440, 69, 29, 21.1, 329.36, 16.66, 261.14, 20.79, 204.97, 19.85, 82.12, 17.17], (191.9371, 800.3851, 1722.364)]
[5484.05, [440.0, 69.0, 29.0, 46.11, 350.34, 18.28, 229.77, 22.43, 175.74, 22.62, 82.96, 21.74], (180.6386, 1354.97, 2443.412)]
[9022.25, [440.0, 69.0, 29.0, 61.04, 347.18, 22.61, 250.3, 22.26, 184.27, 22.7, 96.86, 20.79], (38.41665, 436.4041, 1254.144)]
[9798.73, [440.0, 69.0, 29.0, 57.69, 347.4, 18.28, 256.26, 22.26, 162.26, 23.18, 88.87, 16.46], (35.80564, 158.8085, 1481.883)]
[44076.31, [440.0, 69.0, 29.0, 34.45, 348.66, 18.05, 238.24, 22.26, 182.45, 22.7, 82.96, 21.74], (391.4553, 1356.303, 2472.198)]
[57679.61, [440.0, 69.0, 29.0, 17.21, 355.66, 17.89, 226.74, 21.45, 175.74, 22.98, 96.77, 23.7], (445.6924, 1289.431, 2346.715)]

Population size: 30
Number of couples: 14
Number of kept parents: 0
Best parent kept: True
Mutation Probability: 0.05
Mutation range (x, y): 15, 0.5
Number of Parameters: 4
Length, Width, Height: [440, 69, 29]

Written time: 27/03/2023 20:55:35