[140.28, [440.0, 69.0, 29.0, 48.98, 359.8, 19.55, 250.3, 22.26, 173.69, 23.18, 76.52, 21.74], (130.1227, 499.8019, 1197.033)]
[277.86, [440.0, 69.0, 29.0, 47.32, 357.14, 21.0, 250.3, 22.26, 173.69, 22.23, 96.77, 20.99], (139.2617, 528.425, 1281.021)]
[321.19, [440.0, 69.0, 29.0, 10.29, 356.1, 18.05, 229.87, 22.32, 173.69, 23.18, 96.77, 21.56], (140.2556, 551.6844, 1310.732)]
[400.55, [440.0, 69.0, 29.0, 34.98, 362.58, 18.05, 229.87, 22.43, 187.61, 22.7, 96.77, 21.77], (141.1355, 559.4412, 1340.838)]
[411.47, [440.0, 69.0, 29.0, 78.1, 342.95, 16.67, 262.08, 22.43, 173.69, 22.7, 96.77, 21.77], (139.0427, 562.834, 1443.924)]
[456.24, [440.0, 69.0, 29.0, 10.29, 356.1, 18.05, 229.87, 22.32, 173.69, 24.15, 96.77, 17.55], (140.5524, 582.4408, 1401.238)]
[536.06, [440.0, 69.0, 29.0, 43.71, 343.66, 23.3, 292.07, 21.23, 180.06, 21.41, 75.15, 23.27], (141.0734, 484.4076, 1139.578)]
[607.23, [440.0, 69.0, 29.0, 39.43, 359.8, 19.62, 256.58, 22.26, 176.39, 21.41, 75.15, 22.32], (144.8916, 526.5594, 1232.461)]
[629.63, [440.0, 69.0, 29.0, 34.45, 343.66, 22.61, 283.96, 21.23, 163.58, 21.41, 75.15, 23.27], (143.1563, 490.447, 1144.964)]
[1189.72, [440.0, 69.0, 29.0, 2.82, 356.1, 18.05, 229.87, 22.32, 173.69, 22.6, 128.77, 21.06], (151.9397, 603.6178, 1446.422)]
[1816.69, [440.0, 69.0, 29.0, 47.32, 357.14, 20.03, 250.3, 22.26, 149.96, 19.59, 101.78, 21.74], (161.3849, 584.3119, 1373.386)]
[2254.01, [440.0, 69.0, 29.0, 43.71, 348.34, 18.05, 229.87, 23.22, 149.96, 19.79, 88.76, 17.55], (164.0197, 645.3821, 1526.463)]
[2309.54, [440.0, 69.0, 29.0, 31.65, 359.8, 19.55, 250.3, 22.26, 159.48, 18.8, 97.45, 22.98], (167.3061, 585.1173, 1351.278)]
[2456.97, [440.0, 69.0, 29.0, 1.43, 356.1, 18.85, 229.87, 22.66, 159.48, 18.8, 97.45, 23.88], (169.0836, 586.1175, 1334.694)]
[3289.04, [440.0, 69.0, 29.0, 1.43, 356.1, 18.05, 239.21, 22.36, 159.48, 18.8, 97.45, 22.98], (176.6394, 613.1591, 1405.032)]
[3447.05, [440.0, 69.0, 29.0, 28.82, 358.89, 18.96, 250.3, 22.26, 159.48, 18.8, 97.45, 22.98], (169.5975, 205.9368, 593.7879)]
[5772.92, [440, 69, 29, 39.31, 311.2, 22.24, 270.4, 17.93, 184.85, 19.5, 128.38, 22.83], (195.8135, 686.6404, 1677.137)]
[6221.22, [440, 69, 29, 42.5, 359.87, 22.74, 252.78, 21.42, 197.3, 14.98, 81.68, 16.69], (199.8465, 721.6974, 1595.164)]
[6484.4, [440.0, 69.0, 29.0, 78.1, 335.54, 16.67, 262.08, 22.25, 160.46, 17.92, 88.19, 15.71], (199.7229, 766.8604, 1828.575)]
[6810.03, [440.0, 69.0, 29.0, 59.09, 362.58, 18.05, 229.87, 21.71, 160.46, 16.97, 78.59, 15.47], (203.3614, 754.0348, 1708.045)]
[7381.0, [440, 69, 29, 72.44, 314.56, 18.93, 222.32, 21.56, 152.38, 17.59, 112.07, 15.65], (204.9324, 823.2256, 2008.024)]
[7644.79, [440.0, 69.0, 29.0, 40.14, 359.8, 20.03, 250.3, 20.64, 188.2, 18.77, 96.77, 21.74], (193.6148, 1670.899, 2828.379)]
[10256.74, [440.0, 69.0, 29.0, 67.06, 332.45, 15.75, 271.21, 20.64, 180.62, 17.88, 130.07, 22.52], (34.86098, 207.4728, 766.1567)]
[12793.25, [440.0, 69.0, 29.0, 40.14, 359.8, 19.55, 250.3, 23.06, 173.69, 23.18, 81.12, 21.74], (22.198, 109.0173, 248.8089)]
[16653.78, [440.0, 69.0, 29.0, 26.99, 304.18, 21.41, 232.13, 15.73, 155.44, 14.75, 83.93, 18.83], (266.117, 856.1754, 1890.391)]
[70388.29, [440.0, 69.0, 29.0, 34.45, 343.66, 23.3, 292.07, 21.23, 177.83, 21.41, 75.15, 22.58], (493.0732, 1153.277, 2116.922)]
[78264.8, [440.0, 69.0, 29.0, 63.74, 336.03, 19.31, 287.05, 21.7, 156.22, 21.93, 75.15, 22.5], (518.9653, 1244.968, 2379.069)]
[79746.16, [440.0, 69.0, 29.0, 40.14, 346.31, 19.62, 250.3, 22.26, 176.39, 21.41, 75.15, 23.27], (524.2398, 1242.882, 2298.494)]
[107039.2, [440.0, 69.0, 29.0, 34.45, 336.52, 17.5, 229.87, 22.32, 173.69, 22.0, 96.77, 20.8], (609.4408, 1487.657, 2670.821)]
[116741.04, [440.0, 69.0, 29.0, 41.26, 370.47, 15.77, 228.23, 20.41, 141.58, 22.33, 85.0, 19.44], (638.6499, 1473.092, 2657.077)]

Population size: 30
Number of couples: 13
Number of kept parents: 0
Best parent kept: True
Mutation Probability: 0.2
Mutation range (x, y): 15, 1
Number of Parameters: 4
Length, Width, Height: [440, 69, 29]

Written time: 27/03/2023 18:03:26