[15.19, [440.0, 69.0, 29.0, 61.04, 347.18, 22.71, 226.74, 22.08, 184.27, 22.98, 103.63, 21.74], (130.8269, 510.4132, 1305.798)]
[23.04, [440.0, 69.0, 29.0, 61.04, 347.18, 22.76, 226.74, 22.08, 184.27, 22.98, 103.63, 21.36], (131.5477, 515.0227, 1316.646)]
[23.04, [440.0, 69.0, 29.0, 61.04, 347.18, 22.61, 230.28, 22.08, 182.45, 22.98, 103.63, 21.36], (131.7412, 514.8284, 1313.801)]
[24.57, [440.0, 69.0, 29.0, 61.04, 347.18, 22.61, 226.74, 22.45, 184.27, 22.7, 103.63, 21.74], (129.9526, 510.1878, 1304.61)]
[24.61, [440.0, 69.0, 29.0, 56.39, 347.18, 22.71, 226.74, 22.08, 184.27, 22.98, 103.63, 21.74], (130.8636, 509.8622, 1297.027)]
[25.76, [440.0, 69.0, 29.0, 61.04, 347.18, 22.71, 226.74, 22.08, 184.27, 22.98, 103.63, 21.36], (131.7281, 515.8693, 1317.749)]
[26.54, [440.0, 69.0, 29.0, 61.04, 347.18, 22.71, 226.74, 22.08, 184.27, 22.98, 103.63, 21.36], (131.7281, 515.9162, 1318.576)]
[26.54, [440.0, 69.0, 29.0, 61.04, 347.18, 22.71, 226.74, 22.08, 184.27, 22.98, 103.63, 21.36], (131.7281, 515.9162, 1318.576)]
[29.65, [440.0, 69.0, 29.0, 61.04, 347.18, 22.71, 217.03, 22.31, 184.27, 22.98, 103.63, 21.52], (129.7968, 513.2743, 1317.557)]
[30.72, [440.0, 69.0, 29.0, 61.04, 347.18, 22.71, 212.32, 22.31, 184.27, 22.98, 104.5, 21.36], (130.5203, 519.2201, 1333.23)]
[60.82, [440.0, 69.0, 29.0, 61.04, 347.18, 22.61, 226.74, 22.08, 184.27, 22.98, 93.37, 21.74], (130.3381, 503.301, 1270.53)]
[62.46, [440.0, 69.0, 29.0, 61.04, 347.18, 22.71, 232.99, 22.08, 184.27, 22.98, 94.68, 21.52], (130.2514, 502.9608, 1270.172)]
[80.92, [440.0, 69.0, 29.0, 61.04, 347.18, 22.61, 250.3, 21.61, 198.65, 22.98, 103.63, 21.74], (134.4729, 519.5434, 1315.321)]
[88.3, [440.0, 69.0, 29.0, 68.11, 347.18, 22.67, 226.74, 22.46, 184.27, 22.98, 103.63, 21.74], (127.3576, 503.1185, 1304.195)]
[106.18, [440.0, 69.0, 29.0, 61.04, 347.18, 22.71, 226.74, 21.62, 184.27, 22.98, 103.63, 21.74], (135.0282, 520.4408, 1324.96)]
[125.35, [440.0, 69.0, 29.0, 46.11, 350.34, 22.61, 226.74, 22.08, 182.45, 22.7, 85.06, 21.74], (131.8239, 497.8007, 1218.393)]
[128.72, [440.0, 69.0, 29.0, 46.11, 350.34, 22.61, 226.74, 22.08, 182.45, 22.7, 82.96, 21.36], (132.5666, 501.6303, 1224.257)]
[154.08, [440.0, 69.0, 29.0, 61.04, 347.18, 22.71, 212.32, 22.31, 184.27, 22.81, 69.56, 21.52], (128.9416, 492.4511, 1210.448)]
[179.19, [440.0, 69.0, 29.0, 68.11, 347.18, 23.06, 233.27, 22.46, 184.27, 22.98, 103.63, 21.74], (125.6069, 492.8634, 1278.117)]
[179.89, [440.0, 69.0, 29.0, 47.32, 366.78, 22.61, 226.74, 22.08, 182.45, 22.47, 85.23, 21.74], (132.3796, 490.5739, 1180.527)]
[248.75, [440.0, 69.0, 29.0, 61.04, 356.76, 22.71, 250.3, 22.08, 162.26, 22.78, 82.96, 21.52], (128.3751, 473.0857, 1147.608)]
[249.68, [440.0, 69.0, 29.0, 61.04, 347.18, 23.09, 226.74, 22.08, 182.45, 23.15, 76.52, 21.52], (126.5487, 480.8192, 1188.939)]
[3491.83, [440, 69, 29, 67.18, 308.19, 22.3, 274.53, 19.4, 175.16, 22.51, 74.1, 17.11], (170.2842, 178.1506, 641.2198)]
[7361.22, [440.0, 69.0, 29.0, 61.04, 347.18, 22.4, 226.74, 22.08, 182.45, 22.7, 76.52, 21.52], (49.98661, 501.5716, 1235.163)]
[9555.11, [440.0, 69.0, 29.0, 61.04, 347.18, 22.71, 226.74, 22.08, 182.45, 23.15, 76.52, 21.52], (36.16247, 359.219, 1125.462)]
[11355.48, [440.0, 69.0, 29.0, 68.11, 347.18, 22.67, 226.74, 22.46, 182.45, 23.15, 76.52, 21.52], (23.8624, 330.614, 1205.793)]
[11797.4, [440.0, 69.0, 29.0, 61.04, 347.18, 22.61, 226.74, 22.08, 162.26, 22.78, 76.52, 21.52], (20.99105, 360.1134, 1182.769)]
[28350.72, [440.0, 69.0, 29.0, 61.04, 347.18, 22.61, 250.3, 22.08, 198.65, 22.98, 82.96, 21.59], (323.2908, 1227.468, 2250.958)]
[77751.7, [440.0, 69.0, 29.0, 61.04, 347.18, 22.71, 212.32, 22.31, 184.27, 22.98, 103.63, 21.36], (516.8327, 1339.13, 2401.178)]
[122364.22, [440.0, 69.0, 29.0, 61.04, 356.32, 21.0, 226.74, 22.08, 182.45, 22.76, 85.23, 21.74], (655.1258, 1451.286, 2687.808)]

Population size: 30
Number of couples: 14
Number of kept parents: 0
Best parent kept: True
Mutation Probability: 0.05
Mutation range (x, y): 15, 0.5
Number of Parameters: 4
Length, Width, Height: [440, 69, 29]

Written time: 27/03/2023 22:06:51