[54.54, [440.0, 69.0, 29.0, 61.04, 347.18, 22.61, 250.3, 22.26, 184.27, 22.7, 96.86, 20.79], (132.2052, 510.6644, 1282.6)]
[106.22, [440.0, 69.0, 29.0, 46.11, 350.34, 18.28, 250.3, 22.26, 162.26, 23.18, 76.52, 21.52], (133.5253, 520.2862, 1249.546)]
[110.81, [440.0, 69.0, 29.0, 41.18, 350.34, 18.94, 259.44, 22.26, 166.82, 23.18, 76.52, 21.52], (131.5021, 508.1404, 1218.152)]
[119.16, [440.0, 69.0, 29.0, 47.32, 366.78, 21.0, 250.3, 22.26, 184.27, 22.7, 103.63, 21.74], (133.6684, 511.6757, 1248.793)]
[126.54, [440.0, 69.0, 29.0, 34.45, 356.32, 18.05, 229.77, 22.43, 175.74, 22.62, 96.77, 23.7], (135.3977, 529.4142, 1285.915)]
[155.69, [440.0, 69.0, 29.0, 26.24, 343.67, 18.05, 229.77, 22.43, 175.74, 23.45, 96.77, 21.77], (135.1406, 551.7111, 1345.336)]
[167.4, [440.0, 69.0, 29.0, 47.02, 355.21, 18.05, 229.87, 22.55, 173.69, 23.86, 76.52, 21.74], (126.3569, 512.8639, 1245.189)]
[190.11, [440.0, 69.0, 29.0, 44.2, 366.38, 19.7, 250.3, 22.26, 167.74, 23.18, 96.12, 22.68], (128.2094, 491.5059, 1191.772)]
[210.8, [440.0, 69.0, 29.0, 57.69, 347.4, 22.61, 283.96, 21.59, 184.27, 22.43, 85.08, 22.79], (132.3345, 479.3056, 1160.04)]
[215.66, [440.0, 69.0, 29.0, 49.96, 356.86, 19.56, 250.3, 23.14, 162.83, 23.18, 76.52, 19.86], (126.2415, 500.414, 1213.05)]
[260.59, [440.0, 69.0, 29.0, 34.45, 348.66, 18.05, 229.77, 22.43, 175.74, 22.62, 111.1, 23.65], (137.6301, 550.6215, 1363.362)]
[290.78, [440.0, 69.0, 29.0, 34.45, 343.67, 18.05, 229.77, 22.43, 175.74, 22.18, 83.53, 23.65], (139.6785, 538.6425, 1296.708)]
[299.59, [440.0, 69.0, 29.0, 49.2, 366.38, 19.56, 250.3, 22.26, 162.83, 22.32, 76.52, 21.74], (137.724, 511.0405, 1202.435)]
[379.22, [440.0, 69.0, 29.0, 48.98, 366.38, 18.89, 242.62, 21.45, 162.83, 23.18, 76.52, 21.06], (140.7694, 531.6157, 1251.44)]
[408.65, [440.0, 69.0, 29.0, 24.53, 355.66, 18.05, 226.74, 22.31, 189.18, 22.7, 76.52, 21.74], (142.0323, 553.6309, 1305.652)]
[547.83, [440.0, 69.0, 29.0, 27.47, 356.1, 17.5, 243.64, 22.26, 186.52, 22.7, 96.86, 21.51], (143.3803, 568.6581, 1365.036)]
[569.93, [440.0, 69.0, 29.0, 17.21, 355.66, 18.05, 226.74, 22.08, 182.45, 22.7, 82.96, 21.74], (145.1519, 547.4159, 1310.933)]
[717.59, [440.0, 69.0, 29.0, 43.08, 376.39, 17.35, 226.74, 22.31, 196.92, 23.24, 97.13, 19.47], (144.9761, 593.348, 1422.616)]
[755.14, [440.0, 69.0, 29.0, 34.45, 343.67, 18.05, 226.29, 22.43, 175.74, 22.62, 96.86, 21.06], (145.807, 585.4445, 1420.483)]
[792.58, [440.0, 69.0, 29.0, 48.98, 366.78, 21.0, 250.3, 22.43, 168.5, 23.5, 89.87, 23.69], (117.4552, 444.3714, 1082.64)]
[2832.49, [440.0, 69.0, 29.0, 47.32, 366.78, 21.0, 250.3, 22.26, 184.27, 22.7, 96.77, 23.65], (93.33889, 133.2077, 1159.707)]
[3326.16, [440.0, 69.0, 29.0, 72.61, 366.48, 15.36, 259.24, 21.81, 166.44, 21.19, 88.87, 16.46], (174.2236, 679.7029, 1617.656)]
[3633.05, [440.0, 69.0, 29.0, 39.31, 355.66, 18.05, 226.74, 22.89, 185.34, 22.7, 99.71, 21.77], (156.9823, 1497.453, 2628.265)]
[3808.06, [440.0, 69.0, 29.0, 44.45, 366.78, 21.0, 283.96, 21.71, 173.69, 23.23, 76.52, 21.74], (80.93281, 483.8897, 1062.263)]
[5002.4, [440, 69, 29, 34.68, 340.89, 19.94, 221.96, 19.91, 188.25, 19.97, 81.58, 19.88], (190.3778, 676.5387, 1560.139)]
[9950.51, [440.0, 69.0, 29.0, 0.38, 362.58, 18.05, 250.87, 22.43, 175.74, 22.62, 96.77, 23.65], (32.78465, 374.6888, 1211.897)]
[11413.81, [440.0, 69.0, 29.0, 31.21, 334.6, 20.34, 238.8, 19.32, 190.22, 15.51, 88.29, 17.47], (235.0456, 806.9451, 1796.682)]
[11761.0, [440, 69, 29, 11.37, 348.89, 15.33, 242.48, 22.01, 162.5, 15.31, 144.41, 15.3], (235.6018, 888.8586, 1976.67)]
[18517.46, [440, 69, 29, 46.78, 357.02, 14.84, 231.99, 18.4, 161.89, 15.63, 137.7, 15.65], (274.4769, 968.2888, 2161.011)]
[85795.56, [440.0, 69.0, 29.0, 39.31, 355.66, 18.05, 235.98, 22.61, 189.18, 22.7, 110.11, 21.11], (542.7727, 1432.096, 2580.254)]

Population size: 30
Number of couples: 13
Number of kept parents: 0
Best parent kept: True
Mutation Probability: 0.2
Mutation range (x, y): 15, 1
Number of Parameters: 4
Length, Width, Height: [440, 69, 29]

Written time: 27/03/2023 19:34:16