[293.41, [440.0, 69.0, 29.0, 10.29, 356.1, 18.05, 229.87, 22.32, 173.69, 23.18, 96.77, 21.74], (139.6876, 548.9972, 1304.843)]
[484.42, [440.0, 69.0, 29.0, 51.63, 348.34, 18.05, 229.87, 22.43, 173.69, 22.7, 96.77, 21.74], (141.5034, 567.3904, 1398.878)]
[540.86, [440.0, 69.0, 29.0, 51.63, 348.34, 18.05, 229.87, 22.32, 173.69, 22.7, 96.77, 21.74], (142.4927, 569.9028, 1403.178)]
[547.59, [440.0, 69.0, 29.0, 40.14, 359.8, 20.03, 250.3, 22.26, 176.39, 21.41, 75.15, 22.58], (143.5986, 520.4567, 1220.507)]
[759.99, [440.0, 69.0, 29.0, 28.7, 355.47, 15.77, 228.23, 21.96, 176.39, 21.41, 75.15, 22.58], (121.0692, 159.1157, 1399.833)]
[827.32, [440.0, 69.0, 29.0, 34.45, 347.16, 22.79, 292.07, 21.08, 147.91, 21.93, 80.77, 19.35], (148.3832, 523.4933, 1217.538)]
[910.76, [440.0, 69.0, 29.0, 28.7, 355.47, 15.77, 228.23, 22.7, 176.39, 21.41, 75.15, 22.58], (149.1584, 582.4564, 1242.337)]
[1050.17, [440.0, 69.0, 29.0, 34.45, 343.66, 22.79, 292.07, 20.41, 141.58, 22.25, 85.0, 19.36], (151.9811, 533.1545, 1241.778)]
[1268.32, [440.0, 69.0, 29.0, 45.46, 336.03, 19.31, 289.35, 21.7, 155.1, 21.93, 94.26, 18.83], (153.885, 583.8918, 1407.582)]
[1289.34, [440.0, 69.0, 29.0, 58.16, 336.03, 19.31, 287.05, 21.7, 155.1, 21.93, 94.26, 18.83], (153.8351, 586.5627, 1429.524)]
[1466.51, [440.0, 69.0, 29.0, 40.14, 359.8, 20.03, 250.3, 22.26, 159.48, 19.79, 104.65, 22.98], (157.8018, 564.3466, 1331.458)]
[2765.92, [440.0, 69.0, 29.0, 25.19, 311.78, 19.67, 224.65, 23.0, 208.83, 20.95, 134.73, 19.79], (166.7392, 711.1778, 1732.763)]
[3358.7, [440.0, 69.0, 29.0, 78.1, 335.54, 16.67, 262.08, 21.39, 162.29, 16.97, 81.52, 15.58], (90.8128, 283.9569, 718.5647)]
[4830.03, [440.0, 69.0, 29.0, 40.99, 351.1, 15.43, 274.43, 23.0, 208.83, 19.96, 134.73, 19.79], (178.5337, 856.0957, 2508.763)]
[5650.15, [440.0, 69.0, 29.0, 28.7, 355.47, 15.77, 228.23, 21.32, 159.48, 19.79, 104.65, 18.52], (194.5063, 727.1148, 1671.176)]
[5739.06, [440.0, 69.0, 29.0, 39.21, 341.94, 21.32, 253.53, 22.28, 209.26, 16.65, 88.76, 17.55], (69.38062, 193.068, 714.2462)]
[6733.65, [440.0, 69.0, 29.0, 62.55, 332.45, 15.75, 271.21, 20.64, 188.2, 18.77, 128.77, 21.75], (201.4981, 758.2842, 1863.936)]
[8867.42, [440.0, 69.0, 29.0, 72.69, 341.78, 16.67, 262.08, 21.41, 161.81, 16.97, 88.41, 15.58], (217.1858, 804.1372, 1867.44)]
[9181.09, [440.0, 69.0, 29.0, 86.77, 341.78, 16.67, 262.08, 21.39, 169.71, 16.97, 88.41, 15.58], (219.0134, 813.3357, 1915.791)]
[9432.46, [440.0, 69.0, 29.0, 82.21, 341.78, 16.67, 262.08, 21.39, 169.71, 16.97, 102.87, 15.58], (220.3343, 828.6368, 1965.081)]
[9457.29, [440, 69, 29, 25.51, 305.0, 17.07, 251.91, 16.39, 166.64, 22.41, 73.65, 17.95], (40.33475, 210.0957, 770.2916)]
[9716.81, [440.0, 69.0, 29.0, 49.7, 354.23, 22.77, 262.62, 19.27, 211.31, 18.42, 108.72, 19.5], (36.18713, 200.5511, 1118.826)]
[10103.92, [440, 69, 29, 44.13, 346.55, 14.52, 248.35, 16.5, 172.43, 19.5, 103.93, 21.93], (226.2079, 799.9966, 1818.051)]
[12494.0, [440.0, 69.0, 29.0, 10.7, 363.45, 20.43, 258.34, 17.95, 201.7, 14.72, 123.39, 22.37], (243.0266, 749.7933, 1688.703)]
[12893.97, [440.0, 69.0, 29.0, 79.14, 300.49, 19.38, 286.58, 20.14, 215.02, 14.55, 117.21, 21.83], (242.3875, 838.3372, 2101.531)]
[13642.62, [440.0, 69.0, 29.0, 10.7, 363.45, 15.43, 274.43, 20.14, 158.04, 15.86, 125.67, 16.09], (248.3683, 854.5099, 1873.805)]
[16418.06, [440.0, 69.0, 29.0, 30.73, 304.18, 21.41, 232.13, 15.73, 155.44, 14.74, 83.93, 19.35], (264.8257, 849.9731, 1885.647)]
[16914.7, [440, 69, 29, 13.84, 353.24, 15.18, 230.16, 18.73, 163.83, 16.15, 123.89, 15.59], (266.5207, 922.4517, 2014.549)]
[22767.48, [440.0, 69.0, 29.0, 51.63, 348.34, 17.45, 292.12, 14.81, 171.15, 14.82, 135.41, 18.57], (297.5395, 950.0057, 2120.699)]
[75188.17, [440.0, 69.0, 29.0, 45.46, 336.32, 19.31, 288.87, 21.7, 155.73, 22.64, 101.57, 18.83], (507.2179, 1400.051, 2592.597)]

Population size: 30
Number of couples: 13
Number of kept parents: 0
Best parent kept: True
Mutation Probability: 0.2
Mutation range (x, y): 15, 1
Number of Parameters: 4
Length, Width, Height: [440, 69, 29]

Written time: 27/03/2023 17:36:57