[10.14, [440.0, 69.0, 29.0, 58.89, 349.72, 22.44, 220.38, 22.31, 184.27, 22.98, 98.89, 21.1], (130.917, 515.6529, 1305.804)]
[10.14, [440.0, 69.0, 29.0, 58.89, 349.72, 22.44, 220.38, 22.31, 184.27, 22.98, 98.89, 21.1], (130.917, 515.6529, 1305.804)]
[13.05, [440.0, 69.0, 29.0, 58.89, 349.72, 22.44, 220.38, 22.31, 188.64, 22.98, 98.89, 21.1], (131.2274, 518.4187, 1313.478)]
[13.05, [440.0, 69.0, 29.0, 58.89, 349.72, 22.44, 220.38, 22.31, 188.64, 22.98, 98.89, 21.1], (131.2274, 518.4187, 1313.478)]
[14.83, [440.0, 69.0, 29.0, 67.06, 347.18, 22.74, 227.77, 22.11, 184.13, 23.02, 98.18, 21.12], (131.0174, 512.3946, 1311.012)]
[14.87, [440.0, 69.0, 29.0, 58.89, 349.72, 22.44, 220.38, 22.31, 188.64, 22.98, 98.89, 21.1], (131.2274, 518.5427, 1315.42)]
[17.09, [440.0, 69.0, 29.0, 41.02, 342.06, 22.53, 230.05, 22.11, 184.64, 23.07, 108.62, 21.52], (131.9275, 519.0507, 1307.027)]
[17.54, [440.0, 69.0, 29.0, 58.89, 349.72, 22.44, 220.38, 22.31, 184.27, 22.98, 97.39, 21.12], (130.7572, 514.1046, 1299.647)]
[20.09, [440.0, 69.0, 29.0, 60.42, 347.18, 22.74, 227.77, 22.11, 184.13, 23.02, 98.66, 21.12], (131.0904, 512.1961, 1300.483)]
[21.85, [440.0, 69.0, 29.0, 67.06, 344.51, 22.74, 227.77, 22.11, 184.13, 23.02, 97.39, 21.12], (131.187, 514.2349, 1318.475)]
[24.06, [440.0, 69.0, 29.0, 67.06, 345.79, 22.31, 226.74, 22.21, 184.27, 22.98, 98.89, 21.52], (131.216, 515.406, 1321.578)]
[26.12, [440.0, 69.0, 29.0, 58.89, 349.72, 22.44, 220.38, 22.31, 184.27, 22.98, 108.62, 21.52], (130.7994, 518.4872, 1329.406)]
[28.26, [440.0, 69.0, 29.0, 67.06, 347.29, 22.74, 225.31, 22.31, 184.27, 22.99, 98.89, 21.1], (129.5936, 510.6281, 1310.44)]
[29.55, [440.0, 69.0, 29.0, 60.96, 345.03, 22.52, 230.05, 22.08, 184.27, 22.98, 94.71, 21.1], (132.2603, 515.6109, 1303.688)]
[35.01, [440.0, 69.0, 29.0, 58.89, 349.72, 22.52, 230.05, 22.08, 184.27, 22.98, 98.89, 21.1], (132.1988, 514.6661, 1298.069)]
[46.67, [440.0, 69.0, 29.0, 60.42, 347.18, 22.74, 227.77, 22.31, 185.29, 22.98, 97.39, 21.12], (129.4981, 508.2997, 1291.083)]
[49.43, [440.0, 69.0, 29.0, 58.89, 351.95, 22.74, 227.77, 22.11, 184.13, 23.02, 97.39, 21.12], (130.5982, 506.7467, 1275.932)]
[61.78, [440.0, 69.0, 29.0, 41.02, 342.06, 22.52, 230.05, 22.08, 184.64, 23.07, 108.62, 21.08], (133.3021, 526.233, 1327.167)]
[65.08, [440.0, 69.0, 29.0, 42.62, 349.72, 22.44, 227.77, 22.11, 184.13, 23.02, 97.39, 21.12], (132.0983, 511.894, 1269.024)]
[297.65, [440.0, 69.0, 29.0, 71.63, 349.72, 22.52, 230.05, 22.31, 184.27, 22.98, 97.39, 21.12], (129.7483, 461.1302, 1083.201)]
[488.44, [440.0, 69.0, 29.0, 60.96, 345.03, 22.44, 220.38, 22.31, 188.64, 22.97, 98.89, 21.1], (130.6166, 340.5066, 1003.042)]
[857.73, [440.0, 69.0, 29.0, 57.75, 349.72, 22.44, 220.38, 22.31, 184.27, 22.98, 108.62, 21.52], (130.813, 134.7698, 838.7125)]
[1632.69, [440.0, 69.0, 29.0, 58.89, 349.72, 22.44, 220.38, 22.31, 188.64, 22.98, 98.89, 21.1], (131.2483, 1081.907, 2378.984)]
[2151.1, [440.0, 69.0, 29.0, 54.49, 349.72, 22.44, 220.38, 22.31, 188.64, 22.98, 98.89, 21.1], (165.5368, 582.6008, 1352.381)]
[2694.4, [440.0, 69.0, 29.0, 60.96, 346.07, 22.71, 233.59, 22.31, 184.64, 23.07, 108.62, 21.52], (89.35567, 507.546, 1318.676)]
[10645.55, [440.0, 69.0, 29.0, 67.06, 345.79, 22.26, 226.74, 22.21, 184.27, 22.98, 98.89, 21.08], (29.64889, 133.1159, 1390.304)]
[11694.0, [440.0, 69.0, 29.0, 67.06, 347.18, 22.74, 227.77, 22.11, 184.13, 23.02, 108.62, 21.52], (25.219, 130.9906, 854.9299)]
[11720.78, [440.0, 69.0, 29.0, 67.06, 347.29, 22.74, 227.77, 22.11, 184.13, 22.98, 101.56, 21.36], (22.33646, 131.5678, 1274.882)]
[81617.73, [440.0, 69.0, 29.0, 58.89, 344.75, 22.52, 230.05, 22.11, 184.13, 23.02, 97.39, 21.12], (529.342, 1347.071, 2538.856)]
[140809.81, [440, 69, 29, 18.17, 304.71, 19.76, 229.63, 21.49, 162.27, 19.26, 97.32, 20.57], (706.4294, 1652.335, 2882.072)]

Population size: 30
Number of couples: 14
Number of kept parents: 0
Best parent kept: True
Mutation Probability: 0.05
Mutation range (x, y): 5, 0.3
Number of Parameters: 4
Length, Width, Height: [440, 69, 29]
Target Frequencies: (130.8, 523.2, 1308.0)

Written time: 28/03/2023 01:33:27