[10.14, [440.0, 69.0, 29.0, 58.89, 349.72, 22.44, 220.38, 22.31, 184.27, 22.98, 98.89, 21.1], (130.917, 515.6529, 1305.804)]
[12.45, [440.0, 69.0, 29.0, 67.06, 347.18, 22.74, 227.77, 22.11, 184.13, 23.02, 97.39, 21.12], (130.9539, 511.6734, 1307.676)]
[12.93, [440.0, 69.0, 29.0, 67.06, 347.29, 22.74, 227.77, 22.11, 184.13, 23.02, 97.39, 21.12], (130.9442, 511.5703, 1307.248)]
[13.02, [440.0, 69.0, 29.0, 42.62, 342.06, 22.52, 233.59, 22.08, 181.73, 23.16, 108.62, 21.31], (131.5301, 517.6919, 1309.276)]
[13.05, [440.0, 69.0, 29.0, 58.89, 349.72, 22.44, 220.38, 22.31, 188.64, 22.98, 98.89, 21.1], (131.2274, 518.4187, 1313.478)]
[18.27, [440.0, 69.0, 29.0, 60.96, 349.72, 22.44, 225.31, 22.31, 184.27, 22.99, 98.89, 21.1], (130.496, 513.1466, 1301.462)]
[20.07, [440.0, 69.0, 29.0, 45.42, 345.79, 22.52, 233.59, 22.08, 184.64, 23.07, 108.62, 21.52], (131.5652, 515.45, 1302.37)]
[21.81, [440.0, 69.0, 29.0, 58.89, 349.72, 22.44, 220.38, 22.31, 184.27, 23.02, 97.39, 21.12], (130.4423, 513.2407, 1298.285)]
[25.21, [440.0, 69.0, 29.0, 41.02, 342.06, 22.52, 230.05, 22.08, 184.64, 23.07, 108.62, 21.52], (132.2379, 519.8811, 1312.649)]
[27.17, [440.0, 69.0, 29.0, 42.62, 342.06, 22.59, 226.1, 22.11, 180.71, 23.05, 103.63, 21.36], (131.832, 516.0437, 1298.473)]
[27.72, [440.0, 69.0, 29.0, 67.06, 347.18, 22.74, 227.77, 22.11, 184.13, 22.98, 98.89, 21.08], (131.4758, 514.4183, 1321.383)]
[31.71, [440.0, 69.0, 29.0, 62.43, 347.18, 22.52, 233.59, 22.08, 184.64, 23.07, 108.62, 21.52], (131.2565, 516.6505, 1330.077)]
[37.44, [440.0, 69.0, 29.0, 60.96, 347.18, 22.52, 230.05, 22.08, 189.16, 23.16, 109.38, 21.52], (131.1129, 519.9058, 1340.392)]
[39.81, [440.0, 69.0, 29.0, 58.89, 349.72, 22.52, 230.05, 22.31, 184.27, 22.98, 98.89, 21.1], (130.0286, 509.5597, 1288.604)]
[41.58, [440.0, 69.0, 29.0, 60.96, 346.07, 22.71, 233.59, 22.31, 184.64, 23.07, 105.65, 21.24], (128.9744, 510.2243, 1311.936)]
[42.83, [440.0, 69.0, 29.0, 61.54, 343.28, 22.45, 226.74, 22.21, 188.45, 22.98, 101.56, 21.36], (131.8804, 522.2149, 1338.61)]
[44.63, [440.0, 69.0, 29.0, 41.02, 342.06, 22.52, 231.33, 22.08, 188.45, 22.98, 100.7, 21.36], (132.849, 518.7231, 1297.173)]
[46.88, [440.0, 69.0, 29.0, 67.06, 345.79, 22.26, 226.74, 22.21, 184.27, 22.98, 101.56, 21.36], (131.9941, 521.0781, 1339.707)]
[49.44, [440.0, 69.0, 29.0, 42.62, 342.06, 22.26, 226.74, 22.21, 184.27, 22.98, 101.99, 21.11], (133.2545, 525.2372, 1316.949)]
[50.23, [440.0, 69.0, 29.0, 61.54, 343.28, 22.45, 226.74, 22.21, 186.42, 23.16, 108.62, 21.36], (130.8842, 523.721, 1357.468)]
[51.29, [440.0, 69.0, 29.0, 45.42, 347.18, 22.59, 226.1, 22.11, 184.13, 23.02, 98.31, 21.36], (131.3445, 510.0507, 1273.882)]
[100.45, [440.0, 69.0, 29.0, 42.62, 342.06, 22.52, 227.22, 22.08, 187.64, 23.01, 108.62, 21.1], (134.1122, 530.844, 1340.528)]
[107.43, [440.0, 69.0, 29.0, 41.02, 337.42, 22.24, 220.38, 22.08, 184.64, 23.16, 109.63, 21.52], (133.763, 533.4091, 1354.216)]
[10217.82, [440.0, 69.0, 29.0, 41.02, 337.42, 22.52, 230.05, 22.31, 184.27, 22.98, 98.89, 21.1], (32.62671, 143.3392, 1197.291)]
[11570.67, [440.0, 69.0, 29.0, 45.42, 345.79, 22.26, 226.74, 22.21, 184.27, 22.98, 100.7, 21.36], (21.56817, 510.7187, 1166.066)]
[12648.82, [440, 69, 29, 16.42, 307.48, 15.66, 252.02, 18.22, 202.91, 20.02, 135.96, 16.79], (240.5125, 919.173, 2069.151)]
[29837.23, [440.0, 69.0, 29.0, 41.02, 337.42, 22.52, 230.05, 22.31, 184.27, 22.98, 98.89, 21.1], (331.5237, 1165.339, 2065.166)]
[73344.22, [440.0, 69.0, 29.0, 67.06, 347.18, 22.74, 227.77, 22.31, 184.27, 22.98, 98.89, 21.52], (501.6671, 1288.917, 2465.249)]
[77085.08, [440.0, 69.0, 29.0, 67.06, 349.72, 22.44, 225.31, 22.31, 184.27, 22.98, 98.89, 21.1], (514.3465, 1313.266, 2487.947)]
[100728.13, [440.0, 69.0, 29.0, 58.89, 349.72, 22.44, 220.38, 22.31, 184.27, 22.98, 98.89, 21.1], (590.5974, 1465.839, 2499.657)]

Population size: 30
Number of couples: 14
Number of kept parents: 0
Best parent kept: True
Mutation Probability: 0.05
Mutation range (x, y): 5, 0.3
Number of Parameters: 4
Length, Width, Height: [440, 69, 29]
Target Frequencies: (130.8, 523.2, 1308.0)

Written time: 28/03/2023 01:15:59