[16.16, [440.0, 69.0, 29.0, 54.34, 349.93, 22.71, 226.01, 21.81, 184.27, 23.25, 109.36, 21.74], (131.4823, 512.812, 1307.863)]
[18.01, [440.0, 69.0, 29.0, 42.62, 343.3, 22.72, 226.1, 22.08, 184.64, 23.07, 107.12, 21.52], (131.5363, 515.9739, 1303.536)]
[26.55, [440.0, 69.0, 29.0, 62.43, 346.23, 22.72, 226.1, 22.08, 184.64, 22.98, 103.63, 21.52], (131.4633, 515.0612, 1321.011)]
[29.12, [440.0, 69.0, 29.0, 68.11, 352.02, 22.67, 225.57, 22.08, 184.27, 22.99, 105.31, 21.36], (131.5294, 514.446, 1322.133)]
[29.88, [440.0, 69.0, 29.0, 56.39, 349.79, 22.54, 226.74, 22.05, 184.27, 22.98, 103.63, 21.69], (131.6327, 511.9186, 1296.996)]
[31.24, [440.0, 69.0, 29.0, 52.52, 349.79, 22.53, 226.74, 22.05, 187.07, 23.02, 103.23, 21.36], (132.3175, 515.7207, 1302.937)]
[33.2, [440.0, 69.0, 29.0, 64.25, 342.02, 22.45, 226.74, 22.21, 184.27, 22.98, 98.89, 21.36], (131.4871, 518.7305, 1331.031)]
[40.03, [440.0, 69.0, 29.0, 62.43, 347.18, 22.81, 226.74, 22.08, 184.27, 23.12, 98.89, 21.36], (129.8502, 506.9875, 1293.439)]
[42.85, [440.0, 69.0, 29.0, 65.15, 347.18, 22.71, 226.1, 22.11, 184.64, 23.02, 93.89, 21.41], (130.272, 506.1522, 1286.031)]
[48.1, [440.0, 69.0, 29.0, 41.52, 346.23, 22.59, 226.74, 22.08, 184.27, 22.97, 103.63, 21.57], (132.0965, 513.2836, 1284.579)]
[49.5, [440.0, 69.0, 29.0, 56.39, 349.79, 22.53, 226.74, 22.05, 187.07, 22.98, 106.77, 21.36], (132.9081, 521.4007, 1325.094)]
[54.33, [440.0, 69.0, 29.0, 58.09, 343.87, 22.71, 220.02, 22.31, 183.08, 23.1, 100.11, 21.52], (128.6385, 508.1953, 1300.452)]
[57.6, [440.0, 69.0, 29.0, 42.62, 347.18, 22.71, 226.74, 22.08, 184.27, 23.12, 97.67, 21.17], (130.8169, 507.9136, 1265.707)]
[110.47, [440.0, 69.0, 29.0, 58.37, 351.39, 22.67, 221.62, 22.45, 184.41, 22.98, 103.63, 21.74], (127.5025, 501.4905, 1279.117)]
[134.35, [440.0, 69.0, 29.0, 58.37, 351.39, 22.67, 221.62, 22.45, 183.51, 22.98, 100.62, 21.74], (127.212, 498.3873, 1266.423)]
[210.34, [440.0, 69.0, 29.0, 41.52, 347.18, 22.6, 226.74, 22.08, 186.69, 22.25, 82.96, 21.36], (136.7655, 515.4028, 1251.16)]
[288.03, [440.0, 69.0, 29.0, 62.43, 347.18, 22.45, 226.74, 22.21, 183.41, 22.98, 98.89, 21.45], (130.1592, 253.1171, 1295.18)]
[1158.91, [440.0, 69.0, 29.0, 58.37, 349.93, 22.71, 226.01, 21.93, 164.87, 20.89, 124.92, 19.62], (151.1038, 590.8329, 1484.398)]
[1699.87, [440.0, 69.0, 29.0, 56.39, 349.79, 22.53, 226.74, 22.05, 187.07, 23.02, 103.23, 21.64], (131.7566, 1257.498, 2264.215)]
[2730.0, [440.0, 69.0, 29.0, 62.43, 351.15, 22.45, 226.74, 22.21, 184.27, 22.98, 98.89, 21.98], (89.91572, 472.6574, 1242.72)]
[10194.04, [440.0, 69.0, 29.0, 40.52, 310.26, 21.55, 273.5, 21.81, 184.27, 23.25, 106.77, 21.74], (37.34895, 133.4018, 537.6808)]
[11662.21, [440, 69, 29, 57.08, 326.47, 17.83, 258.63, 18.29, 151.67, 17.99, 90.71, 17.14], (236.0264, 820.6846, 1878.607)]
[11830.97, [440.0, 69.0, 29.0, 64.25, 342.7, 22.98, 219.03, 22.31, 183.3, 23.19, 103.63, 21.36], (26.59809, 127.6867, 509.4028)]
[34953.02, [440.0, 69.0, 29.0, 60.9, 349.72, 22.65, 229.94, 22.43, 180.58, 22.98, 97.67, 21.36], (352.707, 1283.265, 2444.486)]
[66072.82, [440.0, 69.0, 29.0, 68.37, 340.93, 22.49, 226.74, 22.21, 184.27, 22.98, 97.02, 21.36], (475.5257, 1310.942, 2588.576)]
[74160.44, [440.0, 69.0, 29.0, 62.43, 345.64, 22.71, 220.38, 22.31, 183.3, 22.95, 105.31, 21.36], (504.1932, 1321.963, 2517.476)]
[74205.64, [440.0, 69.0, 29.0, 61.04, 346.23, 22.59, 226.1, 22.11, 184.64, 23.02, 93.89, 21.36], (505.0359, 1271.644, 2368.597)]
[78352.09, [440.0, 69.0, 29.0, 56.29, 349.79, 22.53, 226.74, 22.05, 187.07, 23.02, 103.23, 21.36], (518.7533, 1309.863, 2460.093)]
[79686.47, [440.0, 69.0, 29.0, 68.11, 347.18, 22.67, 226.88, 22.08, 184.27, 22.99, 107.12, 21.36], (521.5724, 1593.386, 2676.536)]
[102217.72, [440.0, 69.0, 29.0, 62.43, 347.18, 22.45, 226.74, 22.21, 188.25, 22.98, 98.89, 21.36], (597.4424, 1339.327, 1905.934)]

Population size: 30
Number of couples: 14
Number of kept parents: 0
Best parent kept: True
Mutation Probability: 0.1
Mutation range (x, y): 5, 0.3
Number of Parameters: 4
Length, Width, Height: [440, 69, 29]
Target Frequencies: (130.8, 523.2, 1308.0)

Written time: 27/03/2023 22:57:08