[10.14, [440.0, 69.0, 29.0, 58.89, 349.72, 22.44, 220.38, 22.31, 184.27, 22.98, 98.89, 21.1], (130.917, 515.6529, 1305.804)]
[13.05, [440.0, 69.0, 29.0, 58.89, 349.72, 22.44, 220.38, 22.31, 188.64, 22.98, 98.89, 21.1], (131.2274, 518.4187, 1313.478)]
[13.05, [440.0, 69.0, 29.0, 58.89, 349.72, 22.44, 220.38, 22.31, 188.64, 22.98, 98.89, 21.1], (131.2274, 518.4187, 1313.478)]
[18.68, [440.0, 69.0, 29.0, 71.63, 347.29, 22.74, 227.77, 22.11, 184.13, 23.02, 97.39, 21.12], (130.9003, 511.5795, 1314.74)]
[24.67, [440.0, 69.0, 29.0, 58.89, 349.72, 22.44, 220.38, 22.38, 184.27, 23.02, 98.89, 21.1], (129.9291, 513.2217, 1301.437)]
[25.09, [440.0, 69.0, 29.0, 60.42, 347.18, 22.74, 227.77, 22.11, 184.13, 23.02, 97.39, 21.12], (130.9918, 511.1318, 1295.822)]
[25.21, [440.0, 69.0, 29.0, 41.02, 342.06, 22.52, 230.05, 22.08, 184.64, 23.07, 108.62, 21.52], (132.2379, 519.8811, 1312.649)]
[26.12, [440.0, 69.0, 29.0, 58.89, 349.72, 22.44, 220.38, 22.31, 184.27, 22.98, 108.62, 21.52], (130.7994, 518.4872, 1329.406)]
[30.65, [440.0, 69.0, 29.0, 41.02, 342.06, 22.52, 230.05, 22.08, 184.64, 23.07, 105.65, 21.24], (132.6664, 521.2669, 1311.217)]
[31.74, [440.0, 69.0, 29.0, 67.06, 344.51, 22.74, 227.77, 22.11, 184.13, 22.98, 101.56, 21.36], (131.2971, 515.3739, 1328.408)]
[36.49, [440.0, 69.0, 29.0, 41.02, 342.06, 22.52, 230.05, 22.08, 187.12, 23.07, 105.65, 21.24], (132.8292, 522.7909, 1315.175)]
[39.73, [440.0, 69.0, 29.0, 67.06, 347.29, 22.52, 233.59, 22.08, 184.64, 23.07, 108.62, 21.52], (131.2082, 516.9012, 1338.823)]
[42.3, [440.0, 69.0, 29.0, 58.89, 349.72, 22.44, 220.38, 22.31, 189.16, 23.16, 109.38, 21.52], (129.7597, 518.5076, 1334.998)]
[48.87, [440.0, 69.0, 29.0, 45.42, 345.79, 22.74, 227.77, 22.11, 184.13, 23.02, 97.39, 21.12], (131.3067, 510.4858, 1275.447)]
[49.92, [440.0, 69.0, 29.0, 58.89, 349.72, 22.52, 230.05, 22.31, 184.27, 22.98, 97.39, 21.12], (129.8679, 507.9943, 1282.281)]
[51.93, [440.0, 69.0, 29.0, 67.06, 345.79, 22.26, 226.74, 22.21, 184.27, 22.98, 98.89, 21.08], (132.4255, 522.7383, 1338.748)]
[53.76, [440.0, 69.0, 29.0, 60.96, 346.07, 22.71, 233.59, 22.31, 184.64, 23.07, 108.62, 21.52], (128.5763, 508.9281, 1314.324)]
[1987.1, [440.0, 69.0, 29.0, 60.96, 345.03, 22.52, 230.05, 22.08, 184.27, 22.98, 98.89, 21.1], (132.5907, 1310.132, 2484.202)]
[2042.16, [440.0, 69.0, 29.0, 60.96, 342.06, 22.52, 233.59, 22.08, 181.73, 23.26, 108.62, 21.31], (131.4371, 1335.449, 2532.827)]
[5533.98, [440.0, 69.0, 29.0, 67.06, 347.29, 22.74, 227.77, 22.11, 184.13, 23.02, 97.39, 21.12], (73.43069, 130.9442, 511.5703)]
[6322.99, [440.0, 69.0, 29.0, 42.62, 349.72, 22.44, 225.31, 22.31, 184.27, 22.99, 98.89, 21.1], (66.6875, 130.7845, 510.9288)]
[7682.08, [440.0, 69.0, 29.0, 41.02, 342.06, 22.52, 230.05, 22.08, 184.64, 23.07, 108.62, 21.52], (55.55504, 155.6353, 520.5177)]
[7936.35, [440.0, 69.0, 29.0, 67.06, 347.18, 22.74, 227.77, 22.11, 184.13, 23.02, 97.39, 21.12], (47.33358, 292.4792, 1388.137)]
[11676.36, [440.0, 69.0, 29.0, 62.43, 347.18, 22.52, 233.59, 22.08, 184.64, 23.07, 98.89, 21.1], (22.32532, 149.5836, 1303.026)]
[44701.77, [440.0, 69.0, 29.0, 58.89, 349.72, 22.52, 230.05, 22.08, 185.34, 23.16, 109.38, 21.52], (394.3397, 1317.11, 2433.072)]
[63822.83, [440.0, 69.0, 29.0, 60.96, 347.18, 22.44, 220.38, 22.31, 181.76, 23.02, 97.39, 21.12], (472.2784, 1103.292, 1167.516)]
[71127.26, [440.0, 69.0, 29.0, 67.06, 347.29, 22.74, 227.77, 22.11, 184.13, 23.02, 97.39, 21.12], (493.8077, 1308.98, 2486.489)]
[73994.03, [440.0, 69.0, 29.0, 60.96, 346.07, 22.71, 233.59, 22.31, 184.64, 23.07, 108.62, 21.52], (503.7478, 1314.151, 2487.938)]
[74891.46, [440.0, 69.0, 29.0, 67.06, 349.72, 22.44, 220.38, 22.31, 184.27, 22.98, 98.89, 21.1], (506.815, 1309.091, 2500.104)]
[152255.83, [440, 69, 29, 34.18, 349.34, 21.57, 240.38, 16.72, 194.37, 16.82, 113.5, 22.17], (737.2587, 1726.306, 3011.886)]

Population size: 30
Number of couples: 14
Number of kept parents: 0
Best parent kept: True
Mutation Probability: 0.05
Mutation range (x, y): 5, 0.3
Number of Parameters: 4
Length, Width, Height: [440, 69, 29]
Target Frequencies: (130.8, 523.2, 1308.0)

Written time: 28/03/2023 01:24:40