[132.68, [440.0, 69.0, 29.0, 47.32, 366.78, 21.0, 250.3, 22.26, 184.27, 22.7, 96.86, 21.77], (133.021, 505.7124, 1225.798)]
[200.66, [440.0, 69.0, 29.0, 57.69, 343.91, 22.61, 283.96, 22.32, 173.69, 22.7, 96.77, 21.51], (128.1443, 481.0003, 1193.32)]
[206.72, [440.0, 69.0, 29.0, 47.32, 357.14, 21.76, 250.3, 22.26, 184.27, 22.23, 76.52, 22.16], (133.352, 491.1628, 1173.961)]
[207.07, [440.0, 69.0, 29.0, 34.98, 362.58, 18.05, 254.03, 22.43, 175.74, 22.7, 96.77, 21.77], (137.6448, 537.0343, 1293.411)]
[256.59, [440.0, 69.0, 29.0, 47.65, 343.91, 22.61, 283.96, 22.32, 173.69, 22.7, 93.36, 21.77], (127.4048, 474.6697, 1163.045)]
[292.8, [440.0, 69.0, 29.0, 34.45, 343.67, 19.56, 250.3, 22.26, 173.69, 23.86, 76.52, 21.74], (124.6555, 494.0017, 1197.378)]
[342.05, [440.0, 69.0, 29.0, 48.98, 366.38, 18.05, 229.87, 22.32, 180.85, 24.15, 96.77, 22.98], (121.8954, 504.6746, 1250.954)]
[372.99, [440.0, 69.0, 29.0, 47.32, 357.29, 21.07, 250.3, 22.23, 167.04, 21.57, 96.77, 22.74], (140.4148, 514.8616, 1241.063)]
[498.91, [440.0, 69.0, 29.0, 47.32, 346.73, 21.07, 229.87, 22.32, 173.69, 24.15, 96.77, 22.45], (119.8384, 481.1296, 1214.91)]
[532.12, [440.0, 69.0, 29.0, 39.31, 355.66, 18.05, 226.74, 22.31, 182.45, 22.7, 96.77, 21.77], (142.8617, 568.2773, 1376.999)]
[672.91, [440.0, 69.0, 29.0, 0.37, 356.1, 18.05, 243.64, 22.43, 168.5, 23.5, 96.77, 23.65], (127.7499, 222.4295, 989.6493)]
[737.84, [440.0, 69.0, 29.0, 43.29, 362.58, 18.05, 216.16, 22.32, 173.69, 22.7, 96.77, 20.87], (146.0619, 578.3268, 1395.431)]
[982.22, [440.0, 69.0, 29.0, 48.98, 366.38, 21.92, 289.18, 21.23, 163.58, 20.88, 76.52, 22.68], (149.6374, 507.0044, 1158.898)]
[1038.79, [440.0, 69.0, 29.0, 31.73, 355.66, 18.05, 226.74, 22.31, 182.45, 22.7, 96.77, 19.47], (149.7999, 601.4858, 1441.347)]
[1106.72, [440.0, 69.0, 29.0, 48.98, 366.38, 19.56, 250.3, 22.26, 162.83, 23.18, 76.52, 21.74], (129.57, 247.589, 490.9295)]
[1115.61, [440.0, 69.0, 29.0, 47.32, 355.21, 18.05, 250.3, 22.23, 173.69, 21.57, 82.98, 20.9], (152.3441, 577.7389, 1370.18)]
[1151.18, [440.0, 69.0, 29.0, 47.32, 357.14, 18.67, 226.74, 21.58, 182.45, 22.7, 107.71, 21.77], (151.6239, 594.3557, 1438.831)]
[1457.49, [440.0, 69.0, 29.0, 30.86, 355.66, 17.74, 234.84, 22.31, 182.45, 22.7, 82.98, 21.48], (142.304, 205.6329, 557.7847)]
[1859.78, [440.0, 69.0, 29.0, 34.98, 362.58, 18.05, 229.77, 22.43, 175.74, 22.62, 96.77, 23.65], (135.307, 1259.712, 2336.182)]
[1963.58, [440.0, 69.0, 29.0, 39.98, 351.22, 21.49, 271.67, 17.79, 213.66, 20.21, 107.63, 16.97], (105.5933, 215.3185, 1697.262)]
[3580.1, [440.0, 69.0, 29.0, 47.32, 357.14, 21.0, 250.3, 22.26, 184.27, 22.23, 76.52, 21.74], (136.5791, 2082.136, 3190.886)]
[5017.63, [440.0, 69.0, 29.0, 47.65, 343.91, 22.61, 283.96, 22.32, 173.69, 22.7, 102.41, 23.65], (71.7137, 230.3021, 1126.774)]
[6778.54, [440, 69, 29, 58.75, 329.68, 20.62, 221.5, 21.47, 161.42, 15.44, 122.56, 20.19], (202.2386, 768.3949, 1805.086)]
[7415.26, [440.0, 69.0, 29.0, 47.32, 350.34, 19.56, 250.3, 22.26, 173.69, 23.18, 76.52, 21.74], (49.06486, 544.5254, 1305.371)]
[9097.73, [440, 69, 29, 25.9, 294.3, 14.63, 220.18, 15.94, 172.66, 21.56, 76.16, 21.19], (219.1382, 819.0797, 1809.102)]
[9386.0, [440.0, 69.0, 29.0, 47.65, 338.94, 19.89, 259.75, 20.22, 163.49, 15.19, 106.51, 20.61], (222.2156, 754.5031, 1724.365)]
[11760.78, [440, 69, 29, 49.01, 318.17, 18.08, 252.85, 20.85, 173.43, 16.12, 131.56, 15.24], (234.776, 900.7204, 2091.142)]
[79348.13, [440.0, 69.0, 29.0, 35.91, 354.27, 21.66, 283.96, 22.32, 173.69, 22.23, 76.52, 21.74], (523.2321, 1213.101, 2229.876)]
[91417.04, [440.0, 69.0, 29.0, 23.28, 352.19, 18.05, 226.74, 22.43, 180.28, 22.75, 96.77, 21.77], (561.903, 1328.026, 2414.439)]
[102191.54, [440.0, 69.0, 29.0, 39.31, 355.66, 18.05, 216.82, 22.31, 197.34, 22.7, 96.77, 21.01], (595.1287, 1395.173, 2577.07)]

Population size: 30
Number of couples: 13
Number of kept parents: 0
Best parent kept: True
Mutation Probability: 0.2
Mutation range (x, y): 15, 1
Number of Parameters: 4
Length, Width, Height: [440, 69, 29]

Written time: 27/03/2023 18:48:43