[116.2, [440.0, 69.0, 29.0, 41.18, 350.34, 18.94, 250.3, 22.26, 162.26, 23.18, 76.52, 21.52], (132.5228, 511.9669, 1225.576)]
[146.89, [440.0, 69.0, 29.0, 48.98, 366.38, 18.89, 250.3, 22.26, 162.83, 23.18, 76.52, 21.74], (130.8216, 499.2462, 1185.253)]
[150.32, [440.0, 69.0, 29.0, 47.32, 366.78, 21.0, 250.3, 22.26, 184.27, 22.7, 96.86, 21.06], (134.9182, 515.8066, 1248.431)]
[156.47, [440.0, 69.0, 29.0, 48.98, 366.78, 21.0, 250.3, 22.26, 184.27, 22.7, 96.86, 20.79], (135.5517, 519.6315, 1258.44)]
[160.2, [440.0, 69.0, 29.0, 48.98, 366.38, 19.56, 250.3, 22.26, 162.83, 23.18, 76.52, 19.47], (134.9136, 519.6108, 1234.608)]
[166.22, [440.0, 69.0, 29.0, 34.45, 343.67, 18.05, 229.77, 22.43, 175.74, 22.62, 96.77, 23.65], (136.412, 540.5464, 1324.572)]
[176.11, [440.0, 69.0, 29.0, 48.98, 366.38, 19.56, 250.3, 22.26, 169.55, 23.18, 76.52, 21.74], (129.6577, 493.6416, 1174.05)]
[231.31, [440.0, 69.0, 29.0, 27.47, 356.1, 18.05, 243.64, 22.43, 168.5, 23.5, 89.87, 23.69], (124.1847, 490.714, 1336.258)]
[295.69, [440.0, 69.0, 29.0, 39.31, 355.66, 18.05, 226.74, 22.89, 185.34, 22.7, 99.71, 21.77], (138.1247, 559.7257, 1369.632)]
[299.58, [440.0, 69.0, 29.0, 49.2, 366.38, 19.56, 250.3, 22.26, 162.83, 22.32, 76.52, 21.74], (137.724, 511.0405, 1202.443)]
[413.44, [440.0, 69.0, 29.0, 0.38, 362.58, 18.05, 254.03, 22.43, 175.74, 22.7, 96.77, 21.77], (141.6087, 538.8447, 1264.991)]
[481.07, [440.0, 69.0, 29.0, 39.31, 355.66, 18.05, 226.74, 22.31, 189.18, 22.7, 96.12, 21.77], (141.4729, 579.5669, 1384.84)]
[595.43, [440.0, 69.0, 29.0, 43.08, 376.39, 18.05, 226.74, 22.31, 196.92, 23.24, 96.77, 19.47], (143.4026, 582.4695, 1397.643)]
[898.57, [440.0, 69.0, 29.0, 48.98, 366.38, 18.05, 229.87, 21.59, 184.27, 22.23, 85.08, 22.16], (149.5758, 568.5716, 1348.648)]
[901.48, [440.0, 69.0, 29.0, 57.69, 343.91, 22.61, 283.96, 22.26, 173.69, 23.86, 76.52, 21.74], (115.7802, 438.5697, 1074.185)]
[901.91, [440.0, 69.0, 29.0, 39.31, 346.54, 18.05, 215.54, 22.32, 173.69, 22.7, 96.77, 20.87], (147.7842, 593.5891, 1440.551)]
[913.7, [440.0, 69.0, 29.0, 17.21, 355.66, 18.05, 226.74, 22.31, 182.45, 22.7, 82.96, 21.74], (143.2119, 954.2937, 1354.198)]
[985.99, [440.0, 69.0, 29.0, 48.98, 358.47, 21.92, 289.18, 21.23, 170.09, 20.88, 76.52, 22.68], (150.1645, 512.8829, 1183.792)]
[1038.79, [440.0, 69.0, 29.0, 31.73, 355.66, 18.05, 226.74, 22.31, 182.45, 22.7, 96.77, 19.47], (149.7999, 601.4858, 1441.347)]
[1068.62, [440.0, 69.0, 29.0, 47.32, 357.14, 18.67, 217.36, 21.58, 182.45, 22.7, 107.71, 21.77], (150.2553, 592.5555, 1450.17)]
[1467.88, [440.0, 69.0, 29.0, 34.98, 362.58, 19.56, 250.3, 22.26, 176.54, 24.22, 76.52, 21.74], (120.0538, 1136.339, 1810.01)]
[4085.17, [440, 69, 29, 72.61, 354.85, 15.36, 244.85, 21.81, 168.76, 20.89, 88.87, 16.46], (180.4588, 712.4755, 1706.047)]
[5440.26, [440, 69, 29, 40.43, 351.25, 21.52, 233.93, 15.45, 193.76, 22.37, 80.43, 20.29], (194.4378, 670.5252, 1526.079)]
[9916.44, [440.0, 69.0, 29.0, 47.32, 366.78, 21.0, 250.3, 22.26, 184.27, 22.7, 96.77, 21.77], (39.49313, 133.929, 507.6707)]
[12098.42, [440, 69, 29, 31.21, 334.6, 20.34, 238.8, 19.32, 190.22, 15.51, 88.29, 17.47], (22.26619, 235.0459, 806.9489)]
[12196.76, [440.0, 69.0, 29.0, 31.73, 355.66, 19.56, 255.16, 22.26, 162.83, 23.18, 76.52, 21.49], (23.81867, 823.6536, 2137.205)]
[75790.16, [440.0, 69.0, 29.0, 32.5, 366.38, 18.05, 229.87, 22.32, 180.85, 24.15, 106.66, 22.98], (510.6948, 1265.442, 2315.02)]
[82729.54, [440.0, 69.0, 29.0, 34.45, 343.67, 19.56, 250.3, 22.46, 173.69, 22.7, 96.77, 21.46], (533.6851, 1308.219, 2389.524)]
[91870.12, [440.0, 69.0, 29.0, 43.29, 362.58, 18.05, 226.74, 22.31, 182.45, 22.7, 96.77, 21.01], (562.8038, 1391.177, 2523.675)]
[288587.28, [440.0, 69.0, 29.0, 36.52, 357.14, 22.61, 250.3, 22.32, 186.47, 24.15, 96.77, 22.98], (1066.896, 1867.358, 2152.274)]

Population size: 30
Number of couples: 13
Number of kept parents: 0
Best parent kept: True
Mutation Probability: 0.2
Mutation range (x, y): 15, 1
Number of Parameters: 4
Length, Width, Height: [440, 69, 29]

Written time: 27/03/2023 19:23:57