[15.95, [440.0, 69.0, 29.0, 62.43, 347.18, 22.59, 226.74, 22.06, 184.27, 23.13, 97.67, 21.17], (131.065, 512.7271, 1303.884)]
[17.44, [440.0, 69.0, 29.0, 68.11, 349.79, 22.54, 226.74, 22.04, 184.27, 22.98, 103.63, 21.92], (131.0605, 509.719, 1310.628)]
[17.45, [440.0, 69.0, 29.0, 56.39, 349.93, 22.71, 226.01, 21.81, 181.25, 23.25, 109.36, 21.74], (131.3082, 511.189, 1306.183)]
[18.28, [440.0, 69.0, 29.0, 57.88, 343.48, 22.81, 226.74, 22.08, 184.27, 22.98, 98.73, 21.36], (131.3165, 512.8488, 1303.785)]
[25.59, [440.0, 69.0, 29.0, 56.39, 349.79, 22.54, 226.01, 21.81, 181.25, 23.25, 109.36, 21.74], (131.8933, 514.3625, 1313.316)]
[28.64, [440.0, 69.0, 29.0, 42.62, 347.18, 22.71, 226.74, 22.08, 187.07, 22.98, 108.41, 21.36], (132.5662, 519.226, 1306.808)]
[34.12, [440.0, 69.0, 29.0, 56.39, 349.79, 22.53, 226.74, 22.05, 184.27, 23.12, 97.67, 21.09], (131.4617, 512.4463, 1290.015)]
[35.93, [440.0, 69.0, 29.0, 54.34, 349.93, 22.54, 226.74, 22.03, 184.27, 22.98, 103.63, 21.69], (131.8316, 512.0133, 1293.731)]
[38.36, [440.0, 69.0, 29.0, 58.39, 345.26, 22.45, 226.74, 22.45, 184.41, 22.98, 103.63, 21.52], (129.0009, 511.7022, 1310.727)]
[38.58, [440.0, 69.0, 29.0, 42.62, 347.18, 22.71, 226.74, 22.08, 182.21, 22.98, 106.77, 21.36], (132.1079, 514.7867, 1292.795)]
[39.7, [440.0, 69.0, 29.0, 58.39, 349.79, 22.53, 224.56, 22.05, 187.07, 22.98, 96.85, 21.45], (131.9799, 512.6184, 1291.699)]
[40.58, [440.0, 69.0, 29.0, 54.34, 349.93, 22.53, 224.56, 22.05, 187.99, 22.98, 98.89, 21.45], (132.2359, 514.3591, 1293.463)]
[44.13, [440.0, 69.0, 29.0, 54.34, 349.93, 22.71, 226.74, 22.05, 184.72, 22.83, 103.63, 21.69], (132.2894, 512.1459, 1293.096)]
[45.47, [440.0, 69.0, 29.0, 58.39, 345.26, 22.45, 226.74, 22.45, 179.77, 22.98, 103.63, 21.46], (128.8201, 509.5929, 1304.001)]
[46.8, [440.0, 69.0, 29.0, 54.34, 349.79, 22.53, 226.74, 22.05, 187.07, 22.98, 106.77, 21.36], (132.9376, 521.2051, 1321.554)]
[51.35, [440.0, 69.0, 29.0, 56.39, 349.79, 22.71, 226.01, 21.81, 184.27, 23.1, 100.11, 21.52], (132.4424, 511.2912, 1289.608)]
[53.47, [440.0, 69.0, 29.0, 64.22, 348.36, 22.81, 226.74, 22.08, 180.48, 23.12, 99.47, 21.36], (129.5539, 504.2224, 1287.413)]
[57.72, [440.0, 69.0, 29.0, 42.62, 347.18, 22.71, 226.74, 22.08, 184.27, 23.12, 97.67, 21.17], (130.8169, 507.9129, 1265.585)]
[59.2, [440.0, 69.0, 29.0, 56.39, 349.79, 22.35, 226.74, 22.05, 184.72, 22.83, 102.39, 21.53], (133.8234, 520.0227, 1311.45)]
[63.12, [440.0, 69.0, 29.0, 58.09, 346.23, 22.72, 226.1, 21.8, 187.07, 23.02, 103.23, 21.64], (133.5502, 519.1538, 1321.467)]
[68.02, [440.0, 69.0, 29.0, 54.34, 349.93, 22.71, 226.01, 21.81, 184.27, 22.98, 100.62, 21.59], (133.3036, 512.9878, 1289.81)]
[104.67, [440.0, 69.0, 29.0, 58.09, 349.12, 22.81, 226.74, 22.26, 184.27, 23.12, 98.89, 21.36], (128.039, 500.9284, 1271.478)]
[132.58, [440.0, 69.0, 29.0, 58.37, 347.77, 22.67, 218.51, 22.75, 190.35, 22.98, 103.63, 21.58], (125.9154, 505.8264, 1300.744)]
[1589.6, [440.0, 69.0, 29.0, 54.34, 349.93, 22.71, 226.01, 21.81, 184.27, 23.1, 103.39, 21.52], (157.8616, 588.9132, 1424.118)]
[2914.21, [440.0, 69.0, 29.0, 56.39, 349.79, 22.53, 226.74, 22.08, 184.64, 17.99, 94.27, 17.41], (170.673, 665.6353, 1561.988)]
[3095.14, [440.0, 69.0, 29.0, 57.08, 326.47, 17.61, 258.63, 18.29, 151.67, 23.01, 103.63, 21.52], (172.3113, 658.3596, 1593.433)]
[6922.79, [440, 69, 29, 28.9, 294.86, 22.19, 259.13, 18.65, 176.67, 21.31, 146.33, 16.22], (202.2573, 789.2272, 1924.303)]
[11840.6, [440.0, 69.0, 29.0, 56.39, 349.79, 22.54, 226.74, 22.05, 184.27, 22.98, 100.33, 21.94], (26.53374, 131.0543, 506.2647)]
[60967.11, [440.0, 69.0, 29.0, 56.39, 349.79, 22.71, 226.01, 21.81, 184.27, 23.1, 100.11, 21.52], (457.9611, 1232.337, 2390.402)]
[76334.98, [440.0, 69.0, 29.0, 56.39, 345.26, 22.45, 226.74, 22.45, 184.41, 22.98, 103.63, 21.46], (511.9744, 1293.035, 2453.84)]

Population size: 30
Number of couples: 14
Number of kept parents: 0
Best parent kept: True
Mutation Probability: 0.1
Mutation range (x, y): 5, 0.3
Number of Parameters: 4
Length, Width, Height: [440, 69, 29]
Target Frequencies: (130.8, 523.2, 1308.0)

Written time: 28/03/2023 00:18:20