[540.86, [440, 69, 29, 51.63, 348.34, 18.05, 229.87, 22.32, 173.69, 22.7, 96.77, 21.74], (142.4927, 569.9028, 1403.178)]
[1260.85, [440, 69, 29, 34.45, 343.66, 22.79, 292.07, 20.41, 147.91, 21.93, 80.77, 19.35], (154.9965, 540.9101, 1254.199)]
[1271.92, [440, 69, 29, 45.46, 336.03, 19.31, 288.87, 21.7, 155.1, 21.93, 94.26, 18.83], (153.9204, 584.1727, 1408.353)]
[1541.88, [440, 69, 29, 30.73, 304.18, 21.41, 232.13, 15.68, 158.52, 14.74, 99.21, 19.36], (125.9333, 971.465, 2294.007)]
[1635.96, [440, 69, 29, 28.7, 355.47, 15.77, 228.23, 21.96, 176.39, 21.41, 75.15, 22.58], (158.8091, 598.1476, 1387.879)]
[2346.5, [440, 69, 29, 40.14, 359.8, 20.03, 250.3, 22.26, 159.48, 19.79, 104.65, 18.52], (166.063, 622.8152, 1462.216)]
[3720.76, [440, 69, 29, 10.7, 363.45, 15.43, 274.43, 23.0, 208.83, 19.96, 134.73, 19.79], (178.1943, 687.7675, 1602.93)]
[5146.06, [440, 69, 29, 49.7, 354.01, 22.77, 262.62, 18.93, 211.31, 18.12, 108.72, 22.98], (192.3212, 638.0368, 1515.487)]
[5455.16, [440, 69, 29, 67.6, 362.04, 18.13, 238.72, 19.58, 183.88, 20.49, 120.14, 19.73], (192.2897, 725.7131, 1740.623)]
[5459.05, [440, 69, 29, 39.21, 341.94, 21.32, 255.44, 22.28, 209.26, 16.65, 88.76, 17.55], (193.3475, 713.4304, 1631.85)]
[6718.88, [440, 69, 29, 61.04, 332.45, 15.75, 271.21, 20.64, 188.2, 18.77, 128.77, 21.75], (201.4394, 757.2908, 1857.56)]
[7325.55, [440, 69, 29, 22.42, 308.35, 18.94, 293.08, 19.48, 156.39, 18.32, 87.87, 20.91], (208.4363, 704.2361, 1613.761)]
[8345.51, [440, 69, 29, 72.69, 341.78, 16.67, 262.08, 21.39, 169.71, 16.97, 88.41, 15.58], (47.94763, 424.6825, 604.4609)]
[8700.88, [440, 69, 29, 11.89, 308.27, 18.96, 259.19, 15.83, 186.0, 18.56, 77.07, 16.05], (44.72764, 259.0741, 858.614)]
[9394.95, [440, 69, 29, 31.16, 310.77, 22.28, 242.21, 19.61, 196.21, 16.17, 109.41, 17.59], (221.1258, 801.569, 1842.06)]
[10292.95, [440, 69, 29, 25.19, 311.78, 19.67, 224.65, 20.04, 152.6, 16.6, 132.32, 16.09], (226.2223, 852.7544, 1952.219)]
[11493.84, [440, 69, 29, 67.03, 318.43, 14.8, 270.83, 16.76, 194.38, 20.38, 75.87, 16.54], (233.9209, 864.8153, 1990.621)]
[12214.04, [440, 69, 29, 40.99, 351.1, 20.43, 258.34, 17.95, 190.99, 14.72, 123.39, 22.37], (240.6001, 767.6543, 1774.35)]
[12462.84, [440, 69, 29, 40.22, 322.41, 16.26, 290.17, 19.98, 209.68, 14.85, 75.92, 21.35], (241.8942, 789.1693, 1797.64)]
[12592.78, [440, 69, 29, 67.51, 358.88, 20.28, 229.28, 15.94, 179.63, 17.69, 118.36, 20.68], (242.1654, 798.7349, 1875.12)]
[13003.25, [440, 69, 29, 71.44, 300.49, 19.38, 286.58, 19.92, 215.02, 14.55, 117.21, 21.83], (243.3141, 835.9784, 2066.053)]
[13861.79, [440, 69, 29, 30.96, 323.24, 21.75, 243.4, 16.33, 173.81, 14.75, 92.78, 21.48], (250.7605, 782.0123, 1774.446)]
[14396.23, [440, 69, 29, 15.88, 300.52, 16.92, 289.06, 16.14, 153.23, 17.58, 125.96, 21.12], (252.7278, 846.6706, 1919.717)]
[16609.59, [440, 69, 29, 59.61, 311.13, 15.64, 255.94, 17.98, 181.35, 15.28, 126.48, 21.43], (263.9625, 916.3965, 2160.403)]
[19494.54, [440, 69, 29, 26.84, 326.58, 16.37, 251.16, 15.34, 159.29, 17.15, 121.64, 17.89], (280.6136, 928.1826, 2063.182)]
[20501.82, [440, 69, 29, 50.12, 315.19, 16.4, 247.1, 16.6, 206.24, 14.54, 144.96, 20.58], (284.7462, 978.5739, 2256.16)]
[22931.08, [440, 69, 29, 14.76, 356.1, 17.45, 292.12, 14.81, 171.15, 14.82, 135.41, 18.57], (299.126, 923.5656, 2002.73)]
[41661.24, [440, 69, 29, 60.28, 355.25, 17.83, 232.55, 22.49, 203.08, 15.5, 117.6, 21.37], (381.4691, 1163.291, 2645.155)]
[129414.05, [440, 69, 29, 57.36, 307.69, 18.98, 224.22, 19.5, 152.14, 16.85, 125.56, 19.59], (671.3939, 2004.16, 3554.075)]
[207046.41, [440, 69, 29, 26.64, 303.71, 15.38, 229.31, 18.8, 204.27, 22.68, 112.43, 14.81], (875.8237, 2074.61, 3453.377)]

Population size: 30
Number of couples: 13
Number of kept parents: 0
Best parent kept: True
Mutation Probability: 0.2
Mutation range (x, y): 15, 1
Number of Parameters: 4
Length, Width, Height: [440, 69, 29]

Written time: 27/03/2023 17:27:52