[28.19, [440.0, 69.0, 29.0, 61.04, 347.18, 22.61, 226.74, 22.08, 184.27, 22.98, 103.63, 22.06], (130.3663, 507.433, 1298.749)]
[51.53, [440.0, 69.0, 29.0, 61.04, 347.18, 22.61, 250.3, 22.26, 184.27, 22.7, 96.86, 20.79], (132.2052, 510.6682, 1285.609)]
[90.95, [440.0, 69.0, 29.0, 61.04, 347.18, 22.61, 226.74, 22.08, 184.27, 22.98, 103.63, 21.74], (134.6046, 521.7355, 1323.733)]
[91.12, [440.0, 69.0, 29.0, 61.04, 347.18, 22.71, 226.74, 22.08, 182.45, 22.7, 85.23, 21.74], (131.5668, 500.3947, 1246.408)]
[156.08, [440.0, 69.0, 29.0, 61.04, 347.18, 22.61, 226.74, 22.08, 162.26, 22.78, 76.52, 21.52], (130.2515, 487.3517, 1192.162)]
[156.32, [440.0, 69.0, 29.0, 47.32, 366.78, 18.05, 229.77, 22.43, 162.83, 23.18, 76.52, 21.06], (135.3843, 527.605, 1253.902)]
[156.32, [440.0, 69.0, 29.0, 47.32, 366.78, 18.05, 229.77, 22.43, 162.83, 23.18, 76.52, 21.06], (135.3843, 527.605, 1253.902)]
[158.5, [440.0, 69.0, 29.0, 46.11, 350.34, 22.71, 226.74, 21.85, 184.27, 22.7, 96.86, 20.79], (136.7403, 524.2112, 1294.895)]
[173.0, [440.0, 69.0, 29.0, 61.04, 347.18, 22.61, 250.3, 22.26, 178.22, 22.7, 85.23, 21.74], (128.7889, 485.3274, 1201.854)]
[178.12, [440.0, 69.0, 29.0, 34.45, 356.32, 21.0, 250.3, 22.26, 184.27, 22.7, 103.63, 23.65], (128.557, 488.1974, 1198.948)]
[200.97, [440.0, 69.0, 29.0, 46.11, 350.34, 22.61, 226.74, 22.08, 182.45, 22.18, 83.53, 21.77], (135.7304, 507.2829, 1232.178)]
[215.49, [440.0, 69.0, 29.0, 61.04, 347.18, 22.61, 226.74, 22.08, 162.83, 22.04, 76.52, 21.74], (135.5132, 501.4311, 1216.364)]
[217.98, [440.0, 69.0, 29.0, 26.24, 343.67, 21.0, 250.3, 22.08, 162.26, 22.78, 76.52, 21.52], (134.799, 501.7478, 1191.235)]
[231.69, [440.0, 69.0, 29.0, 46.11, 350.34, 22.61, 283.96, 21.59, 184.27, 22.43, 85.08, 22.79], (132.3476, 477.0744, 1141.632)]
[294.27, [440.0, 69.0, 29.0, 46.11, 350.34, 22.61, 283.96, 22.26, 182.45, 22.7, 82.96, 21.74], (127.4528, 469.3622, 1129.345)]
[301.24, [440.0, 69.0, 29.0, 28.27, 356.32, 21.0, 250.3, 21.59, 184.27, 22.43, 85.08, 23.13], (137.2753, 501.7948, 1192.63)]
[343.88, [440.0, 69.0, 29.0, 61.04, 347.18, 22.61, 229.77, 22.43, 162.83, 23.18, 76.52, 21.06], (124.4584, 475.1899, 1172.499)]
[417.39, [440.0, 69.0, 29.0, 46.11, 350.34, 22.61, 283.96, 21.59, 184.27, 22.43, 85.08, 22.72], (141.6359, 482.6668, 1287.379)]
[622.49, [440.0, 69.0, 29.0, 61.04, 347.18, 22.61, 226.74, 22.45, 184.27, 22.7, 82.96, 21.74], (145.7234, 544.0904, 1334.027)]
[753.92, [440.0, 69.0, 29.0, 47.32, 355.66, 17.84, 226.74, 22.31, 182.45, 22.18, 83.53, 21.77], (146.876, 571.8334, 1369.684)]
[803.68, [440.0, 69.0, 29.0, 47.32, 361.18, 18.05, 226.74, 22.08, 182.45, 22.18, 83.53, 21.77], (147.9744, 569.1294, 1354.998)]
[1035.21, [440.0, 69.0, 29.0, 43.08, 376.39, 17.35, 226.74, 22.31, 162.26, 23.18, 101.23, 16.46], (149.2551, 606.1049, 1468.505)]
[1055.78, [440.0, 69.0, 29.0, 46.11, 350.34, 22.61, 283.96, 21.59, 184.27, 22.43, 85.08, 22.79], (132.3476, 317.5344, 477.0744)]
[1252.4, [440.0, 69.0, 29.0, 47.32, 355.66, 17.84, 226.74, 22.31, 162.83, 22.04, 96.86, 21.06], (137.5436, 156.6777, 596.9161)]
[1384.3, [440.0, 69.0, 29.0, 47.32, 366.78, 18.05, 229.77, 22.43, 175.74, 23.55, 96.77, 21.77], (131.7149, 929.9163, 2277.197)]
[1483.93, [440, 69, 29, 34.54, 309.04, 20.28, 242.86, 22.34, 153.71, 22.37, 125.07, 17.22], (152.6087, 645.6473, 1652.111)]
[1993.84, [440.0, 69.0, 29.0, 61.04, 347.18, 22.61, 226.74, 22.08, 184.27, 22.98, 107.38, 21.74], (131.5116, 1324.393, 2494.987)]
[9147.63, [440.0, 69.0, 29.0, 46.11, 350.34, 22.71, 226.74, 22.08, 182.45, 22.7, 85.23, 21.74], (45.03893, 131.4813, 496.1779)]
[13149.24, [440.0, 69.0, 29.0, 61.04, 347.18, 22.61, 226.74, 22.08, 184.27, 22.98, 103.63, 21.74], (21.23291, 21.7205, 131.3176)]
[65269.95, [440.0, 69.0, 29.0, 24.53, 366.78, 21.0, 250.3, 22.26, 184.27, 22.7, 76.52, 21.74], (475.0374, 1142.452, 2093.94)]

Population size: 30
Number of couples: 14
Number of kept parents: 0
Best parent kept: True
Mutation Probability: 0.05
Mutation range (x, y): 15, 0.5
Number of Parameters: 4
Length, Width, Height: [440, 69, 29]

Written time: 27/03/2023 21:23:50