[8.19, [440.0, 69.0, 29.0, 58.89, 349.72, 22.44, 222.09, 22.31, 184.27, 22.98, 100.31, 21.1], (130.9188, 516.0468, 1308.627)]
[8.19, [440.0, 69.0, 29.0, 58.89, 349.72, 22.44, 222.09, 22.31, 184.27, 22.98, 100.31, 21.1], (130.9188, 516.0468, 1308.627)]
[9.31, [440.0, 69.0, 29.0, 58.89, 349.72, 22.44, 227.77, 22.31, 189.98, 22.98, 100.31, 21.1], (130.9688, 516.8788, 1310.293)]
[10.36, [440.0, 69.0, 29.0, 57.15, 349.72, 22.44, 220.38, 22.31, 182.82, 22.98, 98.89, 20.9], (131.2493, 517.2751, 1306.576)]
[11.27, [440.0, 69.0, 29.0, 60.42, 347.18, 22.44, 220.38, 22.31, 185.29, 22.98, 96.98, 21.12], (131.0112, 516.9075, 1312.009)]
[11.27, [440.0, 69.0, 29.0, 60.42, 347.18, 22.44, 220.38, 22.31, 185.29, 22.98, 96.98, 21.12], (131.0112, 516.9075, 1312.009)]
[12.31, [440.0, 69.0, 29.0, 58.89, 349.72, 22.44, 220.38, 22.25, 184.27, 22.98, 98.89, 21.1], (131.4932, 516.9875, 1308.33)]
[12.31, [440.0, 69.0, 29.0, 58.89, 349.72, 22.44, 220.38, 22.25, 184.27, 22.98, 98.89, 21.1], (131.4932, 516.9875, 1308.33)]
[14.07, [440.0, 69.0, 29.0, 58.89, 349.72, 22.44, 220.38, 22.25, 182.82, 22.98, 98.89, 21.1], (131.3935, 516.0598, 1305.646)]
[15.9, [440.0, 69.0, 29.0, 57.15, 349.72, 22.44, 220.38, 22.31, 182.82, 22.98, 98.89, 21.1], (130.8336, 514.5609, 1300.799)]
[18.76, [440.0, 69.0, 29.0, 58.89, 348.85, 22.72, 220.38, 22.31, 187.56, 22.98, 98.89, 21.1], (130.1798, 513.4976, 1303.823)]
[18.85, [440.0, 69.0, 29.0, 58.89, 349.72, 22.44, 220.38, 22.25, 182.82, 22.98, 98.89, 20.9], (131.814, 518.8083, 1312.252)]
[19.13, [440.0, 69.0, 29.0, 58.89, 348.07, 22.44, 220.38, 22.25, 184.27, 22.98, 98.89, 21.1], (131.6471, 518.5888, 1314.722)]
[19.42, [440.0, 69.0, 29.0, 67.06, 349.72, 22.44, 220.38, 22.31, 184.27, 22.98, 98.89, 21.1], (130.8521, 516.3158, 1320.414)]
[21.39, [440.0, 69.0, 29.0, 58.89, 348.07, 22.2, 227.71, 22.31, 184.14, 23.07, 105.22, 21.54], (130.174, 515.0845, 1316.321)]
[22.9, [440.0, 69.0, 29.0, 57.15, 349.72, 22.44, 218.66, 22.31, 182.82, 22.98, 96.98, 21.12], (130.7549, 513.4896, 1294.911)]
[23.07, [440.0, 69.0, 29.0, 57.15, 349.72, 22.44, 220.38, 22.31, 182.82, 22.98, 96.98, 21.05], (130.7892, 513.5882, 1294.549)]
[26.82, [440.0, 69.0, 29.0, 57.15, 349.72, 22.44, 220.38, 22.31, 182.82, 22.98, 96.98, 21.12], (130.6423, 512.6445, 1292.363)]
[26.84, [440.0, 69.0, 29.0, 41.02, 342.06, 22.52, 220.38, 22.25, 184.27, 22.98, 98.89, 21.1], (132.1831, 520.03, 1300.591)]
[35.53, [440.0, 69.0, 29.0, 60.42, 352.05, 22.44, 220.38, 22.08, 184.27, 22.98, 98.89, 21.1], (132.8836, 518.6109, 1308.869)]
[51.56, [440.0, 69.0, 29.0, 58.89, 349.72, 22.44, 230.05, 22.24, 189.21, 23.36, 109.67, 21.1], (129.0797, 517.1312, 1330.93)]
[84.82, [440.0, 69.0, 29.0, 58.89, 349.72, 22.52, 230.05, 22.24, 189.21, 23.36, 109.67, 21.1], (128.7935, 530.5149, 1357.078)]
[115.86, [440.0, 69.0, 29.0, 41.02, 338.4, 22.44, 220.38, 22.25, 182.82, 22.98, 98.89, 20.9], (134.1549, 563.7869, 1321.825)]
[505.6, [440.0, 69.0, 29.0, 58.89, 349.72, 22.44, 220.38, 22.25, 182.82, 22.98, 98.89, 20.9], (136.7621, 647.9166, 1543.3)]
[663.51, [440.0, 69.0, 29.0, 55.84, 349.72, 22.44, 227.77, 22.31, 189.98, 22.98, 100.31, 21.1], (132.3805, 687.8011, 828.9591)]
[1718.85, [440.0, 69.0, 29.0, 58.89, 349.72, 22.74, 230.05, 22.31, 184.27, 22.74, 97.39, 21.12], (131.1095, 1159.857, 2388.472)]
[56432.64, [440.0, 69.0, 29.0, 67.06, 349.72, 22.44, 220.38, 22.31, 184.27, 22.98, 98.89, 21.06], (440.302, 1324.846, 2489.336)]
[76072.13, [440.0, 69.0, 29.0, 58.89, 348.07, 22.5, 220.38, 22.31, 184.27, 22.98, 96.17, 21.1], (511.1235, 1299.319, 2433.764)]
[187282.19, [440.0, 69.0, 29.0, 57.15, 349.72, 22.44, 220.38, 22.31, 182.82, 22.98, 98.89, 21.1], (827.0683, 2015.478, 3374.318)]
[197309.66, [440, 69, 29, 66.91, 323.96, 17.79, 247.97, 14.93, 184.95, 21.81, 104.57, 17.25], (852.407, 1715.179, 3582.245)]

Population size: 30
Number of couples: 14
Number of kept parents: 0
Best parent kept: True
Mutation Probability: 0.05
Mutation range (x, y): 5, 0.3
Number of Parameters: 4
Length, Width, Height: [440, 69, 29]
Target Frequencies: (130.8, 523.2, 1308.0)

Written time: 28/03/2023 02:29:45