[15.19, [440.0, 69.0, 29.0, 61.04, 347.18, 22.71, 226.74, 22.08, 184.27, 22.98, 103.63, 21.74], (130.8269, 510.4132, 1305.798)]
[18.64, [440.0, 69.0, 29.0, 61.04, 347.18, 22.76, 226.74, 22.08, 184.27, 22.98, 103.63, 21.74], (130.6513, 509.5256, 1303.869)]
[26.54, [440.0, 69.0, 29.0, 61.04, 347.18, 22.71, 226.74, 22.08, 184.27, 22.98, 103.63, 21.36], (131.7281, 515.9162, 1318.576)]
[27.59, [440.0, 69.0, 29.0, 61.04, 347.18, 22.61, 250.3, 22.08, 198.65, 22.98, 103.63, 21.74], (130.502, 509.0596, 1296.469)]
[29.71, [440.0, 69.0, 29.0, 61.04, 347.18, 22.71, 212.32, 22.31, 184.27, 22.98, 103.63, 21.36], (130.4506, 518.0249, 1330.428)]
[76.2, [440.0, 69.0, 29.0, 61.04, 347.18, 22.76, 226.74, 22.34, 184.27, 22.98, 103.63, 21.74], (128.2286, 503.7893, 1292.935)]
[88.3, [440.0, 69.0, 29.0, 68.11, 347.18, 22.67, 226.74, 22.46, 184.27, 22.98, 103.63, 21.74], (127.3576, 503.1185, 1304.195)]
[89.42, [440.0, 69.0, 29.0, 61.04, 347.18, 22.61, 226.74, 22.08, 182.45, 22.7, 85.88, 21.77], (131.8878, 502.0981, 1251.003)]
[89.42, [440.0, 69.0, 29.0, 61.04, 347.18, 22.61, 226.74, 22.08, 182.45, 22.7, 85.88, 21.77], (131.8878, 502.0981, 1251.003)]
[91.0, [440.0, 69.0, 29.0, 61.04, 347.18, 22.61, 226.74, 22.08, 182.45, 22.7, 85.23, 21.74], (131.9141, 502.0553, 1249.883)]
[104.07, [440.0, 69.0, 29.0, 61.04, 347.18, 22.71, 226.74, 22.31, 153.13, 23.18, 101.23, 15.98], (132.3531, 535.8829, 1380.456)]
[129.3, [440.0, 69.0, 29.0, 46.11, 350.34, 22.61, 226.74, 22.08, 182.45, 22.7, 82.96, 21.52], (132.1973, 499.3748, 1218.992)]
[129.58, [440.0, 69.0, 29.0, 61.04, 347.18, 22.61, 226.74, 22.45, 184.27, 22.7, 82.96, 21.59], (128.7842, 495.5496, 1235.15)]
[145.25, [440.0, 69.0, 29.0, 61.04, 347.18, 22.76, 226.74, 22.08, 184.27, 22.98, 103.63, 21.52], (135.8535, 523.3862, 1340.077)]
[165.74, [440.0, 69.0, 29.0, 61.04, 347.18, 22.71, 226.74, 22.08, 162.26, 22.78, 76.52, 21.52], (129.8935, 485.7356, 1188.724)]
[176.21, [440.0, 69.0, 29.0, 61.04, 347.18, 22.61, 226.74, 22.08, 182.45, 23.15, 76.52, 21.52], (128.1468, 488.8742, 1209.836)]
[195.92, [440.0, 69.0, 29.0, 61.04, 347.18, 22.97, 226.74, 22.08, 162.26, 22.78, 76.52, 21.52], (128.9413, 481.4865, 1179.587)]
[208.22, [440.0, 69.0, 29.0, 61.04, 347.18, 22.71, 250.3, 22.08, 162.26, 22.78, 85.06, 21.74], (128.6821, 478.2322, 1176.033)]
[217.51, [440.0, 69.0, 29.0, 61.04, 347.18, 22.61, 222.54, 22.08, 153.13, 23.18, 101.23, 15.98], (135.5413, 545.5459, 1400.535)]
[241.2, [440.0, 69.0, 29.0, 61.04, 347.18, 22.71, 226.74, 22.08, 162.26, 23.1, 76.52, 21.52], (127.3753, 478.4585, 1175.461)]
[353.42, [440.0, 69.0, 29.0, 61.04, 356.32, 21.0, 226.74, 22.08, 162.26, 22.78, 76.52, 22.06], (132.9709, 353.6842, 1155.978)]
[1398.13, [440, 69, 29, 46.57, 303.0, 17.12, 250.22, 22.72, 199.38, 22.97, 141.78, 21.21], (148.0358, 691.7265, 1823.036)]
[4918.46, [440.0, 69.0, 29.0, 61.04, 356.32, 21.0, 226.74, 22.08, 182.45, 22.76, 85.23, 21.74], (78.88467, 135.6732, 519.2728)]
[6000.0, [440.0, 69.0, 29.0, 47.32, 366.78, 22.61, 226.74, 22.08, 182.45, 22.7, 85.23, 21.74], (69.62748, 130.9653, 486.4186)]
[11056.05, [440.0, 69.0, 29.0, 61.04, 347.18, 22.71, 226.74, 22.08, 182.45, 22.7, 85.23, 21.74], (31.77109, 131.5668, 500.3944)]
[11996.92, [440.0, 69.0, 29.0, 61.04, 347.18, 22.53, 226.74, 22.08, 162.26, 22.78, 71.16, 21.52], (234.7864, 1001.645, 2224.764)]
[12769.52, [440.0, 69.0, 29.0, 61.04, 347.18, 22.4, 226.74, 22.08, 182.45, 22.7, 76.52, 21.52], (20.8475, 78.89775, 514.4348)]
[47102.15, [440.0, 69.0, 29.0, 61.04, 347.18, 22.71, 226.74, 22.08, 182.45, 22.7, 76.52, 21.52], (405.0561, 1194.787, 2323.302)]
[79834.43, [440.0, 69.0, 29.0, 61.04, 347.18, 22.61, 226.74, 22.01, 184.27, 22.98, 103.63, 21.52], (523.6093, 1329.145, 2488.013)]
[124848.21, [440.0, 69.0, 29.0, 61.04, 347.18, 22.61, 226.74, 22.08, 184.27, 22.98, 103.63, 21.74], (662.6686, 1530.943, 2492.14)]

Population size: 30
Number of couples: 14
Number of kept parents: 0
Best parent kept: True
Mutation Probability: 0.05
Mutation range (x, y): 15, 0.5
Number of Parameters: 4
Length, Width, Height: [440, 69, 29]

Written time: 27/03/2023 21:57:36