[18.64, [440.0, 69.0, 29.0, 61.04, 347.18, 22.76, 226.74, 22.08, 184.27, 22.98, 103.63, 21.74], (130.6513, 509.5256, 1303.869)]
[25.26, [440.0, 69.0, 29.0, 61.04, 347.18, 22.61, 226.74, 22.08, 184.27, 22.98, 103.63, 21.52], (131.7079, 515.3821, 1317.057)]
[34.18, [440.0, 69.0, 29.0, 61.04, 347.18, 22.61, 226.74, 22.08, 184.27, 22.98, 103.63, 21.36], (132.0853, 517.6956, 1322.399)]
[81.49, [440.0, 69.0, 29.0, 61.04, 347.18, 22.71, 250.3, 22.08, 184.27, 22.98, 103.63, 21.74], (129.3696, 498.978, 1268.254)]
[89.42, [440.0, 69.0, 29.0, 61.04, 347.18, 22.61, 226.74, 22.08, 182.45, 22.7, 85.88, 21.77], (131.8878, 502.0981, 1251.003)]
[90.41, [440.0, 69.0, 29.0, 61.04, 347.18, 22.71, 226.74, 22.08, 182.45, 22.98, 95.78, 22.06], (129.2959, 497.8698, 1261.785)]
[91.0, [440.0, 69.0, 29.0, 61.04, 347.18, 22.61, 226.74, 22.08, 182.45, 22.7, 85.23, 21.74], (131.9141, 502.0553, 1249.882)]
[104.07, [440.0, 69.0, 29.0, 61.04, 347.18, 22.71, 226.74, 22.31, 153.13, 23.18, 101.23, 15.98], (132.3531, 535.8829, 1380.456)]
[115.02, [440.0, 69.0, 29.0, 61.04, 347.18, 22.71, 226.74, 22.08, 182.45, 22.7, 76.52, 21.52], (131.4816, 497.1513, 1224.678)]
[129.58, [440.0, 69.0, 29.0, 61.04, 347.18, 22.61, 226.74, 22.45, 184.27, 22.7, 82.96, 21.59], (128.7842, 495.5496, 1235.15)]
[129.64, [440.0, 69.0, 29.0, 61.04, 347.18, 22.61, 250.3, 22.75, 184.27, 22.7, 96.86, 20.79], (127.5329, 499.3844, 1261.761)]
[141.69, [440.0, 69.0, 29.0, 61.04, 347.18, 22.71, 226.74, 22.08, 162.26, 22.78, 85.06, 21.74], (129.9793, 488.491, 1208.815)]
[156.08, [440.0, 69.0, 29.0, 61.04, 347.18, 22.61, 226.74, 22.08, 162.26, 22.78, 76.52, 21.52], (130.2515, 487.3517, 1192.162)]
[156.08, [440.0, 69.0, 29.0, 61.04, 347.18, 22.61, 226.74, 22.08, 162.26, 22.78, 76.52, 21.52], (130.2515, 487.3517, 1192.162)]
[160.05, [440.0, 69.0, 29.0, 61.04, 356.32, 21.0, 226.74, 22.08, 182.45, 22.7, 85.23, 21.74], (136.2008, 520.5824, 1275.812)]
[160.32, [440.0, 69.0, 29.0, 28.27, 352.13, 21.0, 226.74, 22.08, 184.27, 22.98, 103.63, 21.74], (136.6393, 530.2938, 1295.484)]
[166.81, [440.0, 69.0, 29.0, 61.04, 347.18, 22.61, 226.74, 21.59, 184.27, 22.43, 85.08, 23.13], (134.6137, 499.2126, 1239.451)]
[183.04, [440.0, 69.0, 29.0, 47.32, 366.78, 22.61, 226.74, 22.08, 162.26, 22.78, 76.52, 21.52], (128.9976, 515.769, 1157.032)]
[183.68, [440.0, 69.0, 29.0, 46.11, 350.34, 22.61, 226.74, 22.08, 162.26, 22.78, 76.52, 21.52], (130.2277, 484.211, 1167.972)]
[218.1, [440.0, 69.0, 29.0, 61.04, 347.18, 22.61, 250.3, 22.08, 162.26, 22.78, 76.52, 21.52], (128.9623, 477.3921, 1161.063)]
[219.39, [440.0, 69.0, 29.0, 61.04, 347.18, 22.61, 283.96, 21.91, 182.45, 22.7, 82.96, 22.06], (129.3649, 474.8245, 1154.591)]
[280.82, [440.0, 69.0, 29.0, 46.11, 350.34, 22.11, 283.96, 22.08, 162.26, 22.78, 76.52, 21.52], (128.639, 469.1962, 1113.418)]
[459.31, [440.0, 69.0, 29.0, 47.32, 366.78, 18.05, 226.74, 22.08, 182.45, 22.7, 85.88, 21.77], (142.6857, 555.162, 1326.438)]
[715.1, [440.0, 69.0, 29.0, 61.04, 347.18, 22.71, 226.74, 22.08, 182.45, 22.7, 85.88, 21.44], (132.3018, 221.9627, 912.4873)]
[2602.41, [440.0, 69.0, 29.0, 47.32, 366.78, 22.61, 226.74, 22.08, 162.26, 22.78, 76.52, 22.06], (128.4753, 1822.82, 2575.226)]
[2679.11, [440.0, 69.0, 29.0, 47.32, 366.78, 22.61, 226.74, 22.08, 184.27, 22.98, 103.63, 22.06], (91.35426, 426.5921, 1204.324)]
[7609.8, [440.0, 69.0, 29.0, 61.04, 347.18, 22.61, 226.74, 21.91, 193.55, 22.7, 89.68, 22.06], (53.95081, 144.7942, 815.3783)]
[10416.81, [440, 69, 29, 25.31, 316.19, 16.29, 273.93, 22.86, 161.83, 14.63, 134.26, 17.37], (226.9842, 856.7789, 1960.2)]
[58083.39, [440.0, 69.0, 29.0, 28.27, 347.18, 22.61, 250.3, 22.08, 169.66, 22.78, 76.52, 21.52], (448.483, 1161.374, 2134.126)]
[69845.55, [440.0, 69.0, 29.0, 61.04, 347.18, 22.61, 226.74, 22.08, 184.27, 22.7, 85.88, 21.77], (489.9282, 1248.117, 2375.283)]

Population size: 30
Number of couples: 14
Number of kept parents: 0
Best parent kept: True
Mutation Probability: 0.05
Mutation range (x, y): 15, 0.5
Number of Parameters: 4
Length, Width, Height: [440, 69, 29]

Written time: 27/03/2023 21:48:52