[21.34, [440.0, 69.0, 29.0, 62.43, 347.18, 22.71, 226.74, 22.08, 184.27, 22.98, 103.63, 21.52], (131.3501, 513.7749, 1315.835)]
[28.01, [440.0, 69.0, 29.0, 61.04, 349.29, 22.71, 226.74, 22.08, 184.27, 22.99, 105.31, 21.36], (131.6015, 515.3345, 1320.969)]
[28.02, [440.0, 69.0, 29.0, 56.39, 347.18, 22.71, 229.64, 22.08, 185.33, 22.98, 103.63, 21.74], (130.7331, 509.0468, 1294.305)]
[28.19, [440.0, 69.0, 29.0, 61.04, 347.18, 22.71, 217.03, 22.31, 184.27, 22.98, 103.63, 21.36], (130.1473, 515.6347, 1323.352)]
[29.21, [440.0, 69.0, 29.0, 56.39, 349.79, 22.53, 226.74, 22.08, 184.27, 22.98, 103.63, 21.74], (131.2673, 510.7117, 1294.472)]
[55.36, [440.0, 69.0, 29.0, 61.04, 347.18, 22.71, 226.74, 21.81, 184.27, 22.98, 103.63, 21.74], (133.3033, 516.2764, 1316.827)]
[56.52, [440.0, 69.0, 29.0, 42.62, 346.23, 22.61, 226.1, 22.08, 184.27, 22.85, 103.63, 21.74], (132.5902, 513.4735, 1285.155)]
[66.5, [440.0, 69.0, 29.0, 63.72, 356.76, 22.71, 229.3, 22.08, 184.27, 22.98, 98.89, 21.36], (130.3675, 502.2257, 1265.319)]
[86.93, [440.0, 69.0, 29.0, 68.11, 347.18, 22.67, 226.74, 22.46, 184.27, 22.98, 103.63, 21.74], (127.3576, 503.1187, 1305.019)]
[87.26, [440.0, 69.0, 29.0, 71.5, 347.18, 22.67, 226.74, 22.46, 184.27, 22.98, 103.63, 21.74], (127.3355, 503.287, 1310.86)]
[94.44, [440.0, 69.0, 29.0, 61.04, 347.18, 22.61, 225.02, 22.08, 182.45, 22.7, 82.96, 21.36], (132.7378, 506.574, 1257.159)]
[98.59, [440.0, 69.0, 29.0, 61.04, 346.87, 22.44, 250.3, 21.61, 198.65, 22.98, 103.63, 21.74], (134.9333, 522.4514, 1321.813)]
[104.2, [440.0, 69.0, 29.0, 61.04, 347.18, 22.61, 250.3, 21.61, 198.65, 22.98, 107.6, 21.74], (134.8518, 523.2655, 1330.573)]
[110.85, [440.0, 69.0, 29.0, 61.04, 345.76, 22.71, 226.74, 22.08, 182.45, 22.7, 76.52, 21.51], (131.6183, 498.4015, 1229.354)]
[113.06, [440.0, 69.0, 29.0, 56.39, 351.37, 22.71, 226.74, 22.08, 182.45, 22.7, 82.96, 21.36], (131.9764, 500.2267, 1230.669)]
[136.17, [440.0, 69.0, 29.0, 61.04, 347.18, 22.71, 226.74, 21.62, 184.27, 22.98, 108.12, 21.74], (135.4426, 524.6044, 1342.733)]
[138.25, [440.0, 69.0, 29.0, 51.05, 366.78, 22.61, 226.74, 22.08, 182.45, 22.47, 103.63, 21.36], (134.4333, 509.6362, 1252.572)]
[160.41, [440.0, 69.0, 29.0, 46.11, 355.02, 22.61, 226.74, 22.36, 186.84, 22.7, 78.82, 21.36], (129.5775, 491.2794, 1193.025)]
[175.71, [440.0, 69.0, 29.0, 42.16, 350.34, 22.61, 212.32, 22.31, 184.27, 22.81, 69.56, 21.52], (129.3773, 489.8404, 1182.62)]
[195.63, [440.0, 69.0, 29.0, 61.04, 347.18, 22.76, 226.74, 22.08, 182.45, 23.15, 76.52, 21.52], (127.6608, 486.4271, 1204.765)]
[198.05, [440.0, 69.0, 29.0, 61.04, 347.18, 22.71, 250.3, 22.08, 162.26, 22.78, 82.96, 21.52], (129.0335, 479.8208, 1176.805)]
[201.81, [440.0, 69.0, 29.0, 46.11, 350.34, 22.81, 212.32, 22.31, 184.27, 22.81, 69.56, 21.55], (128.4422, 486.5422, 1179.057)]
[277.39, [440.0, 69.0, 29.0, 61.93, 347.18, 22.38, 250.3, 21.35, 198.65, 22.98, 106.8, 21.74], (139.3023, 535.6963, 1324.98)]
[5537.86, [440, 69, 29, 44.86, 361.54, 17.12, 253.7, 22.12, 198.58, 17.84, 138.12, 21.9], (193.4395, 713.4838, 1697.97)]
[5823.25, [440.0, 69.0, 29.0, 61.04, 347.27, 22.71, 226.74, 22.08, 186.12, 22.76, 82.96, 21.17], (70.93552, 132.4502, 507.3391)]
[7900.54, [440.0, 69.0, 29.0, 61.04, 347.18, 22.71, 226.74, 22.08, 184.27, 22.98, 85.23, 21.74], (46.22074, 439.4773, 1269.687)]
[9312.93, [440.0, 69.0, 29.0, 59.06, 347.18, 22.61, 226.74, 22.45, 180.0, 22.7, 103.63, 21.74], (214.6567, 1101.521, 2363.571)]
[76754.97, [440.0, 69.0, 29.0, 61.04, 347.18, 22.91, 217.03, 22.17, 184.27, 22.98, 103.63, 21.52], (513.2305, 1317.167, 2481.544)]
[78684.62, [440.0, 69.0, 29.0, 61.04, 347.18, 22.71, 212.32, 22.31, 184.27, 22.98, 104.5, 21.36], (521.2251, 887.4729, 2483.563)]
[80867.31, [440.0, 69.0, 29.0, 61.04, 342.6, 22.76, 226.74, 22.08, 188.56, 22.98, 103.63, 21.36], (526.8216, 1349.701, 2539.355)]

Population size: 30
Number of couples: 14
Number of kept parents: 0
Best parent kept: True
Mutation Probability: 0.2
Mutation range (x, y): 5, 0.3
Number of Parameters: 4
Length, Width, Height: [440, 69, 29]

Written time: 27/03/2023 22:18:23