[8.41, [440.0, 69.0, 29.0, 58.89, 349.72, 22.44, 220.38, 22.31, 184.27, 22.98, 99.32, 21.1], (130.9505, 516.0141, 1307.356)]
[9.64, [440.0, 69.0, 29.0, 58.89, 349.72, 22.44, 218.73, 22.31, 182.37, 22.98, 99.32, 21.1], (130.9271, 515.6297, 1306.387)]
[10.89, [440.0, 69.0, 29.0, 58.89, 349.72, 22.56, 222.09, 22.31, 181.05, 22.98, 100.31, 21.1], (130.3175, 517.499, 1306.166)]
[12.16, [440.0, 69.0, 29.0, 63.71, 351.25, 22.44, 222.09, 22.31, 184.1, 22.98, 100.46, 21.07], (130.8054, 515.4742, 1312.433)]
[12.82, [440.0, 69.0, 29.0, 58.89, 346.58, 22.44, 227.77, 22.31, 192.12, 22.98, 98.89, 21.27], (130.8833, 517.4262, 1314.808)]
[12.82, [440.0, 69.0, 29.0, 58.89, 350.44, 22.44, 222.09, 22.31, 184.27, 22.98, 100.31, 21.16], (130.7247, 514.5475, 1304.04)]
[14.16, [440.0, 69.0, 29.0, 66.52, 351.25, 22.44, 222.09, 22.31, 184.1, 22.98, 97.3, 21.07], (130.5395, 512.942, 1305.425)]
[16.13, [440.0, 69.0, 29.0, 62.8, 349.72, 22.74, 216.4, 22.31, 184.27, 22.98, 98.89, 21.0], (130.1851, 513.8966, 1310.006)]
[17.31, [440.0, 69.0, 29.0, 60.64, 349.72, 22.44, 220.38, 22.31, 183.54, 22.98, 98.89, 21.25], (130.5222, 513.188, 1302.171)]
[18.21, [440.0, 69.0, 29.0, 58.89, 349.72, 22.44, 216.19, 22.31, 190.89, 23.04, 98.89, 21.1], (131.1991, 520.6607, 1321.153)]
[20.13, [440.0, 69.0, 29.0, 58.89, 349.72, 22.6, 220.38, 22.24, 182.18, 22.98, 100.31, 21.24], (130.6625, 512.2818, 1299.298)]
[25.16, [440.0, 69.0, 29.0, 58.89, 349.72, 22.67, 225.46, 22.31, 184.27, 22.98, 103.24, 21.19], (129.9061, 511.6145, 1302.873)]
[26.48, [440.0, 69.0, 29.0, 58.89, 349.72, 22.44, 227.77, 22.31, 192.12, 22.8, 97.82, 21.1], (132.3824, 519.9307, 1311.309)]
[28.73, [440.0, 69.0, 29.0, 61.91, 349.72, 22.44, 220.38, 22.11, 184.27, 22.98, 98.89, 21.32], (132.312, 517.2696, 1312.211)]
[29.89, [440.0, 69.0, 29.0, 58.89, 353.73, 22.44, 220.38, 22.31, 184.27, 22.98, 98.89, 21.1], (130.5511, 511.8688, 1290.681)]
[31.87, [440.0, 69.0, 29.0, 54.56, 353.13, 22.44, 227.77, 22.31, 188.46, 22.98, 100.31, 21.1], (130.6147, 512.3627, 1287.761)]
[34.95, [440.0, 69.0, 29.0, 54.27, 349.72, 22.44, 220.38, 22.31, 185.36, 22.98, 101.79, 21.1], (132.7953, 519.7748, 1311.338)]
[35.43, [440.0, 69.0, 29.0, 58.75, 346.37, 22.44, 224.26, 22.31, 184.27, 23.09, 98.89, 21.36], (129.5033, 510.7884, 1299.746)]
[36.51, [440.0, 69.0, 29.0, 58.89, 348.32, 22.44, 219.17, 22.25, 184.27, 22.87, 98.89, 21.1], (132.5634, 521.2989, 1319.194)]
[40.24, [440.0, 69.0, 29.0, 58.89, 349.72, 22.44, 227.77, 22.31, 188.46, 22.69, 95.7, 21.1], (132.8235, 518.2733, 1301.475)]
[42.36, [440.0, 69.0, 29.0, 54.89, 349.72, 22.67, 220.38, 22.19, 184.27, 23.16, 98.89, 21.1], (129.8459, 509.8146, 1288.343)]
[52.17, [440.0, 69.0, 29.0, 58.89, 349.72, 22.44, 220.54, 22.03, 184.27, 22.98, 97.94, 21.1], (133.4996, 520.9031, 1313.515)]
[58.39, [440.0, 69.0, 29.0, 58.89, 349.72, 22.44, 225.68, 22.31, 191.22, 22.98, 98.72, 21.1], (131.0601, 517.2661, 1256.866)]
[532.39, [440.0, 69.0, 29.0, 52.09, 350.2, 22.44, 224.93, 22.31, 184.27, 22.98, 98.89, 21.1], (130.5593, 178.1104, 1121.88)]
[1178.45, [440.0, 69.0, 29.0, 58.89, 349.72, 22.32, 220.38, 22.31, 182.82, 23.01, 98.89, 21.1], (131.4741, 141.9762, 516.3118)]
[1828.38, [440.0, 69.0, 29.0, 58.89, 349.72, 22.44, 220.38, 22.31, 184.27, 22.99, 98.89, 21.1], (130.9375, 1223.872, 2435.194)]
[4073.7, [440.0, 69.0, 29.0, 58.89, 351.28, 22.44, 222.09, 22.31, 184.27, 22.98, 99.59, 21.31], (87.15067, 130.2644, 511.0433)]
[11234.36, [440.0, 69.0, 29.0, 58.89, 346.12, 22.44, 227.77, 22.31, 188.46, 22.98, 102.19, 21.1], (33.54181, 57.0574, 131.3393)]
[13048.91, [440.0, 69.0, 29.0, 58.89, 349.72, 22.44, 222.49, 22.31, 184.27, 22.98, 98.89, 21.1], (21.71446, 44.84551, 130.7802)]
[18556.78, [440, 69, 29, 67.61, 297.43, 15.8, 292.8, 16.44, 215.55, 14.96, 120.39, 20.91], (277.5645, 595.2015, 2012.785)]

Population size: 30
Number of couples: 14
Number of kept parents: 0
Best parent kept: True
Mutation Probability: 0.2
Mutation range (x, y): 5, 0.3
Number of Parameters: 4
Length, Width, Height: [440, 69, 29]
Target Frequencies: (130.8, 523.2, 1308.0)

Written time: 28/03/2023 09:15:29