[12.31, [440.0, 69.0, 29.0, 64.25, 347.38, 22.45, 226.74, 22.21, 184.27, 22.98, 98.89, 21.36], (131.0012, 513.5421, 1309.746)]
[12.76, [440.0, 69.0, 29.0, 67.06, 347.18, 22.59, 226.1, 22.11, 184.13, 23.02, 97.39, 21.36], (131.0412, 511.7573, 1308.131)]
[13.4, [440.0, 69.0, 29.0, 41.02, 342.06, 22.52, 230.05, 22.08, 184.64, 23.16, 108.62, 21.5], (131.5415, 518.2423, 1310.053)]
[14.53, [440.0, 69.0, 29.0, 61.04, 342.02, 22.45, 230.87, 22.21, 179.42, 22.98, 97.59, 21.36], (130.8086, 512.1186, 1304.555)]
[14.56, [440.0, 69.0, 29.0, 42.62, 342.06, 22.52, 230.05, 22.08, 184.64, 23.16, 108.62, 21.52], (131.4529, 518.2319, 1312.321)]
[15.12, [440.0, 69.0, 29.0, 61.04, 347.38, 22.45, 226.74, 22.21, 184.27, 22.98, 98.89, 21.36], (131.0162, 513.2201, 1303.862)]
[15.66, [440.0, 69.0, 29.0, 41.02, 342.06, 22.52, 230.05, 22.08, 186.42, 23.16, 108.62, 21.52], (131.5997, 519.0661, 1312.377)]
[19.4, [440.0, 69.0, 29.0, 42.62, 342.06, 22.52, 233.59, 22.08, 184.64, 23.07, 108.62, 21.52], (131.945, 518.3968, 1310.342)]
[20.53, [440.0, 69.0, 29.0, 64.25, 338.6, 22.52, 230.05, 22.08, 184.64, 23.07, 94.27, 21.45], (131.1979, 514.734, 1317.556)]
[20.78, [440.0, 69.0, 29.0, 62.43, 347.18, 22.59, 226.1, 22.11, 180.71, 23.05, 103.63, 21.36], (131.1197, 514.0778, 1317.852)]
[25.17, [440.0, 69.0, 29.0, 61.54, 347.18, 22.45, 226.74, 22.21, 184.0, 22.98, 103.38, 21.36], (131.3885, 517.357, 1322.814)]
[27.72, [440.0, 69.0, 29.0, 58.89, 349.72, 22.44, 220.38, 22.31, 184.13, 22.77, 97.39, 21.36], (131.8748, 515.2792, 1299.343)]
[31.69, [440.0, 69.0, 29.0, 60.96, 346.07, 22.71, 227.22, 22.08, 187.64, 23.01, 103.23, 21.36], (131.7404, 517.7845, 1325.155)]
[33.65, [440.0, 69.0, 29.0, 41.02, 342.06, 22.52, 230.05, 22.08, 188.51, 23.07, 108.62, 21.52], (132.478, 522.2677, 1318.978)]
[35.63, [440.0, 69.0, 29.0, 42.62, 342.06, 22.45, 227.82, 22.21, 184.0, 22.98, 98.89, 21.36], (131.6579, 514.9208, 1288.593)]
[36.81, [440.0, 69.0, 29.0, 63.41, 341.73, 22.71, 214.95, 22.34, 184.13, 23.02, 97.39, 21.36], (129.6843, 515.1162, 1324.943)]
[40.53, [440.0, 69.0, 29.0, 63.41, 341.73, 22.71, 214.95, 22.34, 183.3, 22.85, 102.5, 21.52], (131.002, 520.7859, 1345.209)]
[43.81, [440.0, 69.0, 29.0, 62.43, 345.6, 22.65, 226.74, 22.07, 184.27, 23.07, 108.62, 21.52], (131.4997, 519.3132, 1342.07)]
[50.19, [440.0, 69.0, 29.0, 42.62, 342.06, 22.52, 230.05, 22.08, 188.51, 23.07, 108.62, 21.36], (132.8467, 524.9111, 1327.199)]
[67.32, [440.0, 69.0, 29.0, 62.43, 347.18, 22.59, 226.1, 22.11, 183.3, 22.85, 106.31, 21.36], (133.1165, 522.614, 1339.478)]
[129.54, [440.0, 69.0, 29.0, 62.43, 347.18, 22.39, 226.74, 22.0, 184.27, 22.86, 108.62, 21.52], (134.6435, 528.6599, 1356.724)]
[221.93, [440.0, 69.0, 29.0, 62.43, 345.6, 22.65, 226.74, 22.21, 184.27, 22.98, 98.89, 21.36], (130.8034, 627.3372, 1190.211)]
[988.32, [440.0, 69.0, 29.0, 42.62, 342.02, 22.7, 230.87, 22.21, 179.42, 22.98, 97.59, 21.36], (130.2403, 511.0015, 2279.935)]
[1291.04, [440.0, 69.0, 29.0, 41.02, 353.97, 22.54, 220.38, 22.48, 182.31, 22.95, 110.45, 21.44], (129.1215, 748.264, 2352.226)]
[1640.04, [440.0, 69.0, 29.0, 42.62, 342.06, 22.52, 230.05, 22.08, 188.51, 23.07, 108.62, 21.52], (133.1818, 1322.295, 2112.182)]
[10643.08, [440, 69, 29, 15.44, 346.25, 20.19, 249.8, 20.14, 198.03, 17.91, 101.03, 17.94], (32.37466, 212.9737, 739.8812)]
[72236.22, [440.0, 69.0, 29.0, 58.89, 342.06, 22.52, 230.05, 22.08, 184.64, 23.16, 108.62, 21.52], (497.3614, 1351.436, 2534.892)]
[74422.34, [440.0, 69.0, 29.0, 62.42, 345.02, 22.45, 231.87, 22.08, 184.27, 23.04, 99.0, 21.36], (505.262, 1311.092, 2480.232)]
[74817.71, [440.0, 69.0, 29.0, 42.62, 342.06, 22.79, 230.05, 22.08, 188.51, 23.04, 99.0, 21.36], (507.3254, 1273.771, 2313.166)]
[85236.34, [440.0, 69.0, 29.0, 60.97, 347.18, 22.52, 228.74, 22.08, 188.51, 23.07, 108.62, 21.52], (540.1039, 1367.574, 2892.624)]

Population size: 30
Number of couples: 14
Number of kept parents: 0
Best parent kept: True
Mutation Probability: 0.1
Mutation range (x, y): 5, 0.3
Number of Parameters: 4
Length, Width, Height: [440, 69, 29]
Target Frequencies: (130.8, 523.2, 1308.0)

Written time: 28/03/2023 00:04:36