[18.27, [440.0, 69.0, 29.0, 62.43, 343.48, 22.81, 226.74, 22.08, 184.27, 22.98, 98.89, 21.36], (131.3068, 513.5587, 1313.024)]
[21.46, [440.0, 69.0, 29.0, 54.34, 349.93, 22.71, 226.01, 21.81, 181.25, 23.25, 109.36, 21.74], (131.3359, 511.0037, 1302.662)]
[29.88, [440.0, 69.0, 29.0, 56.39, 349.79, 22.54, 226.74, 22.05, 184.27, 22.98, 103.63, 21.69], (131.6327, 511.9186, 1296.996)]
[34.03, [440.0, 69.0, 29.0, 58.39, 345.26, 22.45, 226.74, 22.45, 184.41, 22.98, 103.63, 21.46], (129.1374, 512.5626, 1309.951)]
[37.38, [440.0, 69.0, 29.0, 56.39, 349.79, 22.53, 224.56, 22.05, 187.07, 22.98, 98.89, 21.45], (132.1635, 514.1089, 1295.633)]
[40.75, [440.0, 69.0, 29.0, 56.39, 349.79, 22.53, 226.74, 22.08, 184.64, 22.83, 103.63, 21.52], (133.0374, 517.4006, 1309.484)]
[42.5, [440.0, 69.0, 29.0, 56.39, 349.79, 22.54, 226.74, 22.05, 184.72, 22.83, 103.63, 21.69], (132.8759, 515.4454, 1303.169)]
[49.5, [440.0, 69.0, 29.0, 56.39, 349.79, 22.53, 226.74, 22.05, 187.07, 22.98, 106.77, 21.36], (132.9081, 521.4007, 1325.094)]
[52.16, [440.0, 69.0, 29.0, 62.43, 347.18, 22.59, 226.74, 22.06, 182.21, 22.98, 106.77, 21.36], (132.4746, 520.2553, 1335.545)]
[53.93, [440.0, 69.0, 29.0, 58.09, 348.36, 22.81, 226.74, 22.08, 184.27, 23.12, 98.89, 21.36], (129.7878, 505.5949, 1281.862)]
[55.84, [440.0, 69.0, 29.0, 54.34, 349.93, 22.71, 226.01, 21.81, 184.27, 23.1, 100.11, 21.52], (132.4573, 510.971, 1285.726)]
[57.51, [440.0, 69.0, 29.0, 42.62, 347.18, 22.71, 226.74, 22.08, 184.27, 23.12, 97.67, 21.17], (130.8169, 507.9142, 1265.801)]
[66.54, [440.0, 69.0, 29.0, 54.34, 349.93, 22.71, 226.01, 21.81, 184.27, 22.98, 100.62, 21.74], (132.9252, 510.8118, 1284.828)]
[69.04, [440.0, 69.0, 29.0, 58.37, 351.39, 22.67, 221.62, 22.45, 189.14, 22.98, 103.63, 21.53], (128.288, 507.4116, 1294.56)]
[69.54, [440.0, 69.0, 29.0, 62.43, 347.18, 22.71, 220.02, 22.31, 183.08, 23.1, 100.11, 21.52], (128.3008, 505.4534, 1295.714)]
[73.77, [440.0, 69.0, 29.0, 64.22, 346.23, 22.72, 226.1, 21.8, 187.07, 23.02, 103.23, 21.64], (133.5219, 519.909, 1333.571)]
[96.19, [440.0, 69.0, 29.0, 58.09, 343.87, 22.87, 220.02, 22.31, 183.08, 23.25, 109.36, 21.74], (127.1308, 507.2239, 1317.927)]
[100.95, [440.0, 69.0, 29.0, 58.37, 351.39, 22.67, 221.62, 22.45, 183.41, 22.98, 101.13, 21.45], (127.8701, 502.8066, 1277.594)]
[110.48, [440.0, 69.0, 29.0, 58.37, 351.39, 22.67, 221.62, 22.45, 184.41, 22.98, 103.63, 21.74], (127.5025, 501.4905, 1279.111)]
[154.54, [440.0, 69.0, 29.0, 58.37, 351.39, 22.67, 221.62, 22.45, 183.51, 23.25, 109.36, 21.74], (125.7825, 500.0887, 1288.964)]
[555.23, [440, 69, 29, 70.05, 322.35, 21.6, 221.56, 18.72, 171.87, 16.3, 73.99, 20.26], (133.7506, 651.3453, 1684.405)]
[847.04, [440.0, 69.0, 29.0, 68.11, 349.79, 22.54, 226.74, 22.04, 184.27, 22.98, 103.63, 21.92], (130.9678, 155.0571, 829.7918)]
[1110.19, [440.0, 69.0, 29.0, 68.11, 346.23, 22.59, 224.18, 21.93, 184.27, 23.21, 102.57, 21.57], (111.2329, 282.2501, 1304.307)]
[1173.13, [440.0, 69.0, 29.0, 56.39, 349.79, 22.54, 226.74, 22.05, 184.27, 22.98, 103.63, 21.69], (132.3304, 1222.074, 1763.321)]
[1693.83, [440.0, 69.0, 29.0, 64.25, 342.02, 22.45, 226.74, 22.21, 184.27, 23.12, 98.89, 21.15], (130.92, 1245.673, 2278.941)]
[1891.85, [440.0, 69.0, 29.0, 54.34, 349.93, 22.71, 221.16, 21.66, 184.27, 23.25, 109.36, 21.74], (113.5757, 133.5096, 520.691)]
[11662.21, [440.0, 69.0, 29.0, 57.08, 326.47, 17.83, 258.63, 18.29, 151.67, 17.99, 90.71, 17.14], (236.0264, 820.6846, 1878.607)]
[14040.12, [440.0, 69.0, 29.0, 41.52, 352.02, 22.67, 225.57, 22.08, 184.27, 22.99, 105.31, 21.36], (245.2609, 1264.583, 2360.981)]
[77086.4, [440.0, 69.0, 29.0, 41.52, 347.18, 22.89, 226.74, 22.08, 186.69, 22.02, 82.96, 21.36], (515.1819, 1247.635, 2309.359)]
[89523.26, [440.0, 69.0, 29.0, 56.39, 347.18, 22.67, 226.88, 22.08, 186.54, 22.99, 107.12, 21.36], (554.8366, 1374.193, 2662.018)]

Population size: 30
Number of couples: 14
Number of kept parents: 0
Best parent kept: True
Mutation Probability: 0.1
Mutation range (x, y): 5, 0.3
Number of Parameters: 4
Length, Width, Height: [440, 69, 29]
Target Frequencies: (130.8, 523.2, 1308.0)

Written time: 27/03/2023 23:15:09