[54.54, [440.0, 69.0, 29.0, 61.04, 347.18, 22.61, 250.3, 22.26, 184.27, 22.7, 96.86, 20.79], (132.2052, 510.6644, 1282.6)]
[98.04, [440.0, 69.0, 29.0, 61.04, 347.18, 22.61, 226.74, 22.08, 182.45, 22.7, 82.96, 21.74], (131.7519, 500.3427, 1242.101)]
[150.37, [440.0, 69.0, 29.0, 47.32, 366.78, 21.0, 250.3, 22.26, 184.27, 22.7, 96.86, 21.06], (134.9179, 515.7981, 1248.386)]
[164.27, [440.0, 69.0, 29.0, 47.32, 366.78, 21.0, 250.3, 22.26, 184.27, 22.7, 82.96, 21.74], (132.0398, 495.777, 1184.92)]
[164.35, [440.0, 69.0, 29.0, 34.45, 356.32, 21.0, 250.3, 22.26, 184.27, 22.7, 103.63, 21.74], (133.2389, 517.5506, 1187.263)]
[210.8, [440.0, 69.0, 29.0, 57.69, 347.4, 22.61, 283.96, 21.59, 184.27, 22.43, 85.08, 22.79], (132.3345, 479.3056, 1160.04)]
[233.43, [440.0, 69.0, 29.0, 46.11, 350.34, 18.28, 229.77, 22.43, 175.74, 22.62, 111.1, 23.65], (136.7777, 547.6759, 1371.459)]
[255.3, [440.0, 69.0, 29.0, 47.32, 366.78, 18.05, 229.77, 22.43, 175.74, 22.62, 96.77, 23.7], (134.3717, 517.921, 1125.295)]
[267.22, [440.0, 69.0, 29.0, 34.45, 348.66, 18.05, 250.3, 22.26, 162.26, 22.78, 76.52, 21.52], (138.5758, 533.485, 1267.428)]
[397.89, [440.0, 69.0, 29.0, 26.24, 343.67, 18.05, 229.77, 22.43, 175.74, 23.45, 96.77, 21.77], (135.1406, 552.1113, 1587.132)]
[414.87, [440.0, 69.0, 29.0, 44.2, 366.38, 19.7, 229.87, 22.55, 173.69, 23.86, 76.52, 21.74], (122.8025, 482.499, 1160.728)]
[600.33, [440.0, 69.0, 29.0, 17.21, 355.66, 18.05, 250.3, 22.26, 184.27, 22.7, 96.86, 20.79], (144.6924, 566.6368, 1348.002)]
[682.24, [440.0, 69.0, 29.0, 34.45, 343.67, 18.05, 226.29, 22.43, 175.74, 22.62, 103.63, 21.74], (144.4883, 581.7536, 1426.15)]
[717.59, [440.0, 69.0, 29.0, 43.08, 376.39, 17.35, 226.74, 22.31, 196.92, 23.24, 97.13, 19.47], (144.9761, 593.348, 1422.616)]
[731.15, [440.0, 69.0, 29.0, 46.11, 350.34, 18.28, 256.26, 22.26, 162.26, 23.18, 88.87, 16.46], (145.0146, 589.3131, 1438.036)]
[748.37, [440.0, 69.0, 29.0, 17.21, 355.66, 17.89, 226.74, 21.45, 162.83, 23.18, 76.52, 21.06], (147.8802, 561.4543, 1303.048)]
[766.05, [440.0, 69.0, 29.0, 24.53, 355.66, 18.05, 226.74, 22.31, 162.83, 22.04, 76.52, 21.74], (148.1287, 556.2604, 1295.63)]
[844.73, [440.0, 69.0, 29.0, 34.45, 343.67, 18.05, 229.77, 22.2, 175.74, 22.18, 82.96, 21.74], (148.3044, 574.6342, 1369.936)]
[979.51, [440.0, 69.0, 29.0, 34.45, 343.67, 18.05, 229.77, 22.43, 175.74, 22.18, 83.53, 21.77], (110.778, 560.3728, 1353.746)]
[1278.48, [440.0, 69.0, 29.0, 17.21, 355.66, 18.05, 226.74, 22.08, 182.45, 22.7, 83.53, 23.65], (125.5703, 137.8697, 535.0774)]
[1431.4, [440.0, 69.0, 29.0, 47.02, 355.21, 18.05, 250.3, 22.26, 167.74, 23.18, 96.12, 22.68], (122.2231, 131.5352, 520.2011)]
[1825.73, [440.0, 69.0, 29.0, 72.61, 355.53, 15.36, 259.24, 21.81, 166.44, 21.19, 76.52, 21.67], (160.5293, 602.0067, 1435.191)]
[9012.24, [440, 69, 29, 61.44, 348.78, 16.74, 283.47, 20.58, 188.85, 17.13, 108.87, 19.92], (217.9455, 765.5263, 1944.729)]
[9751.21, [440.0, 69.0, 29.0, 24.53, 355.66, 18.05, 226.74, 22.31, 189.18, 22.7, 83.39, 21.74], (216.1926, 1321.839, 2371.582)]
[10318.5, [440.0, 69.0, 29.0, 26.24, 343.67, 18.05, 229.77, 22.43, 175.74, 23.45, 96.77, 23.65], (29.01743, 555.5546, 1323.784)]
[11061.56, [440.0, 69.0, 29.0, 17.21, 355.66, 18.05, 226.74, 22.08, 182.45, 22.7, 103.63, 21.74], (26.42136, 147.6758, 1328.189)]
[11630.17, [440.0, 69.0, 29.0, 34.45, 350.34, 18.94, 259.44, 22.26, 166.82, 23.18, 76.52, 21.52], (21.3942, 458.8574, 1187.937)]
[70374.05, [440.0, 69.0, 29.0, 49.2, 366.38, 19.56, 250.3, 22.26, 189.18, 22.7, 73.42, 21.74], (492.3066, 1217.122, 2257.588)]
[82780.85, [440.0, 69.0, 29.0, 48.98, 366.38, 18.52, 242.62, 22.08, 182.45, 22.7, 82.96, 21.74], (534.0586, 1277.802, 2358.774)]
[88537.57, [440.0, 69.0, 29.0, 41.18, 348.66, 18.05, 229.77, 22.43, 175.74, 22.62, 111.1, 23.65], (551.9244, 1388.361, 2564.324)]

Population size: 30
Number of couples: 14
Number of kept parents: 0
Best parent kept: True
Mutation Probability: 0.05
Mutation range (x, y): 15, 0.5
Number of Parameters: 4
Length, Width, Height: [440, 69, 29]

Written time: 27/03/2023 20:46:10