[11.7, [440.0, 69.0, 29.0, 62.43, 347.18, 22.45, 226.74, 22.21, 184.27, 22.98, 98.89, 21.36], (131.0269, 513.5365, 1307.04)]
[11.7, [440.0, 69.0, 29.0, 62.43, 347.18, 22.45, 226.74, 22.21, 184.27, 22.98, 98.89, 21.36], (131.0269, 513.5365, 1307.04)]
[17.87, [440.0, 69.0, 29.0, 58.37, 349.93, 22.71, 226.01, 21.81, 184.27, 23.25, 106.77, 21.74], (131.202, 510.889, 1304.994)]
[25.17, [440.0, 69.0, 29.0, 65.15, 347.18, 22.71, 226.74, 22.08, 184.27, 22.97, 103.63, 21.57], (131.2963, 513.5394, 1320.017)]
[26.11, [440.0, 69.0, 29.0, 56.39, 349.79, 22.53, 226.74, 22.05, 187.07, 23.02, 103.23, 21.36], (132.2772, 517.3461, 1310.304)]
[32.01, [440.0, 69.0, 29.0, 60.39, 346.28, 22.71, 226.01, 21.81, 184.27, 23.27, 103.23, 21.36], (131.9715, 516.2426, 1320.371)]
[33.2, [440.0, 69.0, 29.0, 64.25, 342.02, 22.45, 226.74, 22.21, 184.27, 22.98, 98.89, 21.36], (131.4871, 518.7305, 1331.031)]
[35.1, [440.0, 69.0, 29.0, 62.43, 347.18, 22.71, 220.38, 22.31, 183.3, 22.95, 107.12, 21.36], (130.3779, 517.3724, 1334.531)]
[36.89, [440.0, 69.0, 29.0, 62.43, 347.18, 22.71, 226.74, 22.08, 184.27, 23.12, 97.67, 21.36], (130.1006, 507.6841, 1292.478)]
[38.0, [440.0, 69.0, 29.0, 52.52, 349.79, 22.53, 226.74, 22.05, 184.27, 22.98, 103.63, 21.69], (131.7062, 511.5466, 1290.276)]
[40.8, [440.0, 69.0, 29.0, 42.62, 346.23, 22.72, 226.1, 22.08, 184.64, 23.07, 103.63, 21.52], (130.9896, 510.2595, 1280.971)]
[48.48, [440.0, 69.0, 29.0, 68.11, 347.18, 22.67, 225.04, 22.08, 184.27, 22.99, 105.31, 21.36], (131.9974, 519.4062, 1339.584)]
[58.08, [440.0, 69.0, 29.0, 68.11, 347.18, 22.42, 226.74, 22.32, 184.27, 23.11, 103.63, 21.74], (128.4724, 507.822, 1315.188)]
[69.29, [440.0, 69.0, 29.0, 60.9, 349.72, 22.65, 229.94, 22.24, 180.58, 22.98, 98.89, 21.36], (129.4064, 503.1968, 1275.16)]
[70.08, [440.0, 69.0, 29.0, 41.52, 346.23, 22.59, 226.1, 22.11, 184.64, 23.02, 93.89, 21.36], (131.2025, 506.9715, 1256.704)]
[76.69, [440.0, 69.0, 29.0, 58.09, 347.18, 22.71, 220.02, 22.31, 183.08, 23.1, 100.11, 21.52], (128.3406, 505.0804, 1287.997)]
[85.53, [440.0, 69.0, 29.0, 64.25, 342.7, 22.98, 219.03, 22.31, 183.3, 23.19, 103.63, 21.36], (127.6867, 509.1616, 1324.557)]
[110.48, [440.0, 69.0, 29.0, 58.37, 351.39, 22.67, 221.62, 22.45, 184.41, 22.98, 103.63, 21.74], (127.5025, 501.4905, 1279.111)]
[129.18, [440.0, 69.0, 29.0, 61.04, 347.18, 22.71, 221.75, 22.31, 182.45, 22.7, 72.16, 21.27], (129.8713, 494.9162, 1216.049)]
[166.79, [440.0, 69.0, 29.0, 56.39, 349.79, 22.53, 226.74, 22.05, 187.07, 22.98, 106.77, 21.74], (135.757, 524.9084, 1253.284)]
[169.08, [440.0, 69.0, 29.0, 61.04, 347.18, 22.6, 226.74, 22.08, 186.69, 22.25, 82.96, 21.36], (136.4894, 518.0181, 1279.812)]
[176.5, [440.0, 69.0, 29.0, 56.39, 349.79, 22.54, 225.04, 21.79, 181.66, 22.48, 98.89, 21.74], (137.5019, 522.8138, 1305.387)]
[752.12, [440.0, 69.0, 29.0, 61.04, 364.02, 22.56, 226.95, 21.78, 182.02, 23.14, 108.31, 21.52], (132.2449, 217.9857, 878.4673)]
[1697.52, [440.0, 69.0, 29.0, 60.45, 347.18, 22.7, 229.64, 22.08, 184.27, 23.12, 82.96, 21.19], (129.3205, 1182.361, 2328.361)]
[2004.72, [440, 69, 29, 40.52, 310.26, 21.55, 273.5, 21.93, 164.87, 20.89, 124.92, 19.62], (160.5027, 629.5073, 1587.607)]
[2897.18, [440.0, 69.0, 29.0, 63.72, 356.76, 22.96, 228.17, 22.0, 190.9, 22.98, 108.45, 21.69], (171.7688, 631.3173, 1474.773)]
[36240.03, [440.0, 69.0, 29.0, 60.45, 347.18, 22.7, 229.64, 22.08, 184.27, 23.21, 98.89, 21.97], (358.5507, 1280.919, 2419.518)]
[68964.18, [440.0, 69.0, 29.0, 61.04, 347.48, 22.61, 222.28, 22.08, 179.72, 23.21, 103.63, 21.36], (486.2348, 1315.622, 2469.713)]
[75419.82, [440.0, 69.0, 29.0, 68.11, 347.18, 22.71, 226.01, 21.81, 184.27, 23.53, 107.12, 21.74], (508.4756, 1324.385, 2529.618)]
[78451.36, [440.0, 69.0, 29.0, 64.25, 342.7, 22.71, 217.78, 22.31, 183.3, 23.0, 103.63, 21.36], (518.7079, 1344.48, 2538.156)]

Population size: 30
Number of couples: 14
Number of kept parents: 0
Best parent kept: True
Mutation Probability: 0.2
Mutation range (x, y): 5, 0.3
Number of Parameters: 4
Length, Width, Height: [440, 69, 29]

Written time: 27/03/2023 22:43:43