[9.87, [440.0, 69.0, 29.0, 58.89, 351.07, 22.44, 227.77, 22.31, 187.11, 22.98, 100.31, 20.92], (131.0392, 516.3386, 1306.163)]
[10.04, [440.0, 69.0, 29.0, 58.89, 349.72, 22.44, 222.09, 22.31, 179.69, 22.98, 100.31, 20.92], (130.9659, 515.568, 1306.267)]
[11.27, [440.0, 69.0, 29.0, 54.27, 349.72, 22.44, 220.57, 22.31, 182.37, 22.98, 101.79, 21.1], (131.0543, 516.341, 1304.87)]
[14.69, [440.0, 69.0, 29.0, 58.89, 349.72, 22.44, 225.68, 22.31, 191.22, 22.98, 98.72, 21.1], (131.0601, 517.2698, 1315.435)]
[17.26, [440.0, 69.0, 29.0, 58.89, 349.02, 22.5, 218.12, 22.31, 184.1, 22.98, 98.89, 21.3], (130.4648, 513.4515, 1302.434)]
[18.81, [440.0, 69.0, 29.0, 58.89, 349.72, 22.41, 222.09, 22.31, 181.05, 22.98, 104.21, 21.1], (131.1113, 519.3378, 1321.212)]
[19.51, [440.0, 69.0, 29.0, 61.91, 348.26, 22.44, 220.38, 22.31, 183.54, 22.98, 100.31, 21.1], (131.0869, 518.1141, 1320.888)]
[19.73, [440.0, 69.0, 29.0, 60.64, 349.59, 22.44, 220.38, 22.41, 183.54, 22.98, 101.79, 21.1], (130.1176, 515.7205, 1314.612)]
[20.55, [440.0, 69.0, 29.0, 52.57, 349.72, 22.44, 220.38, 22.31, 185.36, 23.09, 100.31, 21.07], (130.3744, 514.7706, 1298.652)]
[20.56, [440.0, 69.0, 29.0, 58.89, 349.72, 22.44, 218.73, 22.31, 185.36, 22.98, 101.79, 21.1], (131.3363, 519.7208, 1321.156)]
[21.42, [440.0, 69.0, 29.0, 55.22, 351.18, 22.44, 225.46, 22.26, 184.27, 22.98, 101.14, 21.1], (131.1652, 514.5623, 1297.426)]
[25.9, [440.0, 69.0, 29.0, 58.89, 350.43, 22.44, 224.67, 22.29, 184.27, 22.98, 100.31, 21.31], (130.4174, 511.6194, 1296.051)]
[39.49, [440.0, 69.0, 29.0, 54.35, 351.07, 22.56, 227.77, 22.31, 187.11, 22.98, 97.3, 20.93], (130.4157, 511.1118, 1282.979)]
[51.46, [440.0, 69.0, 29.0, 58.89, 355.41, 22.44, 227.77, 22.31, 187.11, 22.98, 97.3, 21.07], (130.1022, 507.7892, 1277.78)]
[53.84, [440.0, 69.0, 29.0, 54.27, 349.72, 22.44, 219.31, 22.1, 185.36, 22.98, 97.49, 20.82], (133.622, 523.6361, 1313.999)]
[58.2, [440.0, 69.0, 29.0, 54.39, 353.58, 22.44, 220.75, 22.4, 179.69, 22.98, 100.22, 21.06], (129.5933, 508.249, 1278.01)]
[65.52, [440.0, 69.0, 29.0, 58.89, 345.47, 22.48, 227.77, 22.24, 194.47, 22.78, 98.89, 21.27], (133.3027, 525.1305, 1331.998)]
[104.61, [440.0, 69.0, 29.0, 61.91, 348.26, 22.25, 220.38, 22.11, 184.27, 22.88, 97.27, 20.97], (134.5897, 527.7797, 1334.251)]
[406.62, [440.0, 69.0, 29.0, 66.52, 351.76, 22.44, 225.68, 22.31, 191.22, 22.98, 98.72, 21.07], (139.2735, 570.3143, 1420.853)]
[1288.47, [440.0, 69.0, 29.0, 54.39, 353.58, 22.44, 222.09, 22.31, 178.43, 23.01, 102.11, 21.07], (130.0969, 138.836, 409.7911)]
[1807.18, [440.0, 69.0, 29.0, 58.89, 346.33, 22.67, 220.38, 22.53, 184.27, 22.98, 99.32, 21.1], (128.3214, 1160.727, 2438.629)]
[2022.34, [440.0, 69.0, 29.0, 68.68, 350.33, 22.44, 223.38, 22.31, 180.54, 22.98, 102.11, 21.07], (130.8949, 1341.415, 2511.837)]
[2054.61, [440.0, 69.0, 29.0, 58.89, 353.55, 22.57, 222.09, 22.31, 181.05, 22.98, 100.31, 21.1], (163.22, 605.5148, 1434.344)]
[2250.62, [440.0, 69.0, 29.0, 60.94, 344.3, 22.44, 220.38, 22.11, 184.27, 22.98, 101.14, 21.1], (140.2532, 1246.077, 2545.093)]
[5455.82, [440, 69, 29, 32.88, 362.88, 15.92, 229.35, 21.17, 189.49, 18.75, 108.82, 22.47], (193.5771, 697.1601, 1615.902)]
[10989.86, [440.0, 69.0, 29.0, 68.68, 351.0, 22.44, 219.42, 22.31, 179.69, 22.98, 100.31, 20.92], (32.37863, 52.10606, 553.3795)]
[59275.04, [440.0, 69.0, 29.0, 54.39, 353.58, 22.22, 218.73, 22.02, 182.37, 22.98, 101.79, 21.1], (452.0331, 1207.834, 2323.868)]
[77431.46, [440.0, 69.0, 29.0, 60.64, 349.72, 22.44, 220.38, 22.11, 184.27, 23.07, 97.27, 21.07], (515.6593, 1308.441, 2453.168)]
[77931.9, [440.0, 69.0, 29.0, 58.89, 349.72, 22.67, 225.46, 22.26, 186.81, 23.07, 97.27, 21.07], (517.2315, 1354.977, 2443.956)]
[119011.4, [440.0, 69.0, 29.0, 63.72, 351.25, 22.39, 220.76, 22.31, 184.1, 22.98, 94.9, 21.1], (644.9986, 1523.522, 2719.676)]

Population size: 30
Number of couples: 14
Number of kept parents: 0
Best parent kept: True
Mutation Probability: 0.2
Mutation range (x, y): 5, 0.3
Number of Parameters: 4
Length, Width, Height: [440, 69, 29]
Target Frequencies: (130.8, 523.2, 1308.0)

Written time: 28/03/2023 09:36:09