[8.19, [440.0, 69.0, 29.0, 58.89, 349.72, 22.44, 222.09, 22.31, 184.27, 22.98, 100.31, 21.1], (130.9188, 516.0468, 1308.627)]
[11.09, [440.0, 69.0, 29.0, 58.89, 349.72, 22.44, 220.38, 22.31, 187.56, 22.98, 98.89, 21.1], (131.1494, 517.724, 1311.545)]
[11.27, [440.0, 69.0, 29.0, 60.42, 347.18, 22.44, 220.38, 22.31, 185.29, 22.98, 96.98, 21.12], (131.0112, 516.9075, 1312.009)]
[11.87, [440.0, 69.0, 29.0, 58.89, 349.72, 22.44, 217.78, 22.31, 184.27, 22.98, 100.31, 21.1], (131.2, 518.1404, 1312.284)]
[12.31, [440.0, 69.0, 29.0, 58.89, 349.72, 22.44, 220.38, 22.25, 184.27, 22.98, 98.89, 21.1], (131.4932, 516.9875, 1308.33)]
[15.07, [440.0, 69.0, 29.0, 58.89, 348.07, 22.44, 227.77, 22.31, 189.98, 22.98, 100.31, 21.1], (131.1163, 518.4231, 1316.51)]
[15.9, [440.0, 69.0, 29.0, 55.84, 349.72, 22.44, 220.38, 22.31, 184.27, 22.98, 98.89, 21.1], (130.9547, 515.3509, 1300.562)]
[16.1, [440.0, 69.0, 29.0, 58.89, 348.19, 22.44, 220.38, 22.31, 184.27, 22.98, 100.31, 21.1], (131.1714, 518.3524, 1316.985)]
[16.55, [440.0, 69.0, 29.0, 57.15, 349.72, 22.44, 220.38, 22.31, 182.82, 22.98, 98.89, 21.1], (130.8336, 514.5459, 1300.169)]
[18.85, [440.0, 69.0, 29.0, 58.89, 349.72, 22.44, 220.38, 22.25, 182.82, 22.98, 98.89, 20.9], (131.814, 518.8083, 1312.252)]
[19.42, [440.0, 69.0, 29.0, 67.06, 349.72, 22.44, 220.38, 22.31, 184.27, 22.98, 98.89, 21.1], (130.8521, 516.3158, 1320.414)]
[24.06, [440.0, 69.0, 29.0, 58.89, 349.72, 22.44, 220.38, 22.25, 182.82, 22.98, 95.38, 21.08], (131.1614, 513.3018, 1296.011)]
[26.68, [440.0, 69.0, 29.0, 41.02, 342.06, 22.52, 230.05, 22.24, 189.21, 23.36, 109.67, 21.1], (129.7805, 520.1834, 1321.37)]
[26.82, [440.0, 69.0, 29.0, 57.15, 349.72, 22.44, 220.38, 22.31, 182.82, 22.98, 96.98, 21.12], (130.6423, 512.6445, 1292.363)]
[27.99, [440.0, 69.0, 29.0, 55.84, 349.72, 22.44, 220.38, 22.31, 184.27, 22.98, 96.17, 21.1], (130.7406, 513.0042, 1290.352)]
[35.53, [440.0, 69.0, 29.0, 60.42, 352.05, 22.44, 220.38, 22.08, 184.27, 22.98, 98.89, 21.1], (132.8836, 518.6109, 1308.869)]
[39.46, [440.0, 69.0, 29.0, 58.89, 349.72, 22.74, 230.05, 22.31, 184.27, 22.74, 97.39, 21.12], (130.9946, 509.4728, 1283.13)]
[53.44, [440.0, 69.0, 29.0, 41.02, 342.06, 22.52, 230.05, 22.08, 184.64, 22.98, 98.89, 21.1], (133.173, 519.2714, 1295.045)]
[66.48, [440.0, 69.0, 29.0, 58.89, 341.18, 22.52, 230.05, 22.24, 184.64, 23.36, 109.67, 21.08], (129.2805, 521.0406, 1353.588)]
[78.36, [440.0, 69.0, 29.0, 41.44, 349.72, 22.74, 230.05, 22.31, 180.12, 22.74, 97.39, 21.12], (130.9776, 504.8632, 1248.722)]
[80.32, [440.0, 69.0, 29.0, 58.89, 349.72, 22.44, 220.38, 22.55, 184.27, 23.07, 105.22, 21.52], (127.5042, 508.0226, 1302.688)]
[3502.56, [440, 69, 29, 68.04, 361.51, 21.67, 220.05, 20.5, 203.32, 19.72, 85.66, 20.16], (177.483, 636.9984, 1507.151)]
[3624.4, [440.0, 69.0, 29.0, 67.06, 349.72, 22.44, 220.38, 22.31, 182.82, 22.98, 98.89, 21.1], (130.8059, 2304.349, 3151.251)]
[4224.05, [440.0, 69.0, 29.0, 58.89, 348.07, 22.44, 227.71, 22.31, 184.14, 23.07, 105.22, 21.52], (183.9847, 650.6807, 1525.92)]
[8888.92, [440.0, 69.0, 29.0, 58.89, 348.07, 22.44, 227.77, 22.31, 188.64, 23.07, 105.22, 21.52], (46.78062, 129.7021, 513.9658)]
[11464.49, [440.0, 69.0, 29.0, 58.89, 349.72, 22.44, 220.38, 22.31, 184.27, 22.98, 98.89, 21.1], (30.88132, 132.9866, 221.5255)]
[76446.51, [440.0, 69.0, 29.0, 58.89, 349.72, 22.44, 220.38, 22.31, 184.27, 22.98, 98.89, 21.1], (512.3353, 1303.806, 2448.882)]
[78411.42, [440.0, 69.0, 29.0, 60.42, 347.18, 22.44, 220.38, 22.31, 185.29, 22.98, 98.89, 21.1], (518.8644, 1317.723, 2478.732)]
[78633.03, [440.0, 69.0, 29.0, 58.89, 349.72, 22.69, 220.38, 22.31, 184.27, 22.71, 98.89, 21.1], (519.7068, 1309.914, 2459.098)]
[89203.91, [440.0, 69.0, 29.0, 58.89, 349.72, 22.44, 220.38, 22.31, 185.29, 22.98, 96.98, 21.12], (554.2074, 1368.897, 2542.238)]

Population size: 30
Number of couples: 14
Number of kept parents: 0
Best parent kept: True
Mutation Probability: 0.05
Mutation range (x, y): 5, 0.3
Number of Parameters: 4
Length, Width, Height: [440, 69, 29]
Target Frequencies: (130.8, 523.2, 1308.0)

Written time: 28/03/2023 02:15:21