[8.75, [440.0, 69.0, 29.0, 58.89, 349.72, 22.44, 225.68, 22.31, 191.22, 22.98, 98.72, 21.1], (131.0601, 517.2722, 1309.496)]
[10.67, [440.0, 69.0, 29.0, 54.27, 349.72, 22.44, 220.38, 22.31, 185.36, 22.98, 101.79, 21.1], (131.2821, 518.3733, 1310.498)]
[14.76, [440.0, 69.0, 29.0, 58.89, 349.72, 22.44, 227.77, 22.47, 192.14, 22.8, 97.82, 21.19], (130.6696, 515.1279, 1301.778)]
[15.0, [440.0, 69.0, 29.0, 58.89, 349.72, 22.44, 218.73, 22.31, 182.37, 22.98, 101.79, 21.1], (131.1227, 517.7778, 1315.749)]
[15.69, [440.0, 69.0, 29.0, 60.64, 349.72, 22.44, 220.38, 22.31, 183.54, 22.98, 100.31, 21.1], (130.9566, 516.5835, 1316.457)]
[21.11, [440.0, 69.0, 29.0, 68.68, 351.25, 22.44, 223.38, 22.31, 180.54, 22.98, 102.11, 21.07], (130.5509, 514.1546, 1318.823)]
[26.27, [440.0, 69.0, 29.0, 58.89, 349.72, 22.57, 222.09, 22.31, 181.05, 22.98, 100.31, 21.1], (130.2108, 511.6814, 1297.775)]
[28.49, [440.0, 69.0, 29.0, 61.91, 348.26, 22.44, 220.38, 22.11, 184.27, 23.07, 97.27, 21.07], (132.1541, 518.7461, 1316.276)]
[29.83, [440.0, 69.0, 29.0, 58.89, 350.43, 22.44, 220.38, 22.43, 184.27, 22.98, 99.32, 21.1], (129.7285, 512.6898, 1299.775)]
[31.26, [440.0, 69.0, 29.0, 58.89, 351.07, 22.44, 227.77, 22.31, 187.11, 22.98, 97.3, 21.07], (130.4703, 511.6608, 1290.171)]
[31.53, [440.0, 69.0, 29.0, 66.52, 350.75, 22.44, 222.09, 22.31, 192.12, 23.14, 98.89, 21.27], (129.5225, 513.5159, 1315.403)]
[33.66, [440.0, 69.0, 29.0, 58.89, 345.47, 22.62, 227.77, 22.31, 194.47, 22.78, 98.89, 21.27], (132.1548, 521.1327, 1323.826)]
[35.55, [440.0, 69.0, 29.0, 54.39, 353.58, 22.44, 222.09, 22.31, 179.69, 22.98, 100.31, 20.92], (130.6731, 511.5423, 1284.564)]
[39.04, [440.0, 69.0, 29.0, 54.27, 349.72, 22.44, 220.38, 22.1, 185.36, 22.98, 99.32, 21.1], (133.0844, 520.8369, 1310.152)]
[46.21, [440.0, 69.0, 29.0, 58.89, 353.73, 22.58, 221.48, 22.31, 184.27, 22.98, 98.89, 21.1], (129.9648, 508.8737, 1283.751)]
[47.53, [440.0, 69.0, 29.0, 58.22, 351.31, 22.67, 222.62, 22.19, 184.27, 23.2, 98.89, 20.94], (129.5492, 508.9591, 1288.703)]
[54.04, [440.0, 69.0, 29.0, 58.75, 346.37, 22.44, 224.26, 22.31, 184.27, 23.09, 98.89, 21.56], (129.0349, 507.8682, 1292.741)]
[58.83, [440.0, 69.0, 29.0, 58.89, 349.72, 22.44, 216.19, 22.31, 190.89, 22.8, 98.89, 21.1], (133.0688, 525.8584, 1330.0)]
[1026.18, [440.0, 69.0, 29.0, 58.89, 349.02, 22.5, 225.68, 22.31, 191.22, 22.98, 98.72, 21.07], (130.9844, 519.7923, 2329.985)]
[1707.69, [440.0, 69.0, 29.0, 57.82, 349.72, 22.45, 222.09, 22.18, 181.05, 22.98, 98.89, 21.25], (131.8256, 1156.925, 2371.582)]
[1998.78, [440.0, 69.0, 29.0, 58.89, 349.72, 22.81, 222.09, 22.31, 181.05, 22.98, 97.29, 21.26], (129.7064, 1327.829, 2490.716)]
[2506.64, [440.0, 69.0, 29.0, 58.89, 349.72, 22.67, 225.46, 22.26, 184.27, 22.98, 101.14, 21.1], (146.9157, 1289.4, 2401.485)]
[2815.51, [440.0, 69.0, 29.0, 58.89, 349.72, 22.45, 218.73, 22.31, 181.8, 22.98, 100.29, 21.1], (92.19299, 142.5986, 1344.078)]
[4243.62, [440, 69, 29, 64.07, 337.29, 21.46, 255.42, 21.56, 158.23, 18.64, 129.67, 16.97], (181.6425, 706.4757, 1743.079)]
[12047.41, [440.0, 69.0, 29.0, 66.52, 351.76, 22.44, 218.12, 22.31, 184.1, 22.98, 98.89, 21.3], (231.9595, 1248.85, 2455.335)]
[54015.26, [440.0, 69.0, 29.0, 66.52, 351.25, 22.39, 222.09, 22.31, 184.1, 22.98, 94.9, 21.1], (431.3196, 1292.794, 2457.09)]
[58086.85, [440.0, 69.0, 29.0, 62.8, 349.72, 22.74, 216.4, 22.18, 182.08, 22.98, 98.89, 21.0], (449.1752, 1152.857, 1957.282)]
[76960.94, [440.0, 69.0, 29.0, 62.8, 349.72, 22.74, 216.4, 22.31, 184.9, 22.98, 95.46, 21.1], (514.0959, 1300.95, 2449.73)]
[78688.27, [440.0, 69.0, 29.0, 58.89, 349.72, 22.44, 227.77, 22.31, 192.12, 22.8, 97.82, 21.1], (519.914, 1309.609, 2453.34)]
[344425.51, [440.0, 69.0, 29.0, 58.89, 349.72, 22.44, 218.73, 22.31, 182.37, 22.98, 98.49, 21.0], (1184.055, 1866.696, 2567.794)]

Population size: 30
Number of couples: 14
Number of kept parents: 0
Best parent kept: True
Mutation Probability: 0.2
Mutation range (x, y): 5, 0.3
Number of Parameters: 4
Length, Width, Height: [440, 69, 29]
Target Frequencies: (130.8, 523.2, 1308.0)

Written time: 28/03/2023 09:26:54