[8.41, [440.0, 69.0, 29.0, 58.89, 349.72, 22.44, 220.38, 22.31, 184.27, 22.98, 99.32, 21.1], (130.9505, 516.0141, 1307.356)]
[9.22, [440.0, 69.0, 29.0, 58.89, 349.72, 22.44, 220.21, 22.31, 184.27, 22.98, 98.89, 21.1], (130.9281, 515.7362, 1306.698)]
[10.61, [440.0, 69.0, 29.0, 58.89, 349.72, 22.44, 220.66, 22.31, 184.27, 22.98, 98.89, 21.1], (130.8989, 515.5156, 1305.382)]
[11.57, [440.0, 69.0, 29.0, 58.89, 348.07, 22.44, 220.38, 22.31, 184.27, 22.98, 98.89, 21.1], (131.0714, 517.2603, 1312.221)]
[16.37, [440.0, 69.0, 29.0, 58.89, 349.72, 22.44, 220.38, 22.31, 184.27, 22.98, 97.39, 21.1], (130.8006, 514.3995, 1300.432)]
[17.94, [440.0, 69.0, 29.0, 58.89, 349.72, 22.44, 220.38, 22.31, 184.27, 22.98, 97.05, 21.1], (130.7736, 514.0973, 1299.208)]
[21.49, [440.0, 69.0, 29.0, 55.81, 351.1, 22.44, 220.38, 22.31, 184.27, 22.98, 98.89, 21.1], (130.8312, 514.0831, 1295.68)]
[23.29, [440.0, 69.0, 29.0, 58.89, 349.72, 22.44, 220.38, 22.36, 185.29, 22.98, 96.98, 21.12], (130.3172, 513.3012, 1297.965)]
[25.67, [440.0, 69.0, 29.0, 55.84, 351.1, 22.44, 220.38, 22.31, 184.27, 23.07, 108.62, 21.1], (130.9147, 520.7635, 1330.844)]
[25.79, [440.0, 69.0, 29.0, 67.06, 347.18, 22.74, 227.77, 22.31, 188.64, 22.98, 98.89, 20.86], (130.3815, 515.9779, 1323.857)]
[26.74, [440.0, 69.0, 29.0, 67.06, 349.72, 22.52, 230.05, 22.31, 184.27, 22.98, 98.89, 21.1], (129.9565, 510.0414, 1302.166)]
[27.51, [440.0, 69.0, 29.0, 67.06, 347.18, 22.74, 227.77, 22.31, 188.64, 22.98, 98.89, 21.1], (129.8627, 512.5823, 1315.818)]
[29.32, [440.0, 69.0, 29.0, 60.42, 347.18, 22.52, 230.05, 22.31, 184.27, 22.7, 97.03, 21.1], (132.3399, 516.6136, 1304.379)]
[36.43, [440.0, 69.0, 29.0, 58.89, 351.62, 22.44, 227.77, 22.31, 188.64, 23.07, 105.22, 21.52], (129.3951, 509.7491, 1301.677)]
[43.42, [440.0, 69.0, 29.0, 58.89, 349.72, 22.44, 220.38, 22.31, 184.01, 23.07, 110.72, 21.1], (131.1675, 524.2408, 1348.155)]
[50.94, [440.0, 69.0, 29.0, 67.06, 349.72, 22.44, 220.38, 22.31, 184.27, 22.7, 97.39, 21.1], (132.9735, 521.3171, 1325.016)]
[51.23, [440.0, 69.0, 29.0, 67.06, 349.72, 22.52, 230.8, 22.31, 184.27, 23.07, 108.62, 21.52], (129.0103, 510.4683, 1322.556)]
[69.32, [440.0, 69.0, 29.0, 58.89, 349.72, 22.44, 220.38, 22.59, 184.27, 22.98, 98.89, 21.1], (128.2072, 509.425, 1294.203)]
[70.03, [440.0, 69.0, 29.0, 67.06, 342.06, 22.52, 230.05, 22.08, 184.64, 23.39, 109.67, 21.08], (130.3888, 524.0799, 1374.515)]
[241.3, [440.0, 69.0, 29.0, 67.06, 349.72, 22.44, 220.38, 22.31, 184.27, 22.91, 108.62, 21.1], (137.74, 526.9245, 1362.749)]
[499.14, [440.0, 69.0, 29.0, 58.89, 349.72, 22.44, 220.38, 22.31, 184.27, 22.98, 98.89, 21.1], (130.8388, 146.5949, 1185.537)]
[1132.04, [440.0, 69.0, 29.0, 58.89, 349.72, 22.44, 220.38, 22.31, 184.27, 22.98, 97.39, 21.1], (131.422, 531.5167, 2426.818)]
[5974.75, [440.0, 69.0, 29.0, 67.06, 349.72, 22.74, 230.05, 22.31, 184.27, 22.7, 97.39, 21.12], (60.32552, 474.2183, 1298.503)]
[7180.06, [440.0, 69.0, 29.0, 58.89, 349.72, 22.44, 220.38, 22.31, 184.27, 22.98, 98.89, 21.26], (59.71885, 130.5698, 513.3926)]
[7596.64, [440.0, 69.0, 29.0, 58.89, 349.72, 22.44, 220.38, 22.31, 184.27, 23.07, 108.62, 21.52], (50.85642, 149.5098, 1232.902)]
[8579.84, [440, 69, 29, 33.45, 366.52, 21.34, 251.47, 18.69, 176.32, 21.76, 104.78, 17.33], (42.46024, 587.2699, 1520.783)]
[22940.56, [440.0, 69.0, 29.0, 41.02, 349.72, 22.79, 227.77, 22.31, 185.29, 22.98, 97.39, 21.1], (296.5237, 1190.996, 2246.536)]
[34077.53, [440.0, 69.0, 29.0, 58.89, 349.72, 22.44, 220.38, 22.31, 184.27, 22.98, 97.39, 21.12], (349.904, 1021.994, 2454.604)]
[73377.97, [440.0, 69.0, 29.0, 55.84, 349.72, 22.44, 220.38, 22.31, 184.27, 23.09, 98.89, 21.1], (506.812, 949.8064, 1269.228)]
[75230.69, [440.0, 69.0, 29.0, 58.89, 349.72, 22.44, 225.06, 22.31, 184.27, 22.7, 97.39, 21.1], (514.3177, 640.2014, 1315.083)]

Population size: 30
Number of couples: 14
Number of kept parents: 0
Best parent kept: True
Mutation Probability: 0.05
Mutation range (x, y): 5, 0.3
Number of Parameters: 4
Length, Width, Height: [440, 69, 29]
Target Frequencies: (130.8, 523.2, 1308.0)

Written time: 28/03/2023 02:20:53