[11.7, [440.0, 69.0, 29.0, 62.43, 347.18, 22.45, 226.74, 22.21, 184.27, 22.98, 98.89, 21.36], (131.0269, 513.5365, 1307.04)]
[13.63, [440.0, 69.0, 29.0, 62.43, 347.18, 22.45, 226.74, 22.21, 183.3, 22.98, 98.89, 21.36], (130.9654, 512.9394, 1305.3)]
[14.36, [440.0, 69.0, 29.0, 61.04, 347.18, 22.45, 226.74, 22.21, 184.27, 22.98, 98.89, 21.36], (131.0336, 513.3994, 1304.572)]
[17.16, [440.0, 69.0, 29.0, 62.43, 347.18, 22.45, 226.74, 22.21, 181.65, 22.98, 98.89, 21.36], (130.8615, 511.9186, 1302.269)]
[21.86, [440.0, 69.0, 29.0, 58.89, 349.72, 22.54, 220.38, 22.31, 183.3, 22.95, 107.12, 21.36], (130.82, 517.5957, 1324.225)]
[26.97, [440.0, 69.0, 29.0, 68.11, 347.18, 22.59, 226.1, 22.11, 184.13, 23.02, 93.89, 21.36], (130.7476, 508.6696, 1295.676)]
[27.17, [440.0, 69.0, 29.0, 42.62, 342.06, 22.52, 230.05, 22.08, 184.64, 23.07, 108.62, 21.52], (132.1998, 520.1648, 1315.569)]
[28.24, [440.0, 69.0, 29.0, 59.77, 346.28, 22.71, 227.33, 21.81, 184.27, 23.27, 103.23, 21.36], (131.8798, 515.5721, 1317.396)]
[30.0, [440.0, 69.0, 29.0, 60.39, 347.23, 22.71, 225.21, 21.81, 184.27, 23.27, 103.23, 21.36], (131.9519, 515.7909, 1318.225)]
[32.14, [440.0, 69.0, 29.0, 62.42, 345.02, 22.45, 229.33, 22.08, 184.27, 22.98, 98.89, 21.36], (132.2498, 517.0903, 1316.57)]
[32.81, [440.0, 69.0, 29.0, 64.25, 342.02, 22.45, 226.74, 22.21, 184.27, 22.98, 98.89, 21.36], (131.4871, 519.1213, 1331.033)]
[33.41, [440.0, 69.0, 29.0, 66.41, 342.02, 22.6, 226.74, 22.21, 184.27, 23.08, 98.89, 21.47], (129.8588, 512.2756, 1321.35)]
[39.85, [440.0, 69.0, 29.0, 70.68, 346.54, 22.67, 226.74, 22.08, 184.27, 22.97, 103.63, 21.57], (131.4573, 515.1242, 1334.445)]
[42.72, [440.0, 69.0, 29.0, 62.43, 347.18, 22.71, 222.6, 22.08, 182.57, 23.12, 97.67, 21.52], (129.9062, 506.414, 1290.519)]
[43.27, [440.0, 69.0, 29.0, 62.43, 347.18, 22.45, 226.74, 22.0, 184.27, 22.98, 94.27, 21.36], (132.6042, 514.1485, 1298.018)]
[44.7, [440.0, 69.0, 29.0, 63.41, 341.73, 22.71, 217.78, 22.31, 183.3, 23.0, 103.63, 21.36], (130.391, 519.9948, 1346.879)]
[52.63, [440.0, 69.0, 29.0, 41.52, 346.23, 22.42, 222.18, 22.32, 184.27, 23.11, 105.81, 21.74], (129.4348, 509.7908, 1284.73)]
[59.56, [440.0, 69.0, 29.0, 65.15, 346.07, 22.71, 227.22, 22.08, 184.27, 22.99, 105.31, 21.1], (132.4305, 522.2751, 1345.819)]
[61.25, [440.0, 69.0, 29.0, 58.09, 347.18, 22.71, 220.02, 22.31, 183.08, 23.1, 100.11, 21.36], (128.6908, 507.3243, 1293.26)]
[63.73, [440.0, 69.0, 29.0, 58.09, 342.64, 22.85, 220.02, 22.31, 180.87, 23.1, 99.44, 21.36], (128.3726, 507.0791, 1298.215)]
[71.29, [440.0, 69.0, 29.0, 60.9, 349.72, 22.65, 229.94, 22.24, 180.11, 22.98, 98.89, 21.36], (129.3765, 502.9096, 1273.98)]
[72.43, [440.0, 69.0, 29.0, 62.43, 347.18, 22.71, 229.94, 22.24, 180.58, 22.98, 98.89, 21.51], (129.0656, 502.3738, 1279.24)]
[105.19, [440.0, 69.0, 29.0, 58.37, 349.93, 22.93, 226.01, 21.97, 184.27, 23.25, 94.03, 21.36], (128.8655, 497.9838, 1254.933)]
[150.25, [440.0, 69.0, 29.0, 62.43, 347.18, 22.6, 226.74, 22.08, 183.57, 22.36, 79.99, 21.36], (135.22, 511.8125, 1262.065)]
[1753.17, [440.0, 69.0, 29.0, 62.43, 347.18, 22.46, 220.38, 22.31, 183.3, 22.95, 107.12, 21.52], (130.9827, 1088.705, 2494.888)]
[8048.04, [440.0, 69.0, 29.0, 62.43, 350.19, 22.71, 222.45, 22.08, 184.27, 23.12, 106.77, 21.74], (202.7823, 1291.921, 2480.174)]
[8770.69, [440.0, 69.0, 29.0, 52.52, 349.79, 22.53, 223.13, 22.05, 184.27, 22.98, 103.63, 21.69], (39.33438, 512.9284, 1295.136)]
[9551.45, [440, 69, 29, 27.89, 345.86, 15.4, 291.57, 16.55, 212.33, 21.95, 122.81, 15.97], (221.4313, 845.7172, 1908.79)]
[76061.87, [440.0, 69.0, 29.0, 56.39, 349.79, 22.53, 226.74, 22.05, 181.81, 22.98, 103.46, 21.69], (511.088, 1294.258, 2438.949)]
[93809.15, [440.0, 69.0, 29.0, 54.73, 349.79, 22.53, 226.74, 22.05, 183.62, 22.98, 106.77, 21.74], (568.4912, 1424.263, 2646.404)]

Population size: 30
Number of couples: 14
Number of kept parents: 0
Best parent kept: True
Mutation Probability: 0.2
Mutation range (x, y): 5, 0.3
Number of Parameters: 4
Length, Width, Height: [440, 69, 29]
Target Frequencies: (130.8, 523.2, 1308.0)

Written time: 27/03/2023 22:55:25