[91.09, [440.0, 69.0, 29.0, 34.98, 362.58, 18.05, 243.64, 22.43, 175.74, 22.7, 96.77, 23.65], (132.4083, 514.2373, 1246.201)]
[117.39, [440.0, 69.0, 29.0, 48.98, 359.8, 19.55, 250.3, 22.54, 183.06, 22.9, 76.52, 21.74], (130.7085, 503.9627, 1210.367)]
[168.51, [440.0, 69.0, 29.0, 48.98, 366.38, 19.56, 250.3, 22.26, 173.69, 23.18, 76.52, 21.74], (129.7149, 495.2615, 1179.113)]
[237.63, [440.0, 69.0, 29.0, 47.65, 343.91, 22.61, 283.96, 22.32, 173.69, 22.7, 96.77, 21.77], (127.6323, 477.0457, 1173.431)]
[246.4, [440.0, 69.0, 29.0, 47.32, 357.14, 21.0, 250.3, 22.26, 184.27, 22.23, 76.52, 21.74], (136.4803, 508.0968, 1211.801)]
[293.36, [440.0, 69.0, 29.0, 47.32, 357.14, 18.05, 229.87, 22.32, 173.69, 24.15, 96.77, 22.98], (122.6037, 507.9856, 1265.252)]
[502.32, [440.0, 69.0, 29.0, 47.32, 346.73, 21.07, 250.3, 22.23, 173.69, 21.57, 82.98, 21.48], (143.7309, 533.7658, 1280.61)]
[532.12, [440.0, 69.0, 29.0, 39.31, 355.66, 18.05, 226.74, 22.31, 182.45, 22.7, 96.77, 21.77], (142.8617, 568.2773, 1376.999)]
[789.36, [440.0, 69.0, 29.0, 32.37, 352.35, 24.0, 292.07, 21.77, 168.2, 21.41, 97.45, 16.58], (148.661, 547.5092, 1297.051)]
[978.31, [440.0, 69.0, 29.0, 34.98, 362.58, 18.05, 226.74, 22.43, 182.45, 22.75, 96.77, 18.8], (148.9, 600.5771, 1439.901)]
[1068.31, [440.0, 69.0, 29.0, 47.32, 357.14, 18.05, 226.74, 21.58, 182.45, 22.7, 107.71, 21.77], (150.1134, 595.8835, 1455.904)]
[1169.17, [440.0, 69.0, 29.0, 6.86, 356.1, 18.85, 229.87, 22.66, 159.48, 20.89, 83.46, 22.32], (153.861, 556.5318, 1278.731)]
[1213.1, [440.0, 69.0, 29.0, 34.45, 343.66, 21.92, 283.96, 21.23, 163.58, 20.88, 76.52, 21.77], (154.2237, 533.2975, 1237.796)]
[1246.27, [440.0, 69.0, 29.0, 48.98, 373.76, 19.55, 257.83, 22.54, 173.69, 22.64, 96.77, 20.52], (135.9536, 177.5309, 524.1298)]
[2361.91, [440.0, 69.0, 29.0, 2.82, 356.1, 17.8, 229.87, 21.23, 163.58, 21.42, 76.52, 21.74], (167.7672, 596.5787, 1350.268)]
[2443.9, [440.0, 69.0, 29.0, 28.82, 347.29, 18.96, 250.3, 22.24, 159.48, 18.8, 76.17, 23.27], (168.924, 584.2879, 1338.246)]
[2602.08, [440.0, 69.0, 29.0, 39.43, 359.8, 19.62, 265.78, 21.54, 174.03, 18.8, 97.45, 23.88], (170.4323, 581.3736, 1358.296)]
[2834.24, [440.0, 69.0, 29.0, 2.82, 356.1, 18.05, 216.7, 22.32, 173.69, 22.7, 96.77, 21.74], (91.224, 183.0743, 1311.257)]
[3848.16, [440.0, 69.0, 29.0, 24.61, 333.81, 20.1, 275.45, 21.13, 214.83, 19.02, 110.55, 22.47], (180.7098, 638.7252, 1516.219)]
[6096.47, [440.0, 69.0, 29.0, 24.61, 333.81, 20.1, 275.45, 20.73, 214.83, 19.07, 110.55, 18.8], (198.4261, 712.287, 1655.933)]
[6281.39, [440.0, 69.0, 29.0, 47.32, 346.73, 21.07, 250.3, 22.26, 173.69, 20.84, 96.77, 21.48], (66.48068, 150.5155, 559.4095)]
[8017.0, [440, 69, 29, 39.98, 351.22, 21.17, 271.67, 17.79, 213.66, 20.32, 107.63, 16.97], (212.5919, 746.89, 1706.088)]
[10135.35, [440, 69, 29, 57.61, 339.31, 18.97, 259.75, 20.22, 163.49, 15.19, 106.51, 20.61], (226.8377, 774.2983, 1782.759)]
[12048.59, [440, 69, 29, 10.92, 355.98, 16.2, 285.25, 16.95, 192.51, 14.97, 85.71, 19.7], (30.89258, 851.1452, 3040.764)]
[56809.84, [440.0, 69.0, 29.0, 45.1, 346.57, 20.18, 250.3, 22.26, 149.96, 20.44, 101.78, 21.78], (441.4944, 1361.987, 2518.048)]
[71629.68, [440.0, 69.0, 29.0, 48.98, 359.8, 19.56, 250.3, 22.26, 173.69, 23.18, 76.52, 21.74], (496.9155, 1193.058, 2218.663)]
[84003.83, [440.0, 69.0, 29.0, 47.32, 346.73, 21.07, 250.3, 22.26, 173.69, 21.57, 96.77, 21.85], (537.7369, 1308.282, 2440.797)]
[95041.82, [440.0, 69.0, 29.0, 34.98, 362.58, 18.05, 229.87, 22.29, 173.69, 24.15, 96.77, 17.55], (573.5643, 1192.657, 2518.335)]
[97634.46, [440.0, 69.0, 29.0, 39.33, 343.66, 22.92, 283.96, 21.23, 163.58, 21.41, 76.52, 21.74], (580.5287, 1541.879, 2554.992)]
[101545.77, [440.0, 69.0, 29.0, 48.06, 298.95, 22.08, 270.4, 17.38, 197.43, 19.85, 128.38, 21.77], (589.5496, 1829.595, 3294.718)]

Population size: 30
Number of couples: 13
Number of kept parents: 0
Best parent kept: True
Mutation Probability: 0.2
Mutation range (x, y): 15, 1
Number of Parameters: 4
Length, Width, Height: [440, 69, 29]

Written time: 27/03/2023 18:20:41