[20.68, [440.0, 69.0, 29.0, 62.43, 347.18, 22.71, 226.74, 22.08, 184.27, 22.98, 98.89, 21.36], (131.3337, 511.8387, 1302.581)]
[22.99, [440.0, 69.0, 29.0, 61.04, 346.04, 22.61, 226.74, 22.08, 184.27, 23.21, 103.63, 21.36], (130.3089, 513.6813, 1318.027)]
[25.59, [440.0, 69.0, 29.0, 64.25, 356.76, 22.71, 229.3, 22.08, 184.27, 22.98, 108.45, 21.52], (130.7758, 508.3444, 1297.303)]
[28.19, [440.0, 69.0, 29.0, 61.04, 347.18, 22.71, 217.03, 22.31, 184.27, 22.98, 103.63, 21.36], (130.1473, 515.6347, 1323.352)]
[30.47, [440.0, 69.0, 29.0, 56.39, 349.79, 22.53, 226.74, 22.05, 184.27, 22.98, 103.63, 21.74], (131.5433, 511.3723, 1295.762)]
[32.85, [440.0, 69.0, 29.0, 61.04, 347.18, 22.71, 226.74, 22.08, 184.27, 22.99, 105.31, 21.36], (131.7932, 517.2681, 1325.022)]
[35.47, [440.0, 69.0, 29.0, 62.43, 347.18, 22.42, 226.74, 22.08, 184.27, 22.94, 103.63, 21.74], (132.1497, 516.5892, 1321.18)]
[42.63, [440.0, 69.0, 29.0, 60.45, 347.18, 22.7, 229.64, 22.0, 188.4, 22.93, 103.63, 21.52], (132.6136, 517.7132, 1320.724)]
[63.51, [440.0, 69.0, 29.0, 68.11, 347.18, 22.67, 225.04, 22.46, 187.07, 22.98, 103.23, 21.36], (128.4792, 511.0156, 1323.971)]
[72.27, [440.0, 69.0, 29.0, 61.04, 347.18, 22.71, 226.74, 21.81, 184.27, 22.98, 106.77, 21.74], (133.59, 519.2605, 1329.731)]
[95.17, [440.0, 69.0, 29.0, 61.04, 347.48, 22.61, 225.02, 22.08, 182.45, 22.7, 82.96, 21.36], (132.712, 506.3186, 1256.145)]
[114.96, [440.0, 69.0, 29.0, 61.04, 347.18, 22.71, 217.03, 22.31, 182.45, 22.7, 76.52, 21.51], (129.8867, 496.7798, 1228.184)]
[141.16, [440.0, 69.0, 29.0, 56.39, 349.79, 22.53, 226.74, 22.08, 184.27, 22.48, 82.96, 21.36], (134.5908, 510.2181, 1253.629)]
[176.35, [440.0, 69.0, 29.0, 61.04, 347.18, 22.71, 226.74, 21.48, 184.27, 22.98, 106.59, 21.74], (136.5685, 526.269, 1342.739)]
[206.07, [440.0, 69.0, 29.0, 44.86, 347.18, 22.71, 250.3, 22.08, 166.91, 22.78, 82.96, 21.64], (129.2484, 479.8627, 1164.59)]
[216.17, [440.0, 69.0, 29.0, 62.43, 347.18, 22.71, 226.74, 21.62, 184.27, 22.76, 108.12, 21.74], (137.2427, 529.6297, 1354.208)]
[613.46, [440.0, 69.0, 29.0, 61.04, 347.18, 22.71, 250.3, 22.3, 165.51, 22.78, 82.96, 21.5], (143.3754, 486.1215, 1177.565)]
[1986.27, [440.0, 69.0, 29.0, 63.72, 356.76, 22.96, 229.3, 22.08, 184.27, 22.98, 98.89, 21.74], (137.2763, 1302.186, 2350.476)]
[2489.62, [440.0, 69.0, 29.0, 68.11, 347.18, 22.48, 226.74, 22.46, 184.27, 22.98, 103.63, 21.74], (149.9437, 1098.837, 2384.376)]
[5625.28, [440.0, 69.0, 29.0, 62.5, 361.54, 17.12, 253.7, 22.12, 198.58, 17.84, 138.12, 21.9], (193.6578, 722.1895, 1750.737)]
[7995.08, [440.0, 69.0, 29.0, 62.43, 347.18, 22.86, 227.39, 22.08, 184.27, 22.98, 103.63, 21.52], (216.7159, 519.1418, 1335.408)]
[10178.96, [440.0, 69.0, 29.0, 68.11, 347.18, 22.67, 226.74, 22.08, 184.27, 22.98, 98.89, 21.36], (32.41349, 133.7842, 1338.59)]
[10777.77, [440.0, 69.0, 29.0, 61.04, 347.18, 22.61, 225.02, 22.08, 182.45, 22.98, 103.63, 21.74], (33.55425, 131.1922, 511.9564)]
[11358.12, [440.0, 69.0, 29.0, 61.04, 345.76, 22.71, 226.74, 22.08, 179.26, 22.7, 79.69, 21.51], (26.79259, 263.9424, 816.2334)]
[11861.55, [440.0, 69.0, 29.0, 63.72, 356.76, 22.95, 229.3, 22.63, 184.27, 22.98, 103.82, 21.74], (26.58551, 123.8574, 484.5829)]
[12475.09, [440, 69, 29, 19.94, 316.41, 22.5, 257.69, 22.55, 161.42, 22.1, 143.84, 19.77], (21.88183, 141.7206, 581.5126)]
[68421.26, [440.0, 69.0, 29.0, 61.04, 347.18, 22.71, 226.74, 22.08, 184.27, 22.98, 103.63, 21.76], (484.3686, 1301.3, 2468.167)]
[73880.9, [440.0, 69.0, 29.0, 61.04, 349.29, 22.71, 217.03, 22.31, 184.27, 22.98, 100.09, 21.36], (503.5237, 1301.808, 2452.053)]
[76508.21, [440.0, 69.0, 29.0, 42.62, 346.23, 22.59, 226.1, 22.08, 185.69, 22.97, 103.63, 21.52], (512.7974, 1289.488, 2389.471)]
[77751.88, [440.0, 69.0, 29.0, 61.04, 349.29, 22.71, 226.74, 21.97, 184.27, 22.99, 105.31, 21.36], (516.5605, 1318.909, 2497.778)]

Population size: 30
Number of couples: 14
Number of kept parents: 0
Best parent kept: True
Mutation Probability: 0.2
Mutation range (x, y): 5, 0.3
Number of Parameters: 4
Length, Width, Height: [440, 69, 29]

Written time: 27/03/2023 22:26:55