[12.4, [440.0, 69.0, 29.0, 41.02, 342.06, 22.52, 230.05, 22.08, 184.64, 23.16, 108.62, 21.52], (131.4914, 517.953, 1309.401)]
[12.41, [440.0, 69.0, 29.0, 64.25, 342.02, 22.45, 230.87, 22.21, 179.42, 22.98, 97.59, 21.36], (130.7758, 512.1788, 1309.354)]
[13.83, [440.0, 69.0, 29.0, 61.54, 347.18, 22.45, 226.74, 22.21, 184.0, 22.98, 98.89, 21.36], (131.0178, 513.3144, 1305.073)]
[15.12, [440.0, 69.0, 29.0, 61.04, 347.38, 22.45, 226.74, 22.21, 184.27, 22.98, 98.89, 21.36], (131.0162, 513.2201, 1303.862)]
[18.76, [440.0, 69.0, 29.0, 58.89, 353.97, 22.54, 220.38, 22.31, 182.31, 22.95, 110.45, 21.44], (130.472, 514.8527, 1316.538)]
[19.4, [440.0, 69.0, 29.0, 42.62, 342.06, 22.52, 233.59, 22.08, 184.64, 23.07, 108.62, 21.52], (131.945, 518.3968, 1310.342)]
[20.58, [440.0, 69.0, 29.0, 58.89, 349.72, 22.44, 220.38, 22.31, 180.71, 23.05, 103.63, 21.36], (129.9472, 512.3735, 1306.125)]
[21.95, [440.0, 69.0, 29.0, 62.43, 347.18, 22.59, 226.1, 22.11, 184.13, 23.02, 97.39, 21.36], (131.0628, 511.3227, 1299.277)]
[22.49, [440.0, 69.0, 29.0, 62.42, 345.02, 22.45, 233.62, 22.08, 184.27, 22.98, 98.89, 21.36], (131.9551, 514.9175, 1309.797)]
[24.43, [440.0, 69.0, 29.0, 62.43, 345.6, 22.65, 226.74, 22.21, 184.27, 23.04, 99.0, 21.36], (129.9916, 510.2872, 1303.75)]
[30.56, [440.0, 69.0, 29.0, 70.68, 346.54, 22.67, 226.74, 22.21, 184.27, 22.98, 98.89, 21.64], (129.6002, 507.1944, 1306.586)]
[32.55, [440.0, 69.0, 29.0, 65.15, 346.3, 22.63, 227.22, 22.11, 184.13, 23.02, 93.89, 21.36], (130.6384, 508.1707, 1291.133)]
[35.37, [440.0, 69.0, 29.0, 42.62, 342.06, 22.52, 230.05, 22.08, 188.51, 23.07, 108.62, 21.52], (132.4375, 522.5199, 1321.74)]
[38.35, [440.0, 69.0, 29.0, 60.39, 341.64, 22.87, 227.33, 21.81, 184.69, 23.27, 103.23, 21.36], (131.7558, 517.4362, 1331.243)]
[45.95, [440.0, 69.0, 29.0, 42.62, 338.6, 22.52, 230.05, 22.08, 184.64, 23.07, 94.27, 21.45], (131.466, 511.8411, 1278.849)]
[58.94, [440.0, 69.0, 29.0, 59.77, 347.23, 22.48, 225.21, 21.81, 184.27, 23.27, 103.23, 21.36], (132.7365, 519.8569, 1336.649)]
[69.9, [440.0, 69.0, 29.0, 63.41, 341.73, 22.71, 214.95, 22.34, 183.3, 22.85, 106.31, 21.36], (131.6515, 526.7034, 1366.538)]
[74.82, [440.0, 69.0, 29.0, 62.43, 347.18, 22.39, 226.74, 22.0, 184.27, 23.06, 108.62, 21.52], (132.9967, 524.2519, 1349.207)]
[107.73, [440.0, 69.0, 29.0, 58.09, 351.97, 22.91, 220.02, 22.31, 187.07, 23.1, 100.11, 21.36], (127.7832, 501.7956, 1274.069)]
[109.38, [440.0, 69.0, 29.0, 57.36, 346.28, 22.71, 230.55, 21.81, 184.27, 22.99, 105.31, 21.1], (134.7937, 525.4425, 1335.323)]
[577.05, [440.0, 69.0, 29.0, 61.32, 347.18, 22.45, 226.74, 22.08, 182.11, 22.97, 103.63, 21.79], (131.5659, 513.2452, 747.6101)]
[1700.5, [440.0, 69.0, 29.0, 68.11, 347.18, 22.45, 226.74, 22.21, 184.27, 22.98, 94.24, 21.36], (130.811, 1123.284, 2408.402)]
[1801.0, [440.0, 69.0, 29.0, 60.39, 347.23, 22.71, 225.21, 21.81, 184.27, 23.27, 103.23, 21.16], (132.4856, 1163.584, 2446.734)]
[2618.93, [440, 69, 29, 39.89, 358.11, 20.91, 264.44, 17.49, 209.74, 22.65, 99.79, 21.52], (169.218, 626.6951, 1442.2)]
[8726.43, [440.0, 69.0, 29.0, 66.41, 342.02, 22.6, 226.74, 22.41, 183.34, 23.08, 98.89, 21.47], (42.47052, 128.0618, 1337.759)]
[76206.28, [440.0, 69.0, 29.0, 58.85, 347.18, 22.45, 231.09, 22.33, 184.27, 22.98, 101.58, 21.36], (510.6497, 1537.366, 2468.424)]
[77119.09, [440.0, 69.0, 29.0, 65.15, 346.07, 22.71, 227.22, 22.08, 187.64, 23.01, 103.23, 21.36], (514.2221, 1332.43, 2539.336)]
[78266.93, [440.0, 69.0, 29.0, 68.11, 347.18, 22.59, 226.1, 22.08, 179.37, 22.99, 105.31, 21.1], (518.0308, 1341.715, 2556.435)]
[79325.33, [440.0, 69.0, 29.0, 58.89, 346.09, 22.54, 216.08, 22.31, 182.23, 22.95, 107.12, 21.36], (521.8193, 1323.277, 2512.279)]
[85498.1, [440.0, 69.0, 29.0, 62.43, 347.18, 22.45, 226.74, 22.21, 183.3, 22.75, 98.89, 21.36], (542.4843, 1312.271, 2486.261)]

Population size: 30
Number of couples: 14
Number of kept parents: 0
Best parent kept: True
Mutation Probability: 0.2
Mutation range (x, y): 5, 0.3
Number of Parameters: 4
Length, Width, Height: [440, 69, 29]
Target Frequencies: (130.8, 523.2, 1308.0)

Written time: 27/03/2023 23:12:07