[14.6, [440.0, 69.0, 29.0, 61.04, 347.18, 22.61, 226.74, 22.08, 184.27, 22.98, 103.63, 21.74], (131.1734, 512.1553, 1309.473)]
[28.19, [440.0, 69.0, 29.0, 61.04, 347.18, 22.61, 226.74, 22.08, 184.27, 22.98, 103.63, 22.06], (130.3663, 507.433, 1298.749)]
[85.46, [440.0, 69.0, 29.0, 61.04, 347.18, 18.05, 229.77, 22.43, 162.83, 23.41, 76.52, 21.06], (134.2308, 537.9801, 1315.673)]
[89.49, [440.0, 69.0, 29.0, 61.04, 347.18, 22.71, 226.74, 22.08, 182.45, 22.7, 85.88, 21.77], (131.5415, 500.456, 1247.653)]
[115.02, [440.0, 69.0, 29.0, 61.04, 347.18, 22.71, 226.74, 22.08, 182.45, 22.7, 76.52, 21.52], (131.4816, 497.1513, 1224.678)]
[129.64, [440.0, 69.0, 29.0, 61.04, 347.18, 22.61, 250.3, 22.75, 184.27, 22.7, 96.86, 20.79], (127.5329, 499.3844, 1261.761)]
[131.17, [440.0, 69.0, 29.0, 61.04, 347.18, 22.61, 226.74, 22.08, 162.26, 22.78, 85.23, 21.74], (130.3507, 490.2776, 1213.08)]
[144.36, [440.0, 69.0, 29.0, 61.04, 347.18, 22.61, 226.74, 22.45, 184.27, 22.7, 82.96, 21.74], (128.4447, 493.3892, 1230.08)]
[156.08, [440.0, 69.0, 29.0, 61.04, 347.18, 22.61, 226.74, 22.08, 162.26, 22.78, 76.52, 21.52], (130.2515, 487.3517, 1192.162)]
[200.97, [440.0, 69.0, 29.0, 46.11, 350.34, 22.61, 226.74, 22.08, 182.45, 22.18, 83.53, 21.77], (135.7304, 507.2829, 1232.178)]
[217.98, [440.0, 69.0, 29.0, 26.24, 343.67, 21.0, 250.3, 22.08, 162.26, 22.78, 76.52, 21.52], (134.799, 501.7478, 1191.235)]
[218.1, [440.0, 69.0, 29.0, 61.04, 347.18, 22.61, 250.3, 22.08, 162.26, 22.78, 76.52, 21.52], (128.9623, 477.3921, 1161.063)]
[231.69, [440.0, 69.0, 29.0, 46.11, 350.34, 22.61, 283.96, 21.59, 184.27, 22.43, 85.08, 22.79], (132.3476, 477.0744, 1141.632)]
[232.89, [440.0, 69.0, 29.0, 47.32, 366.78, 18.05, 229.77, 22.43, 162.83, 22.98, 103.63, 21.74], (137.8955, 544.8768, 1330.908)]
[240.42, [440.0, 69.0, 29.0, 28.27, 356.32, 21.0, 226.74, 22.08, 182.45, 22.7, 85.23, 21.74], (137.1871, 517.0638, 1234.825)]
[241.54, [440.0, 69.0, 29.0, 46.11, 350.34, 22.61, 283.96, 21.91, 182.45, 22.7, 82.96, 22.06], (129.427, 472.7252, 1133.433)]
[258.63, [440.0, 69.0, 29.0, 47.32, 366.78, 22.61, 226.74, 22.08, 162.26, 22.78, 76.52, 21.52], (129.0095, 472.7426, 1124.233)]
[306.97, [440.0, 69.0, 29.0, 46.11, 352.94, 22.61, 283.96, 22.26, 182.45, 22.7, 82.96, 21.74], (127.3059, 467.8062, 1122.282)]
[503.96, [440.0, 69.0, 29.0, 26.24, 343.67, 21.0, 229.77, 22.43, 165.57, 23.18, 76.52, 21.06], (134.7462, 376.9193, 1028.506)]
[1029.87, [440.0, 69.0, 29.0, 47.32, 366.78, 18.05, 226.74, 22.31, 162.26, 23.18, 101.23, 15.98], (148.7362, 608.8424, 1493.619)]
[1431.02, [440.0, 69.0, 29.0, 61.04, 347.18, 22.61, 226.74, 22.08, 162.26, 22.78, 76.52, 21.52], (149.0206, 1156.606, 1328.875)]
[1756.54, [440.0, 69.0, 29.0, 61.04, 347.18, 22.71, 250.3, 21.59, 184.27, 22.43, 85.08, 23.13], (134.6895, 1290.064, 2221.539)]
[2201.63, [440.0, 69.0, 29.0, 61.04, 347.18, 22.61, 226.74, 22.08, 184.27, 23.18, 76.52, 21.06], (106.3371, 129.2069, 711.4407)]
[2387.94, [440.0, 69.0, 29.0, 47.32, 355.66, 17.84, 226.74, 22.31, 182.45, 22.18, 83.53, 21.74], (147.058, 1085.593, 2478.976)]
[8382.87, [440.0, 69.0, 29.0, 61.04, 347.18, 22.61, 226.74, 22.08, 190.48, 22.98, 103.63, 21.74], (50.48568, 131.679, 516.2056)]
[32490.54, [440, 69, 29, 57.27, 333.86, 17.43, 227.36, 16.97, 189.57, 17.47, 81.22, 16.12], (334.1213, 1866.236, 3466.727)]
[51105.55, [440.0, 69.0, 29.0, 46.11, 350.34, 22.61, 226.74, 22.08, 182.45, 22.18, 83.53, 21.74], (420.9613, 1222.742, 2291.079)]
[59228.95, [440.0, 69.0, 29.0, 43.08, 376.39, 17.35, 229.77, 22.82, 162.83, 23.18, 76.52, 21.17], (452.1641, 1225.287, 2228.789)]
[73830.34, [440.0, 69.0, 29.0, 61.04, 347.18, 22.61, 226.74, 22.08, 184.27, 22.98, 103.63, 22.06], (502.821, 1383.752, 2526.894)]
[76174.14, [440.0, 69.0, 29.0, 61.04, 347.18, 22.61, 226.74, 22.08, 184.27, 22.98, 103.63, 21.77], (511.5097, 1253.248, 2472.828)]

Population size: 30
Number of couples: 14
Number of kept parents: 0
Best parent kept: True
Mutation Probability: 0.05
Mutation range (x, y): 15, 0.5
Number of Parameters: 4
Length, Width, Height: [440, 69, 29]

Written time: 27/03/2023 21:40:09