[10.14, [440.0, 69.0, 29.0, 58.89, 349.72, 22.44, 220.38, 22.31, 184.27, 22.98, 98.89, 21.1], (130.917, 515.6529, 1305.804)]
[12.45, [440.0, 69.0, 29.0, 67.06, 347.18, 22.74, 227.77, 22.11, 184.13, 23.02, 97.39, 21.12], (130.9539, 511.6734, 1307.676)]
[14.53, [440.0, 69.0, 29.0, 61.04, 342.02, 22.45, 230.87, 22.21, 179.42, 22.98, 97.59, 21.36], (130.8086, 512.1186, 1304.555)]
[16.0, [440.0, 69.0, 29.0, 67.06, 347.18, 22.59, 226.1, 22.11, 184.13, 23.02, 98.31, 21.36], (131.1142, 512.5334, 1311.576)]
[17.43, [440.0, 69.0, 29.0, 42.62, 342.06, 22.52, 230.05, 22.08, 184.64, 23.16, 109.38, 21.52], (131.5194, 518.9104, 1315.039)]
[19.38, [440.0, 69.0, 29.0, 62.43, 347.18, 22.59, 226.1, 22.11, 180.71, 23.05, 103.63, 21.36], (131.1197, 514.0778, 1316.453)]
[19.4, [440.0, 69.0, 29.0, 42.62, 342.06, 22.52, 233.59, 22.08, 184.64, 23.07, 108.62, 21.52], (131.945, 518.3968, 1310.342)]
[24.11, [440.0, 69.0, 29.0, 41.02, 345.79, 22.8, 230.05, 22.08, 188.51, 23.07, 108.62, 21.5], (131.2437, 514.1372, 1295.907)]
[24.51, [440.0, 69.0, 29.0, 41.02, 337.42, 22.52, 230.05, 22.08, 184.64, 23.16, 108.62, 21.52], (131.9004, 522.3222, 1320.085)]
[24.77, [440.0, 69.0, 29.0, 41.02, 342.06, 22.52, 230.05, 22.08, 186.42, 23.16, 108.62, 21.36], (132.0043, 521.421, 1317.775)]
[29.47, [440.0, 69.0, 29.0, 58.89, 342.06, 22.52, 230.05, 22.08, 185.77, 23.16, 103.23, 21.36], (131.2073, 518.8083, 1330.477)]
[30.83, [440.0, 69.0, 29.0, 65.62, 343.4, 22.59, 226.1, 22.11, 180.71, 23.05, 103.63, 21.6], (130.8884, 514.6365, 1330.003)]
[32.54, [440.0, 69.0, 29.0, 42.62, 342.06, 22.44, 233.59, 22.07, 184.27, 23.07, 108.62, 21.43], (132.5034, 521.105, 1316.211)]
[32.66, [440.0, 69.0, 29.0, 61.04, 347.38, 22.45, 226.74, 22.21, 184.13, 22.77, 97.39, 21.36], (132.5914, 516.5033, 1306.009)]
[34.96, [440.0, 69.0, 29.0, 64.25, 347.38, 22.26, 226.74, 22.21, 184.27, 22.98, 101.56, 21.36], (131.8764, 519.3338, 1327.922)]
[36.47, [440.0, 69.0, 29.0, 42.62, 342.02, 22.7, 226.74, 22.21, 185.39, 22.98, 98.89, 21.36], (130.9427, 511.9469, 1283.32)]
[37.65, [440.0, 69.0, 29.0, 64.25, 347.38, 22.45, 230.87, 22.21, 179.42, 22.98, 97.59, 21.36], (130.322, 507.3954, 1289.464)]
[38.75, [440.0, 69.0, 29.0, 60.96, 346.07, 22.71, 227.22, 22.08, 187.64, 23.01, 108.62, 21.52], (131.8274, 522.1474, 1335.279)]
[39.15, [440.0, 69.0, 29.0, 61.54, 343.28, 22.45, 226.74, 22.21, 188.45, 22.98, 100.7, 21.36], (131.8075, 521.4338, 1335.274)]
[54.48, [440.0, 69.0, 29.0, 42.62, 342.06, 22.52, 230.05, 22.08, 184.64, 22.85, 102.5, 21.52], (133.4788, 519.3515, 1301.211)]
[55.67, [440.0, 69.0, 29.0, 61.54, 347.18, 22.45, 226.74, 22.21, 184.0, 23.07, 94.27, 21.45], (129.6978, 506.0564, 1281.042)]
[61.89, [440.0, 69.0, 29.0, 63.41, 342.47, 22.71, 212.59, 22.34, 183.3, 22.88, 102.5, 21.52], (130.848, 524.0803, 1368.909)]
[69.14, [440.0, 69.0, 29.0, 63.41, 341.73, 22.49, 214.95, 22.34, 183.3, 23.16, 108.62, 21.52], (129.9808, 523.9149, 1369.011)]
[69.41, [440.0, 69.0, 29.0, 55.32, 349.72, 22.52, 230.05, 22.08, 184.64, 23.07, 94.27, 21.45], (130.3281, 503.795, 1261.236)]
[79.12, [440.0, 69.0, 29.0, 64.25, 338.6, 22.44, 220.38, 22.31, 184.13, 22.77, 97.39, 21.36], (132.9062, 526.8232, 1352.934)]
[79.71, [440.0, 69.0, 29.0, 62.43, 345.6, 22.65, 226.74, 22.08, 184.64, 23.07, 108.62, 21.52], (131.4293, 519.3296, 1378.848)]
[1733.45, [440.0, 69.0, 29.0, 64.25, 347.38, 22.48, 226.74, 22.21, 184.0, 22.98, 103.38, 21.36], (131.593, 446.9405, 2958.128)]
[4640.62, [440.0, 69.0, 29.0, 64.25, 338.6, 22.52, 230.05, 22.08, 184.64, 22.98, 103.38, 21.36], (81.43126, 132.9504, 526.4244)]
[8516.58, [440, 69, 29, 16.48, 327.59, 17.28, 285.63, 21.1, 219.95, 19.17, 139.61, 16.98], (214.5136, 813.2931, 1875.102)]
[72863.71, [440.0, 69.0, 29.0, 62.43, 342.02, 22.45, 230.87, 22.21, 180.9, 22.98, 97.59, 21.52], (499.8537, 1297.494, 2499.356)]

Population size: 30
Number of couples: 14
Number of kept parents: 0
Best parent kept: True
Mutation Probability: 0.1
Mutation range (x, y): 5, 0.3
Number of Parameters: 4
Length, Width, Height: [440, 69, 29]
Target Frequencies: (130.8, 523.2, 1308.0)

Written time: 28/03/2023 00:34:55