[10.14, [440.0, 69.0, 29.0, 58.89, 349.72, 22.44, 220.38, 22.31, 184.27, 22.98, 98.89, 21.1], (130.917, 515.6529, 1305.804)]
[10.48, [440.0, 69.0, 29.0, 58.89, 349.72, 22.44, 220.38, 22.31, 184.27, 22.98, 98.89, 21.1], (130.9165, 515.6178, 1305.5)]
[10.61, [440.0, 69.0, 29.0, 58.89, 349.72, 22.44, 220.66, 22.31, 184.27, 22.98, 98.89, 21.1], (130.8989, 515.5156, 1305.382)]
[14.07, [440.0, 69.0, 29.0, 58.89, 349.72, 22.44, 220.38, 22.25, 182.82, 22.98, 98.89, 21.1], (131.3935, 516.0598, 1305.646)]
[14.79, [440.0, 69.0, 29.0, 58.89, 349.72, 22.44, 220.38, 22.31, 184.27, 22.98, 98.89, 20.86], (131.4205, 518.952, 1313.653)]
[15.9, [440.0, 69.0, 29.0, 55.84, 349.72, 22.44, 220.38, 22.31, 184.27, 22.98, 98.89, 21.1], (130.9547, 515.3509, 1300.562)]
[16.37, [440.0, 69.0, 29.0, 58.89, 349.72, 22.44, 220.38, 22.31, 184.27, 22.98, 97.39, 21.1], (130.8006, 514.3995, 1300.432)]
[19.42, [440.0, 69.0, 29.0, 67.06, 349.72, 22.44, 220.38, 22.31, 184.27, 22.98, 98.89, 21.1], (130.8521, 516.3158, 1320.414)]
[23.29, [440.0, 69.0, 29.0, 58.89, 349.72, 22.44, 220.38, 22.36, 185.29, 22.98, 96.98, 21.12], (130.3172, 513.3012, 1297.965)]
[23.48, [440.0, 69.0, 29.0, 67.06, 349.72, 22.52, 230.05, 22.31, 184.27, 22.7, 97.39, 21.1], (132.0936, 515.0315, 1307.404)]
[23.95, [440.0, 69.0, 29.0, 55.84, 351.1, 22.44, 220.38, 22.31, 184.27, 23.07, 108.62, 21.1], (130.9147, 520.7635, 1329.124)]
[26.39, [440.0, 69.0, 29.0, 60.96, 345.03, 22.52, 220.38, 22.11, 184.13, 23.08, 98.18, 21.26], (131.7215, 518.1255, 1320.474)]
[27.51, [440.0, 69.0, 29.0, 67.06, 347.18, 22.74, 227.77, 22.31, 188.64, 22.98, 98.89, 21.1], (129.8627, 512.5823, 1315.818)]
[27.74, [440.0, 69.0, 29.0, 58.01, 349.72, 22.44, 227.77, 22.31, 184.27, 22.98, 98.89, 21.1], (130.4565, 511.9785, 1293.496)]
[27.78, [440.0, 69.0, 29.0, 60.42, 347.18, 22.74, 230.05, 22.31, 184.27, 22.7, 97.39, 21.12], (131.5188, 512.7979, 1296.72)]
[28.43, [440.0, 69.0, 29.0, 58.89, 348.07, 22.44, 227.77, 22.31, 188.64, 23.07, 105.22, 21.52], (129.7021, 513.9658, 1315.695)]
[31.4, [440.0, 69.0, 29.0, 67.06, 349.72, 22.52, 230.05, 22.31, 184.27, 22.7, 97.39, 21.52], (131.1643, 509.0044, 1292.995)]
[36.51, [440.0, 69.0, 29.0, 58.89, 349.72, 22.52, 230.05, 22.31, 184.27, 22.7, 97.39, 20.84], (132.6508, 517.8377, 1302.035)]
[41.83, [440.0, 69.0, 29.0, 53.17, 353.22, 22.44, 220.38, 22.31, 182.82, 22.98, 98.89, 21.12], (130.5257, 510.5967, 1280.213)]
[68.03, [440.0, 69.0, 29.0, 41.02, 349.72, 22.52, 227.77, 22.31, 185.29, 22.98, 97.39, 21.12], (130.3775, 507.3904, 1258.524)]
[336.14, [440.0, 69.0, 29.0, 55.84, 349.72, 22.27, 220.38, 22.31, 185.29, 22.98, 97.39, 21.14], (140.7288, 537.176, 1317.309)]
[1185.43, [440.0, 69.0, 29.0, 67.06, 349.72, 22.52, 230.05, 22.31, 184.27, 22.7, 98.89, 21.1], (132.2076, 146.1479, 516.3255)]
[2375.96, [440.0, 69.0, 29.0, 58.89, 349.72, 22.44, 220.38, 22.31, 184.27, 23.07, 108.62, 21.52], (146.9305, 1231.985, 2327.334)]
[3788.14, [440.0, 69.0, 29.0, 58.89, 349.72, 22.44, 220.38, 22.31, 182.82, 22.98, 98.89, 21.1], (167.3738, 1040.777, 2366.718)]
[8011.77, [440.0, 69.0, 29.0, 67.06, 342.06, 22.52, 230.05, 22.08, 184.64, 23.39, 109.67, 21.08], (201.8355, 1372.678, 2483.235)]
[19574.48, [440, 69, 29, 30.97, 331.36, 15.01, 270.07, 15.42, 162.0, 15.41, 122.66, 21.36], (281.3169, 908.643, 2030.826)]
[26085.54, [440.0, 69.0, 29.0, 58.89, 349.72, 22.44, 220.38, 22.31, 182.82, 22.98, 98.89, 21.1], (311.6901, 1178.85, 2409.009)]
[38235.22, [440.0, 69.0, 29.0, 58.89, 349.72, 22.44, 220.38, 22.31, 182.82, 22.98, 98.89, 21.1], (370.1946, 621.6259, 2404.743)]
[75918.91, [440.0, 69.0, 29.0, 55.84, 349.72, 22.44, 220.38, 22.31, 184.27, 22.98, 98.89, 21.1], (510.615, 1296.319, 2432.238)]
[76852.57, [440.0, 69.0, 29.0, 67.06, 347.18, 22.74, 227.77, 22.31, 188.64, 23.07, 108.62, 21.52], (513.2951, 1335.855, 2541.507)]

Population size: 30
Number of couples: 14
Number of kept parents: 0
Best parent kept: True
Mutation Probability: 0.05
Mutation range (x, y): 5, 0.3
Number of Parameters: 4
Length, Width, Height: [440, 69, 29]
Target Frequencies: (130.8, 523.2, 1308.0)

Written time: 28/03/2023 02:06:17