[11.7, [440.0, 69.0, 29.0, 62.43, 347.18, 22.45, 226.74, 22.21, 184.27, 22.98, 98.89, 21.36], (131.0269, 513.5365, 1307.04)]
[17.09, [440.0, 69.0, 29.0, 58.37, 349.79, 22.71, 226.01, 21.81, 184.27, 23.27, 106.77, 21.74], (131.0475, 510.582, 1304.763)]
[20.36, [440.0, 69.0, 29.0, 61.04, 347.48, 22.61, 226.74, 22.08, 184.27, 23.21, 103.63, 21.36], (130.185, 512.3662, 1312.699)]
[26.26, [440.0, 69.0, 29.0, 56.39, 349.79, 22.53, 226.74, 22.05, 187.07, 23.02, 103.23, 21.36], (132.2772, 517.3461, 1310.452)]
[30.47, [440.0, 69.0, 29.0, 56.39, 349.79, 22.53, 226.74, 22.05, 184.27, 22.98, 103.63, 21.74], (131.5433, 511.3723, 1295.762)]
[35.78, [440.0, 69.0, 29.0, 61.04, 347.18, 22.71, 217.03, 22.31, 184.27, 22.98, 104.87, 21.74], (129.4166, 511.3367, 1315.649)]
[36.47, [440.0, 69.0, 29.0, 58.09, 347.18, 22.71, 220.02, 22.31, 183.08, 22.98, 108.45, 21.77], (129.4042, 511.6314, 1316.411)]
[36.86, [440.0, 69.0, 29.0, 62.43, 347.18, 22.71, 226.74, 22.08, 184.27, 23.12, 97.67, 21.36], (130.1006, 507.6841, 1292.502)]
[40.31, [440.0, 69.0, 29.0, 64.25, 342.7, 22.71, 220.38, 22.31, 183.3, 22.95, 103.63, 21.36], (130.5099, 518.8418, 1342.385)]
[44.6, [440.0, 69.0, 29.0, 42.62, 346.23, 22.59, 226.1, 22.08, 184.64, 22.97, 103.63, 21.52], (132.2539, 514.6795, 1289.455)]
[45.38, [440.0, 69.0, 29.0, 68.11, 347.18, 22.42, 226.74, 22.08, 184.27, 22.94, 103.63, 21.74], (132.1106, 517.0192, 1332.199)]
[48.4, [440.0, 69.0, 29.0, 61.04, 360.19, 22.71, 229.3, 22.08, 184.27, 22.98, 108.45, 21.52], (130.5226, 505.1617, 1279.104)]
[51.61, [440.0, 69.0, 29.0, 65.55, 347.18, 22.67, 223.8, 22.46, 187.07, 22.98, 103.23, 21.12], (129.094, 514.9351, 1329.064)]
[51.84, [440.0, 69.0, 29.0, 68.11, 347.18, 22.67, 225.04, 22.08, 184.27, 22.99, 105.31, 21.36], (131.9974, 519.4238, 1342.965)]
[70.14, [440.0, 69.0, 29.0, 63.72, 356.76, 22.96, 229.3, 22.0, 188.4, 23.1, 103.63, 21.52], (129.533, 501.2403, 1274.08)]
[71.17, [440.0, 69.0, 29.0, 60.9, 350.18, 22.61, 229.94, 22.24, 184.27, 22.98, 98.89, 21.36], (129.739, 505.5655, 1265.394)]
[75.29, [440.0, 69.0, 29.0, 60.45, 347.18, 22.7, 229.64, 22.08, 184.27, 23.12, 98.89, 21.74], (129.129, 501.8439, 1275.671)]
[79.52, [440.0, 69.0, 29.0, 68.11, 347.18, 22.67, 225.04, 22.46, 184.41, 22.98, 103.63, 21.74], (127.4805, 504.2182, 1307.944)]
[85.29, [440.0, 69.0, 29.0, 63.35, 346.04, 22.61, 225.02, 22.37, 182.45, 22.7, 82.96, 21.36], (130.0958, 501.3988, 1250.416)]
[103.78, [440.0, 69.0, 29.0, 62.43, 347.18, 22.71, 226.74, 22.08, 182.45, 22.98, 82.96, 21.43], (129.865, 496.9843, 1239.478)]
[141.99, [440.0, 69.0, 29.0, 56.39, 349.79, 22.53, 226.74, 22.08, 181.66, 22.48, 82.96, 21.36], (134.4391, 508.9192, 1249.71)]
[153.54, [440.0, 69.0, 29.0, 56.39, 349.79, 22.53, 226.74, 22.08, 188.77, 22.41, 82.96, 21.36], (135.4164, 514.0205, 1262.827)]
[174.45, [440.0, 69.0, 29.0, 61.04, 347.18, 22.53, 226.74, 22.08, 184.27, 22.25, 82.96, 21.36], (136.5969, 517.955, 1278.364)]
[231.53, [440.0, 69.0, 29.0, 63.72, 356.76, 22.95, 230.64, 22.63, 184.27, 22.98, 103.63, 21.29], (124.7005, 489.9053, 1260.41)]
[388.79, [440.0, 69.0, 29.0, 61.04, 347.18, 22.71, 221.75, 22.31, 182.45, 22.7, 72.16, 21.51], (128.9601, 305.828, 1161.535)]
[689.58, [440.0, 69.0, 29.0, 62.43, 351.04, 22.71, 226.74, 21.99, 184.27, 22.98, 98.89, 21.36], (146.8426, 537.1824, 1341.043)]
[2230.33, [440, 69, 29, 65.31, 362.65, 18.56, 220.97, 20.72, 159.62, 22.69, 141.52, 21.68], (162.6204, 639.3262, 1627.229)]
[3518.21, [440.0, 69.0, 29.0, 64.25, 354.34, 22.71, 229.3, 21.96, 184.27, 22.98, 103.63, 21.36], (86.55376, 667.0854, 876.837)]
[8783.91, [440.0, 69.0, 29.0, 62.43, 347.18, 22.71, 228.36, 21.78, 187.26, 22.98, 96.29, 21.36], (44.34651, 135.9721, 1666.209)]
[22677.15, [440.0, 69.0, 29.0, 62.04, 347.18, 22.71, 226.74, 22.46, 190.89, 22.98, 103.23, 21.6], (292.5964, 1380.659, 2547.318)]

Population size: 30
Number of couples: 14
Number of kept parents: 0
Best parent kept: True
Mutation Probability: 0.2
Mutation range (x, y): 5, 0.3
Number of Parameters: 4
Length, Width, Height: [440, 69, 29]

Written time: 27/03/2023 22:35:28