[293.41, [440.0, 69.0, 29.0, 10.29, 356.1, 18.05, 229.87, 22.32, 173.69, 23.18, 96.77, 21.74], (139.6876, 548.9972, 1304.843)]
[362.87, [440.0, 69.0, 29.0, 44.5, 362.58, 18.05, 229.87, 22.43, 173.69, 22.7, 96.77, 21.77], (140.4512, 553.5974, 1341.43)]
[456.32, [440.0, 69.0, 29.0, 69.94, 336.03, 19.31, 287.05, 21.7, 155.1, 21.93, 75.15, 22.58], (142.383, 518.7821, 1249.835)]
[563.24, [440.0, 69.0, 29.0, 34.45, 343.66, 23.3, 292.07, 21.23, 176.28, 21.41, 75.15, 23.27], (141.3725, 482.4991, 1128.782)]
[588.93, [440.0, 69.0, 29.0, 40.14, 359.8, 19.62, 250.3, 22.26, 176.39, 21.41, 75.15, 22.58], (144.5839, 525.8772, 1232.854)]
[702.7, [440.0, 69.0, 29.0, 1.43, 356.1, 18.85, 229.87, 22.4, 173.69, 23.18, 86.52, 21.74], (146.5783, 580.2692, 1288.421)]
[730.85, [440.0, 69.0, 29.0, 43.71, 348.34, 18.05, 229.87, 22.32, 173.69, 22.7, 96.77, 20.8], (145.4047, 583.1111, 1421.727)]
[1501.08, [440.0, 69.0, 29.0, 45.46, 336.03, 22.79, 292.07, 20.06, 141.58, 22.21, 91.56, 18.39], (158.1921, 563.6168, 1336.229)]
[1538.91, [440.0, 69.0, 29.0, 45.46, 332.57, 19.31, 289.35, 21.25, 155.1, 21.93, 94.26, 19.35], (157.2234, 591.0411, 1421.99)]
[2107.25, [440.0, 69.0, 29.0, 34.45, 343.66, 18.37, 289.35, 21.7, 155.1, 21.93, 94.26, 18.83], (114.8853, 155.9414, 203.8574)]
[2254.43, [440.0, 69.0, 29.0, 47.32, 357.14, 20.03, 250.3, 22.26, 149.96, 19.79, 88.76, 17.55], (165.2505, 618.7535, 1446.149)]
[2283.77, [440.0, 69.0, 29.0, 40.14, 359.8, 19.55, 250.3, 22.26, 159.48, 18.8, 97.45, 22.98], (166.8926, 586.6279, 1361.354)]
[2971.04, [440.0, 69.0, 29.0, 40.99, 351.1, 15.43, 274.43, 21.08, 147.91, 21.23, 80.77, 19.35], (172.4087, 638.9442, 1480.774)]
[3414.63, [440.0, 69.0, 29.0, 62.55, 332.45, 15.75, 261.98, 22.26, 159.48, 19.25, 104.65, 22.98], (175.4644, 654.8581, 1607.467)]
[3459.92, [440.0, 69.0, 29.0, 41.26, 355.47, 15.77, 228.23, 20.41, 141.58, 22.25, 85.0, 18.87], (176.5741, 662.277, 1533.425)]
[4803.43, [440.0, 69.0, 29.0, 40.14, 359.8, 20.03, 250.3, 20.64, 188.2, 18.77, 128.77, 21.75], (188.5221, 669.124, 1581.734)]
[7307.49, [440.0, 69.0, 29.0, 78.1, 335.54, 16.91, 262.08, 21.39, 167.0, 22.41, 73.65, 17.95], (57.56525, 160.3974, 632.3999)]
[7441.32, [440.0, 69.0, 29.0, 62.55, 332.45, 15.75, 271.21, 20.64, 188.2, 17.88, 128.77, 22.52], (206.9509, 761.4768, 1867.662)]
[9605.68, [440, 69, 29, 28.29, 359.77, 19.41, 273.06, 17.67, 178.96, 19.91, 99.06, 15.33], (223.6855, 768.9802, 1717.927)]
[9994.67, [440.0, 69.0, 29.0, 78.1, 335.54, 16.67, 262.08, 21.39, 160.46, 16.97, 92.99, 15.71], (218.5232, 1082.321, 2529.345)]
[10103.86, [440.0, 69.0, 29.0, 44.13, 346.55, 14.52, 248.35, 16.5, 172.43, 19.5, 103.93, 21.93], (226.2079, 799.9966, 1817.994)]
[10417.18, [440, 69, 29, 57.41, 319.7, 21.13, 238.85, 18.34, 205.96, 19.23, 117.86, 15.38], (226.645, 849.6203, 2017.583)]
[10839.74, [440.0, 69.0, 29.0, 40.14, 359.8, 20.03, 250.3, 22.26, 166.52, 19.79, 104.65, 21.75], (28.09768, 161.195, 1375.758)]
[16630.66, [440.0, 69.0, 29.0, 30.73, 304.18, 21.41, 232.13, 15.73, 155.44, 14.75, 83.93, 18.83], (265.9164, 858.2293, 1900.204)]
[78197.77, [440.0, 69.0, 29.0, 34.45, 347.16, 22.79, 292.07, 23.0, 208.48, 19.96, 134.73, 19.79], (517.3863, 1405.58, 2617.584)]
[101852.47, [440.0, 69.0, 29.0, 25.51, 305.0, 17.07, 251.91, 17.2, 166.64, 16.08, 81.52, 15.58], (589.4097, 1975.188, 3500.768)]
[132391.54, [440.0, 69.0, 29.0, 30.73, 304.18, 21.41, 221.65, 15.73, 153.79, 14.74, 83.93, 19.35], (679.9934, 1987.72, 3536.979)]
[167049.71, [440.0, 69.0, 29.0, 39.21, 341.94, 21.32, 253.53, 22.28, 223.94, 16.65, 104.65, 23.07], (776.6044, 1732.232, 3037.595)]
[233756.01, [440.0, 69.0, 29.0, 28.7, 369.25, 15.77, 220.37, 21.96, 176.39, 21.41, 94.26, 18.83], (941.5028, 1785.831, 2976.974)]
[696380.0, [440, 69, 29, 12.75, 314.67, 19.91, 266.25, 15.58, 217.09, 15.95, 115.93, 22.4], (1816.521, 2911.125, 3192.81)]

Population size: 30
Number of couples: 13
Number of kept parents: 0
Best parent kept: True
Mutation Probability: 0.2
Mutation range (x, y): 15, 1
Number of Parameters: 4
Length, Width, Height: [440, 69, 29]

Written time: 27/03/2023 17:47:22