[7.76, [440.0, 69.0, 29.0, 58.89, 349.72, 22.44, 227.77, 22.31, 188.46, 22.98, 100.31, 21.1], (130.8579, 515.9202, 1307.658)]
[7.82, [440.0, 69.0, 29.0, 58.89, 349.72, 22.44, 227.77, 22.31, 192.12, 22.98, 98.89, 21.1], (131.0095, 516.9666, 1308.632)]
[8.14, [440.0, 69.0, 29.0, 60.64, 349.72, 22.44, 220.38, 22.31, 184.27, 22.98, 98.89, 21.32], (130.4177, 524.69, 1303.711)]
[8.19, [440.0, 69.0, 29.0, 58.89, 349.72, 22.44, 222.09, 22.31, 184.27, 22.98, 100.31, 21.1], (130.9188, 516.0468, 1308.627)]
[8.26, [440.0, 69.0, 29.0, 58.89, 349.72, 22.44, 219.17, 22.31, 184.27, 22.98, 98.89, 21.1], (130.9969, 516.2518, 1307.563)]
[8.41, [440.0, 69.0, 29.0, 58.89, 349.72, 22.44, 220.38, 22.31, 184.27, 22.98, 99.32, 21.1], (130.9505, 516.0141, 1307.356)]
[8.94, [440.0, 69.0, 29.0, 58.89, 349.72, 22.44, 219.62, 22.31, 184.27, 22.98, 98.89, 21.1], (130.967, 516.0277, 1306.91)]
[11.78, [440.0, 69.0, 29.0, 58.89, 349.72, 22.44, 220.54, 22.31, 184.27, 22.98, 97.94, 21.1], (130.8319, 516.2926, 1303.183)]
[11.86, [440.0, 69.0, 29.0, 63.71, 351.25, 22.44, 222.09, 22.31, 184.1, 22.98, 100.31, 21.07], (130.7943, 515.3658, 1312.017)]
[12.5, [440.0, 69.0, 29.0, 61.35, 349.72, 22.44, 220.38, 22.12, 184.27, 23.17, 98.89, 21.1], (131.1944, 515.8676, 1310.692)]
[16.59, [440.0, 69.0, 29.0, 58.89, 349.72, 22.44, 220.38, 22.31, 182.18, 22.98, 98.53, 21.1], (130.7445, 514.0308, 1300.713)]
[20.8, [440.0, 69.0, 29.0, 54.89, 349.72, 22.44, 220.38, 22.31, 182.82, 22.98, 98.89, 21.1], (130.8634, 514.3051, 1296.253)]
[25.31, [440.0, 69.0, 29.0, 58.89, 352.97, 22.44, 220.21, 22.31, 184.27, 22.98, 98.89, 21.1], (130.6306, 512.6723, 1293.915)]
[37.34, [440.0, 69.0, 29.0, 58.89, 346.81, 22.44, 217.2, 22.31, 184.27, 22.98, 100.31, 21.1], (131.5129, 535.2507, 1327.274)]
[44.81, [440.0, 69.0, 29.0, 60.42, 349.72, 22.65, 222.94, 22.31, 184.27, 22.98, 100.31, 21.1], (130.0716, 511.957, 1280.653)]
[56.65, [440.0, 69.0, 29.0, 58.75, 349.72, 22.44, 224.26, 22.31, 184.27, 23.09, 98.89, 21.36], (129.2072, 507.6489, 1287.0)]
[63.25, [440.0, 69.0, 29.0, 58.89, 349.72, 22.44, 220.38, 22.31, 184.27, 22.8, 98.89, 21.1], (132.3234, 519.7774, 1349.022)]
[64.48, [440.0, 69.0, 29.0, 58.89, 349.72, 22.44, 222.09, 22.31, 184.27, 22.98, 100.31, 21.1], (132.529, 516.0598, 1342.608)]
[83.16, [440.0, 69.0, 29.0, 58.89, 349.72, 22.44, 222.09, 22.31, 181.05, 22.98, 100.31, 21.1], (134.4694, 515.293, 1303.034)]
[1181.48, [440.0, 69.0, 29.0, 58.89, 349.72, 22.44, 220.38, 22.31, 186.89, 23.04, 98.89, 21.1], (130.627, 134.4451, 515.993)]
[1689.8, [440.0, 69.0, 29.0, 58.89, 349.72, 22.44, 220.38, 22.12, 184.27, 22.98, 98.89, 21.1], (132.9614, 1301.646, 2187.576)]
[1852.14, [440.0, 69.0, 29.0, 58.89, 349.72, 22.32, 220.38, 22.31, 184.27, 23.16, 98.89, 21.1], (129.9804, 1309.549, 2366.372)]
[2113.26, [440.0, 69.0, 29.0, 54.27, 353.73, 22.44, 220.38, 22.31, 184.27, 22.98, 98.89, 21.1], (163.9427, 600.3756, 1436.067)]
[2390.33, [440.0, 69.0, 29.0, 58.6, 349.72, 22.44, 220.38, 22.52, 184.27, 22.98, 99.32, 21.1], (104.5377, 258.9568, 527.7744)]
[3043.05, [440, 69, 29, 49.3, 304.22, 20.04, 262.51, 17.38, 172.77, 18.6, 117.76, 15.05], (92.4679, 654.2126, 769.2106)]
[11462.29, [440.0, 69.0, 29.0, 58.89, 349.72, 22.44, 222.09, 22.31, 181.36, 22.98, 100.31, 20.84], (27.41608, 131.3761, 749.3933)]
[58451.24, [440.0, 69.0, 29.0, 62.8, 349.72, 22.44, 220.38, 22.25, 184.27, 22.98, 98.89, 21.1], (448.3759, 1222.331, 2465.991)]
[77007.1, [440.0, 69.0, 29.0, 58.89, 349.72, 22.44, 222.09, 22.31, 184.27, 22.98, 100.31, 21.1], (514.1896, 1311.46, 2457.866)]
[77532.78, [440.0, 69.0, 29.0, 63.28, 349.72, 22.44, 220.38, 22.31, 184.27, 22.98, 98.89, 21.1], (515.9119, 1313.163, 2475.425)]
[88288.04, [440.0, 69.0, 29.0, 58.89, 349.72, 22.44, 220.38, 22.31, 184.27, 22.98, 98.89, 21.1], (551.1912, 1371.716, 2552.848)]

Population size: 30
Number of couples: 14
Number of kept parents: 0
Best parent kept: True
Mutation Probability: 0.2
Mutation range (x, y): 5, 0.3
Number of Parameters: 4
Length, Width, Height: [440, 69, 29]
Target Frequencies: (130.8, 523.2, 1308.0)

Written time: 28/03/2023 09:07:10