[16.73, [440.0, 69.0, 29.0, 64.93, 343.48, 22.81, 230.66, 22.08, 184.27, 22.98, 98.89, 21.36], (131.0606, 511.9272, 1312.126)]
[20.2, [440.0, 69.0, 29.0, 58.37, 351.39, 22.67, 221.62, 22.26, 184.27, 22.79, 105.31, 21.36], (131.7403, 516.5665, 1312.452)]
[26.25, [440.0, 69.0, 29.0, 58.09, 349.79, 22.54, 226.74, 22.05, 184.27, 22.98, 103.63, 21.69], (131.6206, 512.1639, 1300.215)]
[28.26, [440.0, 69.0, 29.0, 56.39, 349.79, 22.59, 221.79, 22.06, 185.99, 22.98, 101.86, 21.36], (132.4435, 517.484, 1309.472)]
[28.67, [440.0, 69.0, 29.0, 58.37, 351.39, 22.67, 221.62, 22.45, 189.14, 22.69, 103.63, 21.74], (130.0679, 510.6621, 1298.131)]
[29.35, [440.0, 69.0, 29.0, 62.43, 343.48, 22.81, 226.74, 21.95, 184.27, 22.98, 98.89, 21.52], (132.1305, 514.0132, 1312.821)]
[29.88, [440.0, 69.0, 29.0, 56.39, 349.79, 22.54, 226.74, 22.05, 184.27, 22.98, 103.63, 21.69], (131.6327, 511.9186, 1296.996)]
[31.81, [440.0, 69.0, 29.0, 59.27, 349.79, 22.53, 224.56, 22.05, 187.07, 22.98, 98.89, 21.45], (132.1369, 514.4082, 1300.44)]
[37.38, [440.0, 69.0, 29.0, 56.39, 349.79, 22.53, 224.56, 22.05, 187.07, 22.98, 98.89, 21.45], (132.1635, 514.1089, 1295.633)]
[37.94, [440.0, 69.0, 29.0, 56.39, 349.79, 22.53, 226.74, 22.08, 184.64, 22.83, 103.63, 21.72], (132.5554, 514.4752, 1302.04)]
[42.16, [440.0, 69.0, 29.0, 56.39, 349.79, 22.54, 226.74, 22.05, 184.72, 22.83, 103.63, 21.69], (132.8759, 515.4501, 1303.502)]
[51.24, [440.0, 69.0, 29.0, 58.09, 345.9, 22.81, 226.74, 22.08, 180.75, 23.12, 98.89, 21.36], (129.7845, 505.67, 1284.525)]
[51.8, [440.0, 69.0, 29.0, 62.43, 347.18, 22.59, 226.74, 22.45, 184.41, 22.98, 103.63, 21.46], (128.4305, 508.6236, 1307.255)]
[53.46, [440.0, 69.0, 29.0, 56.39, 349.79, 22.53, 226.74, 22.08, 184.64, 22.83, 103.63, 21.33], (133.4816, 520.1299, 1314.477)]
[53.93, [440.0, 69.0, 29.0, 58.09, 348.36, 22.81, 226.74, 22.08, 184.27, 23.12, 98.89, 21.36], (129.7878, 505.5949, 1281.862)]
[56.83, [440.0, 69.0, 29.0, 41.52, 352.02, 22.67, 225.57, 22.08, 189.14, 22.98, 103.63, 21.53], (131.7107, 510.5159, 1272.547)]
[57.15, [440.0, 69.0, 29.0, 56.39, 348.36, 22.81, 226.74, 22.08, 184.27, 23.12, 98.89, 21.36], (129.8002, 505.3583, 1278.692)]
[58.46, [440.0, 69.0, 29.0, 58.37, 349.93, 22.71, 226.01, 21.81, 184.27, 22.98, 100.62, 21.74], (132.8856, 511.2531, 1291.61)]
[86.85, [440.0, 69.0, 29.0, 54.34, 351.39, 22.67, 225.37, 22.45, 189.14, 22.98, 103.82, 21.53], (128.1317, 505.3163, 1282.616)]
[101.58, [440.0, 69.0, 29.0, 58.39, 345.26, 22.45, 226.74, 22.06, 182.21, 22.98, 106.77, 21.19], (133.9609, 527.8082, 1348.779)]
[502.73, [440.0, 69.0, 29.0, 54.34, 349.93, 22.71, 223.2, 21.81, 184.27, 23.1, 100.11, 21.52], (132.9972, 152.7546, 1407.713)]
[540.98, [440.0, 69.0, 29.0, 56.39, 349.79, 22.54, 226.74, 22.05, 184.27, 22.98, 107.28, 21.69], (128.8217, 133.5733, 1184.473)]
[740.28, [440.0, 69.0, 29.0, 56.39, 349.79, 22.53, 226.74, 22.05, 187.07, 22.98, 106.77, 21.36], (119.6254, 173.35, 1324.879)]
[1165.86, [440.0, 69.0, 29.0, 56.39, 349.79, 22.53, 224.56, 22.05, 187.07, 22.98, 98.89, 21.45], (127.7366, 187.3045, 531.6556)]
[1801.56, [440.0, 69.0, 29.0, 54.34, 345.19, 22.71, 229.42, 21.81, 184.27, 22.98, 100.62, 21.53], (133.7722, 1147.881, 2433.635)]
[2145.02, [440.0, 69.0, 29.0, 62.43, 347.18, 22.71, 220.02, 22.31, 183.08, 23.1, 98.67, 21.52], (128.4541, 1475.623, 2464.671)]
[2730.45, [440.0, 69.0, 29.0, 62.43, 347.18, 22.53, 226.74, 22.08, 184.64, 22.83, 103.63, 21.52], (171.2101, 606.8942, 1385.926)]
[12708.86, [440.0, 69.0, 29.0, 54.34, 349.93, 22.71, 226.01, 21.81, 184.27, 23.1, 100.11, 21.36], (20.88188, 132.8611, 513.4993)]
[74235.07, [440.0, 69.0, 29.0, 56.39, 349.79, 22.35, 226.74, 22.05, 187.07, 22.98, 106.77, 21.36], (504.3547, 1345.779, 2521.466)]
[134535.46, [440, 69, 29, 55.03, 319.18, 17.54, 282.18, 22.97, 160.93, 20.34, 109.08, 19.23], (688.2525, 1684.751, 3064.966)]

Population size: 30
Number of couples: 14
Number of kept parents: 0
Best parent kept: True
Mutation Probability: 0.1
Mutation range (x, y): 5, 0.3
Number of Parameters: 4
Length, Width, Height: [440, 69, 29]
Target Frequencies: (130.8, 523.2, 1308.0)

Written time: 28/03/2023 00:26:41