[10.0, [440.0, 69.0, 29.0, 58.89, 349.72, 22.44, 220.38, 22.31, 184.27, 22.98, 98.89, 21.1], (130.9137, 515.7271, 1305.852)]
[10.14, [440.0, 69.0, 29.0, 58.89, 349.72, 22.44, 220.38, 22.31, 184.27, 22.98, 98.89, 21.1], (130.917, 515.6529, 1305.804)]
[12.99, [440.0, 69.0, 29.0, 58.89, 349.72, 22.44, 220.38, 22.31, 188.64, 23.11, 98.89, 21.1], (130.1921, 515.5582, 1308.607)]
[13.05, [440.0, 69.0, 29.0, 58.89, 349.72, 22.44, 220.38, 22.31, 188.64, 22.98, 98.89, 21.1], (131.2274, 518.4187, 1313.478)]
[15.07, [440.0, 69.0, 29.0, 67.06, 347.18, 22.74, 227.77, 22.11, 184.13, 23.02, 98.18, 21.26], (130.6984, 510.3602, 1306.091)]
[15.81, [440.0, 69.0, 29.0, 41.02, 342.06, 22.52, 230.05, 22.08, 184.64, 23.36, 109.67, 21.08], (130.9986, 520.9477, 1320.676)]
[18.93, [440.0, 69.0, 29.0, 55.84, 349.72, 22.44, 220.38, 22.31, 182.82, 22.98, 98.89, 21.1], (130.8532, 514.4294, 1297.962)]
[23.94, [440.0, 69.0, 29.0, 67.06, 349.72, 22.52, 230.05, 22.31, 184.27, 22.7, 97.39, 21.12], (132.0495, 514.717, 1306.513)]
[26.45, [440.0, 69.0, 29.0, 67.06, 344.51, 22.74, 227.77, 22.11, 186.14, 23.02, 97.39, 21.1], (131.3685, 515.7788, 1322.746)]
[29.19, [440.0, 69.0, 29.0, 71.63, 344.51, 22.74, 227.77, 22.11, 184.13, 23.02, 97.39, 21.12], (131.1417, 514.2736, 1326.267)]
[30.92, [440.0, 69.0, 29.0, 58.89, 349.72, 22.44, 220.38, 22.31, 184.27, 23.07, 108.62, 21.52], (130.0865, 516.519, 1326.209)]
[32.59, [440.0, 69.0, 29.0, 58.89, 349.72, 22.44, 227.77, 22.31, 185.29, 22.98, 97.39, 21.12], (130.355, 511.1108, 1290.465)]
[32.85, [440.0, 69.0, 29.0, 58.89, 349.72, 22.44, 220.38, 22.31, 188.64, 23.07, 108.62, 21.52], (130.3801, 519.4124, 1334.342)]
[45.47, [440.0, 69.0, 29.0, 41.02, 342.06, 22.82, 230.05, 22.11, 184.64, 22.98, 98.89, 21.1], (131.8328, 513.3839, 1282.841)]
[50.11, [440.0, 69.0, 29.0, 41.02, 342.06, 22.53, 230.05, 22.08, 182.04, 23.07, 108.62, 21.08], (133.0848, 524.3697, 1322.403)]
[281.22, [440.0, 69.0, 29.0, 58.89, 349.72, 22.44, 220.38, 22.31, 184.27, 22.98, 98.89, 21.1], (134.3264, 576.1649, 1145.966)]
[313.84, [440.0, 69.0, 29.0, 58.89, 351.95, 22.74, 227.77, 22.11, 184.13, 23.02, 97.39, 21.1], (130.6218, 240.6964, 1277.42)]
[662.31, [440.0, 69.0, 29.0, 60.42, 347.18, 22.74, 227.77, 22.11, 184.13, 23.02, 97.39, 21.12], (131.996, 671.7213, 807.2867)]
[1200.49, [440.0, 69.0, 29.0, 42.62, 349.72, 22.44, 227.77, 22.11, 184.13, 23.02, 98.66, 21.12], (132.1988, 134.3177, 512.9378)]
[2342.46, [440.0, 69.0, 29.0, 58.89, 349.72, 22.44, 220.38, 22.31, 184.27, 22.98, 98.89, 21.12], (107.049, 130.8741, 515.3739)]
[2424.16, [440, 69, 29, 34.55, 320.02, 18.54, 267.06, 18.73, 203.48, 15.64, 135.14, 20.62], (106.5317, 913.2544, 2146.575)]
[5597.05, [440.0, 69.0, 29.0, 60.96, 345.03, 22.52, 220.38, 22.31, 188.64, 22.98, 98.89, 21.1], (63.72957, 453.171, 1342.18)]
[6705.7, [440.0, 69.0, 29.0, 67.06, 349.72, 22.44, 220.38, 22.31, 188.64, 22.98, 98.89, 21.1], (66.32327, 145.2673, 157.5459)]
[9965.69, [440.0, 69.0, 29.0, 58.89, 351.95, 22.74, 227.77, 22.11, 184.13, 23.02, 97.39, 21.12], (34.67885, 130.8629, 1457.505)]
[10001.36, [440.0, 69.0, 29.0, 58.89, 346.2, 22.44, 230.05, 22.08, 184.27, 22.98, 94.71, 21.1], (38.83802, 132.7641, 515.9386)]
[12587.47, [440.0, 69.0, 29.0, 58.89, 349.72, 22.44, 220.38, 22.31, 184.27, 22.98, 98.89, 21.12], (21.18868, 205.1567, 514.3775)]
[64145.36, [440.0, 69.0, 29.0, 55.66, 347.18, 22.74, 220.38, 22.31, 184.27, 22.98, 98.89, 21.1], (470.4971, 875.9966, 2491.418)]
[68466.7, [440.0, 69.0, 29.0, 41.02, 342.06, 22.53, 230.05, 22.11, 184.64, 22.98, 98.89, 21.1], (484.9506, 1290.374, 2360.321)]
[73087.84, [440.0, 69.0, 29.0, 58.89, 347.18, 22.74, 223.19, 22.11, 184.13, 23.02, 98.18, 21.12], (500.8341, 1287.353, 2450.922)]
[539731.2, [440.0, 69.0, 29.0, 41.02, 342.98, 22.52, 230.05, 22.11, 184.64, 23.07, 108.62, 21.52], (1554.137, 1951.138, 2626.933)]

Population size: 30
Number of couples: 14
Number of kept parents: 0
Best parent kept: True
Mutation Probability: 0.05
Mutation range (x, y): 5, 0.3
Number of Parameters: 4
Length, Width, Height: [440, 69, 29]
Target Frequencies: (130.8, 523.2, 1308.0)

Written time: 28/03/2023 01:42:01