[9.02, [440.0, 69.0, 29.0, 58.89, 349.72, 22.44, 220.38, 22.31, 182.82, 22.98, 98.89, 21.1], (130.8156, 514.7398, 1307.46)]
[10.14, [440.0, 69.0, 29.0, 58.89, 349.72, 22.44, 220.38, 22.31, 184.27, 22.98, 98.89, 21.1], (130.917, 515.6529, 1305.804)]
[10.14, [440.0, 69.0, 29.0, 58.89, 349.72, 22.44, 220.38, 22.31, 184.27, 22.98, 98.89, 21.1], (130.917, 515.6529, 1305.804)]
[14.07, [440.0, 69.0, 29.0, 58.89, 349.72, 22.44, 220.38, 22.25, 182.82, 22.98, 98.89, 21.1], (131.3935, 516.0598, 1305.646)]
[15.81, [440.0, 69.0, 29.0, 41.02, 342.06, 22.52, 230.05, 22.08, 184.64, 23.36, 109.67, 21.08], (130.9986, 520.9477, 1320.676)]
[15.9, [440.0, 69.0, 29.0, 55.84, 349.72, 22.44, 220.38, 22.31, 184.27, 22.98, 98.89, 21.1], (130.9547, 515.3509, 1300.562)]
[16.76, [440.0, 69.0, 29.0, 58.89, 349.72, 22.44, 220.38, 22.31, 185.29, 22.98, 96.98, 21.12], (130.7957, 514.4044, 1300.036)]
[19.42, [440.0, 69.0, 29.0, 67.06, 349.72, 22.44, 220.38, 22.31, 184.27, 22.98, 98.89, 21.1], (130.8521, 516.3158, 1320.414)]
[23.46, [440.0, 69.0, 29.0, 67.06, 349.72, 22.52, 230.05, 22.31, 184.27, 22.7, 97.39, 21.1], (132.0936, 515.0315, 1307.417)]
[25.1, [440.0, 69.0, 29.0, 55.84, 349.72, 22.44, 220.38, 22.31, 184.27, 23.07, 108.62, 21.52], (130.1181, 516.1439, 1320.412)]
[27.16, [440.0, 69.0, 29.0, 67.06, 349.72, 22.52, 227.77, 22.31, 185.29, 22.98, 97.39, 21.12], (130.0077, 510.2124, 1300.875)]
[27.51, [440.0, 69.0, 29.0, 67.06, 347.18, 22.74, 227.77, 22.31, 188.64, 22.98, 98.89, 21.1], (129.8627, 512.5823, 1315.818)]
[27.78, [440.0, 69.0, 29.0, 60.42, 347.18, 22.74, 230.05, 22.31, 184.27, 22.7, 97.39, 21.12], (131.5188, 512.7979, 1296.72)]
[28.43, [440.0, 69.0, 29.0, 58.89, 348.07, 22.44, 227.77, 22.31, 188.64, 23.07, 105.22, 21.52], (129.7021, 513.9658, 1315.695)]
[29.9, [440.0, 69.0, 29.0, 58.89, 347.18, 22.74, 227.77, 22.11, 184.13, 23.02, 98.18, 21.26], (130.7553, 509.7381, 1291.652)]
[33.12, [440.0, 69.0, 29.0, 41.02, 342.06, 22.52, 230.05, 22.08, 184.64, 23.36, 109.67, 20.78], (131.7021, 525.1714, 1330.583)]
[33.66, [440.0, 69.0, 29.0, 58.01, 349.72, 22.44, 227.77, 22.31, 185.29, 22.98, 97.39, 21.12], (130.3672, 511.085, 1289.3)]
[37.18, [440.0, 69.0, 29.0, 55.84, 353.22, 22.44, 220.38, 22.31, 182.82, 22.98, 98.89, 21.12], (130.494, 510.9344, 1284.783)]
[39.67, [440.0, 69.0, 29.0, 60.96, 345.03, 22.52, 220.38, 22.11, 184.13, 23.02, 98.18, 21.26], (132.2016, 519.4812, 1327.357)]
[48.2, [440.0, 69.0, 29.0, 58.89, 351.95, 22.74, 227.77, 22.11, 184.13, 23.02, 97.39, 21.1], (130.6424, 507.0242, 1276.598)]
[50.7, [440.0, 69.0, 29.0, 58.89, 351.95, 22.74, 227.77, 22.11, 184.13, 22.85, 97.39, 21.12], (131.947, 510.4611, 1282.324)]
[160.59, [440.0, 69.0, 29.0, 58.89, 349.72, 22.44, 230.05, 22.31, 184.27, 22.7, 97.39, 21.12], (135.0005, 495.0046, 1261.694)]
[431.27, [440.0, 69.0, 29.0, 55.66, 347.18, 22.74, 220.38, 22.35, 184.27, 22.98, 98.89, 21.1], (120.6847, 431.6433, 1289.997)]
[1119.59, [440.0, 69.0, 29.0, 67.06, 349.72, 22.52, 227.77, 22.11, 184.13, 23.02, 97.39, 21.12], (131.4993, 204.3269, 513.1297)]
[1944.43, [440.0, 69.0, 29.0, 41.02, 342.06, 22.31, 230.05, 22.11, 184.64, 22.98, 98.89, 21.1], (138.6001, 1323.418, 2234.361)]
[5957.88, [440.0, 69.0, 29.0, 42.62, 349.72, 22.44, 227.77, 22.11, 184.13, 23.02, 98.66, 21.12], (69.73541, 132.1988, 512.9378)]
[9155.01, [440.0, 69.0, 29.0, 58.89, 349.72, 22.44, 220.38, 22.48, 181.24, 22.98, 98.89, 21.1], (44.89001, 129.0561, 509.9284)]
[10171.13, [440.0, 69.0, 29.0, 58.89, 349.72, 22.44, 220.38, 22.31, 182.82, 22.98, 98.89, 21.1], (37.68341, 130.8156, 514.7243)]
[10636.59, [440.0, 69.0, 29.0, 58.89, 349.72, 22.44, 220.38, 22.31, 184.27, 22.98, 98.89, 21.1], (34.4878, 130.917, 515.6529)]
[16429.64, [440, 69, 29, 54.56, 327.51, 20.04, 252.21, 15.14, 177.98, 17.87, 91.68, 14.85], (267.4212, 477.7818, 892.7605)]

Population size: 30
Number of couples: 14
Number of kept parents: 0
Best parent kept: True
Mutation Probability: 0.05
Mutation range (x, y): 5, 0.3
Number of Parameters: 4
Length, Width, Height: [440, 69, 29]
Target Frequencies: (130.8, 523.2, 1308.0)

Written time: 28/03/2023 01:50:19