[10.14, [440.0, 69.0, 29.0, 58.89, 349.72, 22.44, 220.38, 22.31, 184.27, 22.98, 98.89, 21.1], (130.917, 515.6529, 1305.804)]
[12.45, [440.0, 69.0, 29.0, 67.06, 347.18, 22.74, 227.77, 22.11, 184.13, 23.02, 97.39, 21.12], (130.9539, 511.6734, 1307.676)]
[15.91, [440.0, 69.0, 29.0, 67.06, 347.18, 22.59, 226.1, 22.11, 184.13, 23.02, 98.31, 21.36], (131.1142, 512.5334, 1311.485)]
[16.12, [440.0, 69.0, 29.0, 41.02, 337.42, 22.52, 230.05, 22.31, 184.27, 22.98, 98.89, 21.1], (131.4152, 518.4098, 1301.494)]
[17.07, [440.0, 69.0, 29.0, 60.96, 349.72, 22.44, 225.31, 22.31, 184.27, 22.98, 98.89, 21.1], (130.5761, 513.3666, 1301.822)]
[18.19, [440.0, 69.0, 29.0, 62.43, 347.18, 22.59, 226.1, 22.11, 180.72, 23.13, 103.63, 21.36], (130.4728, 512.3022, 1313.418)]
[19.4, [440.0, 69.0, 29.0, 42.62, 342.06, 22.52, 233.59, 22.08, 184.64, 23.07, 108.62, 21.52], (131.945, 518.3968, 1310.347)]
[24.74, [440.0, 69.0, 29.0, 41.02, 342.06, 22.52, 230.05, 22.08, 186.42, 23.16, 108.62, 21.36], (132.0041, 521.4171, 1317.748)]
[28.23, [440.0, 69.0, 29.0, 67.06, 347.18, 22.74, 227.77, 22.31, 184.27, 22.98, 98.89, 21.1], (129.5333, 509.7221, 1307.507)]
[30.96, [440.0, 69.0, 29.0, 45.42, 345.79, 22.26, 226.74, 22.21, 184.27, 22.98, 101.56, 21.36], (132.2274, 518.2465, 1299.048)]
[32.59, [440.0, 69.0, 29.0, 58.89, 346.07, 22.71, 227.22, 22.08, 187.64, 23.19, 108.62, 21.52], (130.3734, 516.3939, 1331.002)]
[39.15, [440.0, 69.0, 29.0, 61.54, 343.28, 22.45, 226.74, 22.21, 188.45, 22.98, 100.7, 21.36], (131.8075, 521.4338, 1335.274)]
[39.15, [440.0, 69.0, 29.0, 61.54, 343.28, 22.45, 226.74, 22.21, 188.45, 22.98, 100.7, 21.36], (131.8075, 521.4338, 1335.274)]
[39.6, [440.0, 69.0, 29.0, 58.89, 349.72, 22.44, 220.38, 22.08, 184.64, 23.16, 109.63, 21.52], (131.6567, 520.8699, 1337.336)]
[42.9, [440.0, 69.0, 29.0, 42.62, 342.06, 22.74, 227.77, 22.11, 184.13, 23.02, 97.39, 21.12], (131.6965, 513.3958, 1283.392)]
[49.13, [440.0, 69.0, 29.0, 67.06, 347.18, 22.52, 230.05, 22.08, 189.16, 23.16, 109.38, 21.52], (131.0632, 520.5074, 1353.083)]
[68.14, [440.0, 69.0, 29.0, 67.06, 347.18, 22.8, 226.1, 22.11, 184.13, 23.02, 97.54, 21.29], (133.8031, 512.3585, 1302.746)]
[783.8, [440.0, 69.0, 29.0, 42.62, 342.06, 22.52, 230.05, 22.08, 184.64, 23.16, 109.38, 21.52], (113.0775, 491.6384, 1301.847)]
[2234.31, [440.0, 69.0, 29.0, 42.62, 342.06, 22.52, 227.22, 22.08, 187.64, 23.01, 108.62, 21.52], (138.8806, 1396.4, 2439.412)]
[5931.51, [440.0, 69.0, 29.0, 60.96, 346.07, 22.71, 233.59, 22.31, 184.64, 23.07, 105.65, 21.24], (183.1887, 1343.654, 2627.16)]
[10198.81, [440.0, 69.0, 29.0, 61.04, 342.02, 22.45, 230.87, 22.21, 179.42, 22.9, 97.59, 21.36], (32.14143, 131.7351, 1315.882)]
[10972.97, [440.0, 69.0, 29.0, 62.43, 347.18, 22.59, 226.1, 22.11, 180.71, 23.05, 103.63, 21.36], (25.35853, 396.7555, 1288.697)]
[11017.28, [440.0, 69.0, 29.0, 58.89, 349.72, 22.44, 220.38, 22.31, 184.27, 22.98, 98.89, 21.1], (30.49803, 132.9795, 726.2692)]
[11662.79, [440.0, 69.0, 29.0, 58.89, 349.72, 22.44, 220.38, 22.11, 184.13, 23.02, 97.39, 21.12], (27.53241, 140.5367, 521.9982)]
[17419.25, [440.0, 69.0, 29.0, 64.25, 347.38, 22.8, 230.05, 22.08, 188.51, 23.07, 108.62, 21.66], (265.177, 1257.989, 2415.33)]
[26800.15, [440.0, 69.0, 29.0, 41.02, 345.79, 22.8, 230.05, 22.08, 188.51, 23.07, 108.62, 21.5], (314.7552, 1306.056, 2375.437)]
[74151.88, [440.0, 69.0, 29.0, 58.89, 349.72, 22.44, 226.1, 22.11, 180.71, 23.05, 103.63, 21.36], (504.4191, 1305.767, 2459.624)]
[79520.5, [440.0, 69.0, 29.0, 62.43, 347.18, 22.59, 220.38, 22.31, 184.27, 22.98, 98.89, 21.1], (522.5543, 1325.427, 2487.193)]
[81620.44, [440.0, 69.0, 29.0, 61.04, 347.38, 22.45, 226.74, 22.21, 184.13, 22.77, 97.39, 21.36], (529.3241, 1497.591, 2396.41)]
[85911.2, [440, 69, 29, 67.72, 359.99, 22.02, 284.39, 16.58, 204.11, 19.34, 80.12, 15.37], (547.6351, 892.5001, 1746.598)]

Population size: 30
Number of couples: 14
Number of kept parents: 0
Best parent kept: True
Mutation Probability: 0.05
Mutation range (x, y): 5, 0.3
Number of Parameters: 4
Length, Width, Height: [440, 69, 29]
Target Frequencies: (130.8, 523.2, 1308.0)

Written time: 28/03/2023 01:07:47