[9.75, [440.0, 69.0, 29.0, 58.89, 349.72, 22.44, 220.38, 22.31, 184.27, 22.98, 98.89, 21.1], (130.917, 515.6538, 1306.194)]
[10.14, [440.0, 69.0, 29.0, 58.89, 349.72, 22.44, 220.38, 22.31, 184.27, 22.98, 98.89, 21.1], (130.917, 515.6529, 1305.804)]
[10.73, [440.0, 69.0, 29.0, 58.89, 349.72, 22.44, 220.38, 22.31, 184.27, 22.98, 100.31, 21.1], (131.0295, 516.8781, 1311.313)]
[11.27, [440.0, 69.0, 29.0, 60.42, 347.18, 22.44, 220.38, 22.31, 185.29, 22.98, 96.98, 21.12], (131.0112, 516.9075, 1312.009)]
[13.08, [440.0, 69.0, 29.0, 58.89, 349.72, 22.44, 220.38, 22.31, 184.27, 22.98, 98.89, 21.1], (130.917, 515.6528, 1302.866)]
[14.07, [440.0, 69.0, 29.0, 58.89, 349.72, 22.44, 220.38, 22.25, 182.82, 22.98, 98.89, 21.1], (131.3935, 516.0598, 1305.646)]
[15.9, [440.0, 69.0, 29.0, 55.84, 349.72, 22.44, 220.38, 22.31, 184.27, 22.98, 98.89, 21.1], (130.9547, 515.3509, 1300.562)]
[16.64, [440.0, 69.0, 29.0, 57.15, 349.72, 22.44, 220.38, 22.31, 182.82, 22.98, 98.89, 21.1], (130.8336, 514.5452, 1300.076)]
[19.42, [440.0, 69.0, 29.0, 67.06, 349.72, 22.44, 220.38, 22.31, 184.27, 22.98, 98.89, 21.1], (130.8521, 516.3158, 1320.414)]
[28.4, [440.0, 69.0, 29.0, 58.89, 348.07, 22.44, 227.71, 22.31, 188.64, 23.07, 105.22, 21.52], (129.7061, 513.9926, 1315.753)]
[30.92, [440.0, 69.0, 29.0, 58.89, 349.72, 22.44, 220.38, 22.31, 184.27, 23.07, 108.62, 21.52], (130.0865, 516.519, 1326.209)]
[30.93, [440.0, 69.0, 29.0, 58.89, 348.07, 22.51, 227.77, 22.31, 188.64, 23.07, 105.22, 21.52], (129.4644, 512.73, 1313.02)]
[37.18, [440.0, 69.0, 29.0, 55.84, 353.22, 22.44, 220.38, 22.31, 182.82, 22.98, 98.89, 21.12], (130.494, 510.9344, 1284.783)]
[38.9, [440.0, 69.0, 29.0, 41.02, 342.06, 22.52, 230.05, 22.24, 184.64, 23.36, 109.67, 21.08], (129.5, 517.4064, 1326.282)]
[39.46, [440.0, 69.0, 29.0, 58.89, 349.72, 22.74, 230.05, 22.31, 184.27, 22.74, 97.39, 21.12], (130.9951, 509.4729, 1283.13)]
[53.39, [440.0, 69.0, 29.0, 41.02, 342.06, 22.52, 230.05, 22.08, 184.64, 22.98, 98.89, 21.1], (133.173, 519.2714, 1295.091)]
[55.93, [440.0, 69.0, 29.0, 58.89, 349.72, 22.44, 220.38, 22.31, 182.82, 22.98, 97.39, 21.12], (133.7673, 522.5755, 1312.194)]
[83.67, [440.0, 69.0, 29.0, 55.66, 347.18, 22.74, 220.38, 22.35, 184.27, 23.36, 109.67, 21.08], (127.6198, 512.9757, 1324.733)]
[1501.27, [440.0, 69.0, 29.0, 58.89, 349.72, 22.44, 220.38, 22.31, 185.29, 22.98, 96.98, 21.12], (157.5516, 580.8787, 1367.947)]
[2034.79, [440.0, 69.0, 29.0, 55.84, 349.72, 22.65, 220.38, 22.31, 184.27, 22.98, 98.89, 21.1], (138.5122, 1259.343, 2392.474)]
[4806.81, [440.0, 69.0, 29.0, 67.06, 349.8, 22.52, 227.77, 22.31, 185.29, 22.98, 98.89, 21.1], (81.08846, 671.1353, 2461.893)]
[5099.33, [440.0, 69.0, 29.0, 60.96, 345.03, 22.52, 220.38, 22.11, 184.13, 23.02, 98.18, 21.26], (71.83311, 132.31, 1127.617)]
[6046.7, [440.0, 69.0, 29.0, 58.89, 348.07, 22.44, 227.77, 22.31, 188.64, 23.07, 105.22, 21.52], (59.42433, 514.5175, 1315.907)]
[10031.49, [440.0, 69.0, 29.0, 58.89, 348.07, 22.44, 227.77, 22.31, 188.64, 23.07, 105.22, 21.52], (38.66366, 129.7021, 513.9658)]
[17071.76, [440.0, 69.0, 29.0, 54.56, 327.51, 20.04, 252.21, 15.14, 179.0, 17.87, 91.68, 14.85], (267.513, 893.4468, 2024.436)]
[26262.01, [440.0, 69.0, 29.0, 58.89, 349.72, 22.52, 230.05, 22.08, 184.64, 23.36, 109.67, 21.08], (310.518, 1283.713, 2716.688)]
[74385.63, [440.0, 69.0, 29.0, 41.02, 342.06, 22.52, 230.05, 22.08, 184.64, 23.36, 109.67, 21.08], (505.5604, 1249.52, 2418.46)]
[75822.81, [440.0, 69.0, 29.0, 41.02, 342.06, 22.44, 220.38, 22.31, 185.29, 22.98, 96.98, 21.12], (510.4444, 1293.853, 2388.471)]
[80308.57, [440.0, 69.0, 29.0, 55.84, 349.72, 22.27, 220.38, 22.31, 182.82, 22.98, 98.89, 21.1], (524.9803, 1329.311, 2550.004)]
[140547.9, [440, 69, 29, 15.4, 363.73, 19.12, 250.79, 18.68, 167.81, 19.51, 102.89, 19.26], (706.2394, 1558.144, 2782.72)]

Population size: 30
Number of couples: 14
Number of kept parents: 0
Best parent kept: True
Mutation Probability: 0.05
Mutation range (x, y): 5, 0.3
Number of Parameters: 4
Length, Width, Height: [440, 69, 29]
Target Frequencies: (130.8, 523.2, 1308.0)

Written time: 28/03/2023 02:01:26