[51.46, [440.4, 68.58, 28.96, 49.8, 358.9, 20.34, 243.5, 22.6, 182.48, 22.64, 111.87, 19.3], (132.3264, 534.7477, 1329.48)]
[214.61, [440.4, 68.58, 28.96, 37.87, 351.44, 14.63, 287.37, 21.93, 195.85, 22.53, 76.23, 20.8], (138.0116, 541.9822, 1305.393)]
[336.77, [440.4, 68.58, 28.96, 45.61, 353.62, 21.44, 271.14, 21.44, 186.08, 21.57, 77.35, 22.67], (136.5548, 485.9927, 1146.205)]
[410.86, [440.4, 68.58, 28.96, 46.92, 320.31, 22.49, 224.26, 21.43, 174.41, 22.53, 76.23, 18.05], (140.9889, 553.8687, 1363.768)]
[530.51, [440.4, 68.58, 28.96, 59.39, 320.31, 22.49, 224.26, 21.43, 174.41, 22.53, 88.87, 18.05], (141.7536, 566.7734, 1433.24)]
[531.84, [440.4, 68.58, 28.96, 59.39, 320.31, 22.49, 224.26, 21.43, 174.41, 22.53, 116.23, 19.96], (140.6873, 568.6222, 1484.317)]
[689.14, [440.4, 68.58, 28.96, 37.87, 351.44, 22.82, 229.15, 20.51, 182.48, 22.64, 116.23, 19.15], (146.1873, 554.5317, 1363.166)]
[836.55, [440.4, 68.58, 28.96, 36.19, 347.99, 21.01, 289.28, 19.82, 186.08, 21.57, 77.35, 22.67], (148.1714, 519.4498, 1198.588)]
[865.62, [440.4, 68.58, 28.96, 37.87, 351.44, 22.82, 229.15, 20.51, 182.48, 22.64, 76.23, 20.8], (149.6387, 524.5494, 1260.631)]
[883.9, [440.4, 68.58, 28.96, 20.24, 317.32, 22.82, 232.42, 20.51, 182.48, 22.64, 116.23, 19.96], (148.3029, 571.4972, 1412.336)]
[927.73, [440.4, 68.58, 28.96, 49.8, 358.9, 20.34, 289.28, 19.82, 186.08, 21.57, 77.35, 22.67], (148.1967, 521.9925, 1106.453)]
[974.17, [440.4, 68.58, 28.96, 33.07, 347.94, 18.92, 212.51, 20.8, 174.41, 22.53, 76.23, 20.8], (151.1304, 566.118, 1323.634)]
[975.48, [440.4, 68.58, 28.96, 41.56, 329.82, 18.92, 289.28, 19.82, 186.08, 21.57, 77.35, 22.67], (151.4687, 552.9798, 1301.149)]
[996.9, [440.4, 68.58, 28.96, 20.24, 317.32, 22.82, 229.15, 20.51, 182.48, 22.64, 110.34, 19.15], (149.8228, 578.4575, 1420.995)]
[1015.18, [440.4, 68.58, 28.96, 20.24, 317.32, 22.82, 229.15, 20.51, 182.48, 22.64, 111.87, 19.15], (149.9641, 579.9339, 1428.537)]
[1050.48, [440.4, 68.58, 28.96, 20.24, 302.41, 22.82, 229.15, 19.82, 186.08, 21.57, 77.35, 22.67], (152.6618, 546.7227, 1313.87)]
[1099.39, [440.4, 68.58, 28.96, 59.39, 320.31, 22.49, 224.26, 19.82, 186.08, 21.57, 87.27, 22.67], (152.2232, 555.6878, 1384.412)]
[1300.51, [440.4, 68.58, 28.96, 59.39, 320.31, 22.56, 224.26, 22.18, 189.55, 18.91, 88.06, 21.48], (153.8285, 587.6031, 1440.132)]
[1642.78, [440.4, 68.58, 28.96, 20.24, 317.32, 22.82, 229.15, 20.51, 151.28, 21.82, 149.53, 18.85], (156.7483, 614.2798, 1539.079)]
[1860.83, [440.4, 68.58, 28.96, 42.65, 329.82, 18.48, 220.51, 19.82, 186.08, 21.57, 77.35, 22.67], (161.2752, 599.5803, 1411.341)]
[1860.84, [440.4, 68.58, 28.96, 42.65, 329.82, 18.48, 220.51, 19.82, 186.08, 21.57, 77.35, 22.67], (161.2752, 599.5803, 1411.358)]
[1861.64, [440.4, 68.58, 28.96, 41.56, 329.82, 18.48, 220.51, 19.82, 186.08, 21.57, 77.35, 22.67], (161.3075, 599.3938, 1409.667)]
[1885.47, [440.4, 68.58, 28.96, 71.09, 363.28, 21.25, 220.51, 19.82, 186.08, 21.57, 114.04, 21.08], (161.0663, 591.7109, 1461.119)]
[1891.14, [440.4, 68.58, 28.96, 45.61, 353.62, 21.44, 271.14, 21.44, 154.49, 19.18, 106.37, 19.93], (162.5421, 579.1717, 1356.092)]
[2056.89, [440.4, 68.58, 28.96, 59.39, 320.31, 21.64, 224.26, 21.76, 189.55, 18.91, 88.06, 21.48], (162.5766, 610.2008, 1487.898)]
[2057.49, [440.4, 68.58, 28.96, 33.07, 363.34, 15.57, 287.37, 21.93, 195.85, 21.3, 111.87, 18.01], (162.2207, 633.1333, 1495.567)]
[2122.22, [440.4, 68.58, 28.96, 59.39, 320.31, 21.25, 220.51, 21.32, 191.73, 20.85, 75.61, 17.56], (162.3735, 637.0606, 1543.51)]
[2157.44, [440.4, 68.58, 28.96, 46.92, 347.94, 18.92, 289.28, 21.32, 191.73, 20.85, 75.61, 17.24], (164.5983, 608.5947, 1416.451)]
[2409.09, [440.4, 68.58, 28.96, 77.36, 338.69, 18.6, 261.83, 18.68, 192.01, 21.02, 77.35, 22.67], (167.1513, 606.0982, 1443.851)]
[2633.23, [440.4, 68.58, 28.96, 41.56, 329.82, 18.48, 220.51, 19.82, 186.08, 21.57, 76.23, 20.8], (169.0489, 629.1742, 1471.113)]
[2869.2, [440.4, 68.58, 28.96, 67.82, 339.1, 18.62, 248.83, 22.8, 191.21, 18.24, 73.91, 18.78], (172.087, 375.345, 1377.782)]
[3136.77, [440.4, 68.58, 28.96, 42.65, 329.82, 18.48, 220.51, 19.82, 186.08, 21.57, 114.04, 21.08], (172.5964, 664.2418, 1603.026)]
[3161.4, [440.4, 68.58, 28.96, 41.56, 329.82, 18.48, 220.51, 19.82, 186.08, 21.57, 114.04, 21.08], (172.6031, 663.9124, 1627.342)]
[3233.64, [440.4, 68.58, 28.96, 13.53, 305.85, 19.72, 270.53, 21.43, 189.55, 18.91, 88.06, 21.48], (175.4302, 621.9126, 1462.857)]
[3363.99, [440.4, 68.58, 28.96, 59.39, 320.31, 22.49, 224.26, 22.14, 174.41, 22.53, 77.35, 22.67], (161.6743, 1132.769, 2348.164)]
[3827.43, [440.4, 68.58, 28.96, 15.54, 325.58, 20.21, 249.63, 21.44, 158.16, 19.18, 106.37, 14.64], (179.19, 687.6449, 1606.375)]
[3949.6, [440.4, 68.58, 28.96, 71.09, 363.28, 22.49, 224.26, 21.43, 174.41, 22.53, 76.23, 19.93], (183.7629, 598.3357, 1286.606)]
[4325.22, [440.4, 68.58, 28.96, 42.65, 329.82, 18.48, 220.51, 19.82, 186.08, 21.57, 77.35, 22.67], (163.3039, 1482.024, 2822.576)]
[4870.65, [440.4, 68.58, 28.96, 67.97, 334.58, 17.66, 267.2, 22.53, 173.54, 19.42, 112.25, 15.36], (186.4388, 744.4472, 1808.862)]
[4906.61, [440.4, 68.58, 28.96, 41.56, 329.82, 18.48, 207.49, 19.82, 186.08, 21.57, 77.35, 14.64], (188.045, 723.7846, 1684.504)]
[5613.79, [440.4, 68.58, 28.96, 42.65, 329.82, 18.48, 220.51, 19.82, 158.16, 19.18, 106.37, 19.93], (194.6147, 703.9695, 1644.982)]
[6094.93, [440.4, 68.58, 28.96, 59.39, 318.03, 14.8, 247.41, 21.32, 191.73, 21.82, 144.97, 18.85], (175.8086, 1935.174, 2972.886)]
[6211.54, [440.4, 68.58, 28.96, 42.65, 329.82, 18.48, 281.57, 16.44, 174.41, 21.3, 111.87, 19.15], (199.1687, 720.9192, 1670.528)]
[7090.79, [440.4, 68.58, 28.96, 42.65, 329.82, 18.48, 220.51, 20.02, 172.64, 21.57, 114.04, 21.08], (59.01764, 171.0233, 652.9426)]
[7677.51, [440.4, 68.58, 28.96, 68.83, 347.94, 21.44, 271.14, 18.14, 167.59, 16.23, 100.92, 22.17], (211.5392, 677.3884, 1578.436)]
[10338.73, [440.4, 68.58, 28.96, 33.07, 347.94, 18.92, 289.28, 19.82, 186.08, 21.57, 77.35, 22.67], (36.22677, 150.9812, 540.6955)]
[10826.24, [440.4, 68.58, 28.96, 71.09, 363.28, 21.25, 220.51, 19.82, 186.08, 21.57, 77.35, 22.67], (32.94511, 151.7851, 535.2548)]
[10936.48, [440.4, 68.58, 28.96, 33.07, 347.94, 18.92, 243.5, 21.97, 151.28, 21.82, 149.53, 18.85], (31.66313, 152.3346, 615.3162)]
[13115.31, [440.4, 68.58, 28.96, 45.6, 349.54, 21.3, 228.01, 16.67, 209.99, 15.02, 81.81, 15.1], (249.6867, 454.8684, 1394.347)]
[15873.96, [440.4, 68.58, 28.96, 32.19, 345.41, 21.04, 286.87, 16.15, 149.01, 14.54, 132.68, 16.69], (261.9907, 831.8854, 1849.306)]
[70915.74, [440.4, 68.58, 28.96, 59.39, 320.31, 23.2, 224.26, 22.14, 174.41, 22.53, 76.23, 20.8], (493.8249, 1248.816, 2334.116)]
[81747.43, [440.4, 68.58, 28.96, 59.39, 320.31, 22.49, 224.26, 21.43, 174.41, 22.53, 106.37, 22.67], (529.6418, 1353.444, 2576.474)]
[97487.53, [440.4, 68.58, 28.96, 33.07, 347.94, 18.48, 220.51, 19.82, 186.08, 21.57, 77.35, 22.67], (581.0609, 1347.612, 2432.99)]
[129553.91, [440.4, 68.58, 28.96, 36.19, 347.99, 21.01, 250.86, 22.27, 158.16, 18.4, 76.23, 20.8], (675.3697, 2020.597, 2288.362)]
[155996.99, [440.4, 68.58, 28.96, 37.78, 318.03, 14.8, 247.41, 21.32, 191.73, 21.82, 144.97, 18.85], (746.5724, 1848.872, 3181.882)]
[156726.31, [440.4, 68.58, 28.96, 21.52, 319.36, 19.72, 268.94, 16.51, 194.62, 19.19, 83.77, 16.35], (749.2759, 1745.326, 3007.356)]
[161080.0, [440.4, 68.58, 28.96, 40.58, 322.12, 19.67, 263.19, 15.2, 206.48, 22.46, 99.72, 18.18], (760.6278, 1763.826, 3088.53)]
[173050.5, [440.4, 68.58, 28.96, 59.39, 320.31, 22.49, 224.26, 22.14, 174.41, 22.53, 76.23, 20.8], (793.9879, 1611.343, 2488.526)]
[191070.0, [440.4, 68.58, 28.96, 37.87, 337.76, 14.63, 287.37, 21.93, 165.9, 15.67, 134.98, 16.33], (836.8519, 1932.469, 3364.548)]
[274491.44, [440.4, 68.58, 28.96, 42.65, 329.82, 18.48, 220.51, 20.51, 182.48, 22.64, 116.23, 19.15], (1032.928, 2296.252, 3074.258)]

Population size: 60
Number of couples: 27
Number of kept parents: 0
Best parent kept: True
Mutation Probability: 0.04
Mutation range (x, y): 15, 1