[7.59, [440.0, 69.0, 29.0, 44.78, 343.71, 18.63, 284.82, 20.42, 165.12, 23.47, 126.8, 20.13], (130.9145, 523.0604, 1315.065)]
[18.72, [440.0, 69.0, 29.0, 42.91, 365.32, 19.44, 277.42, 21.87, 212.05, 22.69, 135.37, 19.65], (130.81, 530.8125, 1296.906)]
[25.78, [440.0, 69.0, 29.0, 36.68, 365.32, 18.95, 284.95, 20.39, 201.98, 23.83, 133.28, 19.38], (130.8297, 534.7916, 1293.864)]
[26.78, [440.0, 69.0, 29.0, 47.88, 343.71, 18.63, 284.82, 20.42, 168.2, 23.47, 130.79, 20.13], (131.3628, 529.4289, 1324.33)]
[31.3, [440.0, 69.0, 29.0, 38.95, 365.32, 18.95, 277.42, 22.39, 212.05, 22.18, 138.74, 19.79], (132.2749, 536.402, 1307.812)]
[42.29, [440.0, 69.0, 29.0, 56.94, 345.27, 18.44, 280.09, 18.97, 198.27, 23.38, 101.5, 21.96], (131.2638, 523.7666, 1269.433)]
[53.53, [440.0, 69.0, 29.0, 38.95, 361.79, 18.75, 277.42, 22.39, 208.0, 22.77, 135.37, 19.27], (128.1197, 531.0551, 1306.206)]
[74.5, [440.0, 69.0, 29.0, 38.95, 364.0, 18.95, 277.42, 22.39, 208.0, 22.77, 135.37, 19.27], (127.6375, 527.021, 1293.563)]
[75.38, [440.0, 69.0, 29.0, 39.9, 345.27, 18.32, 280.09, 18.97, 199.83, 23.51, 101.5, 21.96], (130.1436, 519.6964, 1241.443)]
[79.89, [440.0, 69.0, 29.0, 32.48, 361.79, 18.95, 275.22, 22.58, 214.98, 22.77, 139.14, 19.49], (127.341, 530.6064, 1299.851)]
[101.38, [440.0, 69.0, 29.0, 44.78, 348.21, 18.63, 280.09, 20.56, 168.2, 23.47, 135.37, 19.32], (133.4587, 540.6694, 1348.562)]
[135.91, [440.0, 69.0, 29.0, 56.94, 347.17, 18.32, 280.09, 20.27, 202.41, 23.83, 133.28, 20.9], (127.7245, 542.0901, 1371.089)]
[145.24, [440.0, 69.0, 29.0, 28.07, 364.19, 18.32, 286.12, 18.97, 198.27, 23.38, 101.5, 21.96], (130.7727, 506.4257, 1179.576)]
[184.07, [440.0, 69.0, 29.0, 38.95, 361.79, 18.82, 274.9, 22.39, 208.0, 23.05, 135.37, 19.68], (124.5822, 520.4856, 1281.688)]
[255.16, [440.0, 69.0, 29.0, 45.33, 340.42, 18.5, 277.76, 22.65, 214.7, 22.13, 135.37, 19.02], (135.2289, 568.8564, 1424.302)]
[279.1, [440.0, 69.0, 29.0, 38.95, 364.0, 18.95, 277.42, 22.65, 198.27, 23.38, 101.5, 21.96], (126.5299, 488.9303, 1151.405)]
[464.06, [440.0, 69.0, 29.0, 31.42, 355.65, 20.33, 280.23, 22.36, 212.05, 22.77, 135.37, 19.65], (125.5974, 866.9328, 1306.344)]
[1384.81, [440.0, 69.0, 29.0, 38.95, 364.0, 18.95, 277.42, 22.65, 215.41, 22.33, 129.41, 20.13], (127.4752, 1053.56, 2101.83)]
[1593.79, [440.0, 69.0, 29.0, 28.07, 361.79, 18.32, 286.12, 20.27, 203.64, 24.13, 133.28, 20.9], (127.6682, 1167.535, 2202.028)]
[1753.02, [440.0, 69.0, 29.0, 38.95, 364.0, 18.95, 277.42, 22.78, 214.7, 22.13, 135.37, 19.65], (130.1893, 1278.101, 2301.347)]
[1827.3, [440.0, 69.0, 29.0, 44.78, 343.71, 18.63, 286.28, 20.42, 170.26, 23.78, 126.8, 20.13], (128.5652, 1179.247, 2445.849)]
[1982.83, [440.0, 69.0, 29.0, 53.64, 345.27, 18.32, 280.09, 18.97, 214.7, 22.13, 137.06, 19.32], (160.6911, 639.8232, 1539.979)]
[2413.84, [440.0, 69.0, 29.0, 44.78, 343.71, 19.01, 284.82, 20.4, 168.2, 23.47, 126.8, 20.13], (144.0488, 1322.945, 2439.854)]
[2887.95, [440, 69, 29, 47.87, 358.77, 20.62, 245.75, 18.32, 184.88, 20.75, 98.63, 18.12], (172.6615, 606.7001, 1403.989)]
[10150.48, [440.0, 69.0, 29.0, 37.38, 365.32, 18.95, 277.42, 22.36, 212.08, 22.45, 135.37, 19.65], (32.09964, 218.404, 1268.006)]
[10811.44, [440.0, 69.0, 29.0, 42.95, 342.25, 18.32, 282.99, 22.39, 213.66, 22.77, 129.5, 19.67], (28.31738, 144.9502, 1366.499)]
[19057.68, [440.0, 69.0, 29.0, 38.95, 361.79, 18.75, 277.42, 22.65, 214.7, 22.13, 135.37, 19.32], (276.1481, 1035.142, 2330.516)]
[70864.98, [440.0, 69.0, 29.0, 31.42, 355.65, 20.24, 284.95, 20.27, 202.41, 23.34, 129.58, 19.65], (493.7583, 1272.909, 2274.395)]
[74636.44, [440.0, 69.0, 29.0, 38.95, 365.32, 18.95, 277.42, 22.39, 212.05, 22.77, 135.37, 19.45], (506.7224, 1289.205, 2291.904)]
[148890.48, [440.0, 69.0, 29.0, 39.9, 345.27, 18.65, 280.09, 18.97, 198.27, 23.85, 101.5, 21.85], (731.0343, 1413.448, 2252.753)]

Population size: 30
Number of couples: 14
Number of kept parents: 0
Best parent kept: True
Mutation Probability: 0.25
Mutation range (x, y): 5, 0.5
Number of Parameters: 4
Length, Width, Height: [440, 69, 29]
Target Frequencies: (130.8, 523.2, 1308.0)

Written time: 28/03/2023 16:48:30