[30.18, [440.0, 69.0, 29.0, 65.67, 378.81, 20.51, 280.1, 21.87, 214.12, 22.69, 143.98, 19.42], (129.3675, 523.2498, 1295.067)]
[97.84, [440.0, 69.0, 29.0, 47.88, 352.5, 18.67, 303.48, 21.77, 245.94, 22.69, 126.76, 19.68], (133.5125, 540.7836, 1325.996)]
[109.68, [440.0, 69.0, 29.0, 47.53, 332.08, 18.67, 292.04, 19.51, 135.63, 25.04, 126.76, 18.21], (126.5181, 514.6497, 1304.021)]
[113.66, [440.0, 69.0, 29.0, 47.88, 352.5, 18.24, 303.48, 21.87, 229.89, 22.69, 133.4, 19.68], (132.5734, 547.1876, 1350.067)]
[157.82, [440.0, 69.0, 29.0, 47.88, 361.32, 19.44, 288.15, 21.87, 214.12, 23.47, 133.01, 18.88], (125.0085, 521.8868, 1292.18)]
[163.36, [440.0, 69.0, 29.0, 47.88, 343.97, 18.15, 286.22, 21.87, 214.12, 22.69, 136.44, 20.04], (132.2894, 553.2075, 1393.168)]
[181.79, [440.0, 69.0, 29.0, 39.76, 343.97, 18.67, 286.22, 20.42, 169.89, 23.47, 144.73, 19.68], (134.3081, 548.5986, 1373.291)]
[183.82, [440.0, 69.0, 29.0, 74.36, 336.07, 18.67, 280.1, 20.72, 169.89, 23.47, 86.97, 19.59], (127.1432, 499.7205, 1241.066)]
[185.16, [440.0, 69.0, 29.0, 55.15, 325.68, 17.41, 280.07, 20.93, 169.89, 23.47, 126.76, 19.68], (131.4696, 553.46, 1427.157)]
[190.31, [440.0, 69.0, 29.0, 41.62, 343.02, 19.29, 280.1, 19.13, 171.14, 24.38, 150.45, 20.39], (133.4785, 554.4763, 1391.92)]
[278.07, [440.0, 69.0, 29.0, 39.76, 343.97, 18.67, 286.22, 20.42, 156.13, 23.47, 114.67, 21.3], (126.0643, 490.2266, 1198.932)]
[309.6, [440.0, 69.0, 29.0, 50.52, 361.32, 18.67, 287.96, 19.97, 180.79, 23.47, 144.42, 19.42], (137.5389, 557.1543, 1374.751)]
[361.11, [440.0, 69.0, 29.0, 61.53, 352.5, 18.67, 303.48, 21.87, 229.89, 22.69, 111.74, 21.3], (123.0854, 490.9619, 1225.64)]
[373.42, [440.0, 69.0, 29.0, 47.88, 361.32, 20.51, 286.22, 20.42, 170.98, 23.84, 124.87, 20.06], (124.0135, 484.6574, 1188.462)]
[422.63, [440.0, 69.0, 29.0, 57.58, 332.08, 18.29, 288.39, 19.31, 135.63, 23.47, 133.01, 20.15], (140.3574, 548.9123, 1383.74)]
[442.0, [440.0, 69.0, 29.0, 51.2, 353.52, 19.44, 286.22, 20.56, 162.13, 23.47, 124.87, 21.9], (122.6136, 478.8195, 1188.989)]
[442.14, [440.0, 69.0, 29.0, 46.26, 343.02, 19.29, 303.48, 21.87, 229.89, 23.58, 126.76, 20.4], (119.5512, 501.0342, 1328.532)]
[553.39, [440.0, 69.0, 29.0, 45.69, 343.24, 18.67, 280.1, 19.13, 171.14, 24.38, 170.15, 20.17], (138.3625, 593.8023, 1512.215)]
[788.07, [440.0, 69.0, 29.0, 47.88, 342.07, 16.82, 280.07, 21.22, 214.12, 22.69, 143.98, 19.42], (142.6947, 608.3573, 1515.527)]
[1095.43, [440.0, 69.0, 29.0, 47.88, 361.32, 21.87, 280.1, 22.51, 214.12, 23.73, 137.44, 20.13], (111.4504, 465.1524, 1179.823)]
[1225.89, [440.0, 69.0, 29.0, 47.88, 342.07, 17.55, 280.07, 23.58, 169.89, 23.47, 116.87, 19.42], (108.8232, 469.0705, 1220.632)]
[1309.56, [440.0, 69.0, 29.0, 47.88, 352.09, 19.44, 280.1, 22.62, 135.63, 23.98, 133.01, 18.68], (109.0384, 448.6577, 1162.688)]
[1405.99, [440.0, 69.0, 29.0, 47.53, 332.08, 18.67, 297.29, 20.56, 214.12, 22.01, 124.17, 17.87], (153.1557, 609.5889, 1484.193)]
[7551.9, [440.0, 69.0, 29.0, 47.88, 362.73, 19.02, 280.1, 22.38, 169.89, 23.47, 116.87, 19.42], (59.72969, 115.5847, 562.7845)]
[7936.41, [440.0, 69.0, 29.0, 59.15, 343.97, 18.67, 280.1, 21.87, 233.62, 22.69, 143.98, 18.71], (56.04456, 140.3641, 600.7118)]
[8586.81, [440.0, 69.0, 29.0, 28.49, 333.69, 18.67, 283.58, 20.42, 169.89, 23.43, 124.87, 22.72], (52.17382, 123.2279, 493.0243)]
[10309.16, [440.0, 69.0, 29.0, 59.15, 343.97, 18.67, 286.22, 20.42, 170.98, 23.84, 124.87, 20.17], (30.07068, 427.9975, 1298.838)]
[10971.88, [440.0, 69.0, 29.0, 47.88, 344.24, 20.51, 280.1, 21.55, 214.12, 22.69, 140.85, 19.42], (25.98773, 576.1808, 1443.466)]
[73781.34, [440.0, 69.0, 29.0, 47.53, 332.08, 18.67, 299.07, 20.56, 135.63, 23.47, 133.01, 19.78], (500.6379, 1293.374, 2424.834)]
[81753.6, [440.0, 69.0, 29.0, 17.41, 343.97, 19.51, 286.66, 20.88, 146.84, 22.69, 143.98, 19.42], (528.2545, 1290.754, 2288.929)]

Population size: 30
Number of couples: 15
Number of kept parents: 0
Best parent kept: False
Mutation Probability: 0.25
Mutation range (x, y): 20, 1.5
Number of Parameters: 4
Length, Width, Height: [440, 69, 29]
Target Frequencies: (130.8, 523.2, 1308.0)

Written time: 29/03/2023 01:05:42