[18.72, [440.0, 69.0, 29.0, 47.88, 352.5, 18.67, 303.48, 21.87, 229.89, 22.69, 126.76, 19.68], (131.1795, 531.0233, 1307.267)]
[34.72, [440.0, 69.0, 29.0, 47.88, 361.32, 20.51, 280.1, 21.87, 214.12, 22.69, 143.98, 19.42], (130.7311, 534.1832, 1320.57)]
[48.14, [440.0, 69.0, 29.0, 47.53, 332.08, 18.67, 299.07, 20.56, 135.63, 23.47, 133.01, 19.78], (129.5818, 511.9763, 1295.748)]
[93.88, [440.0, 69.0, 29.0, 31.17, 343.97, 19.51, 286.66, 20.42, 146.84, 23.73, 142.87, 20.13], (128.7849, 509.2001, 1270.725)]
[100.8, [440.0, 69.0, 29.0, 59.15, 343.97, 18.67, 286.22, 20.42, 170.98, 23.84, 124.87, 20.17], (126.6429, 516.0174, 1306.322)]
[109.24, [440.0, 69.0, 29.0, 47.88, 361.32, 18.67, 303.48, 20.13, 173.23, 23.47, 132.67, 18.75], (134.8668, 534.5733, 1303.521)]
[123.46, [440.0, 69.0, 29.0, 47.88, 343.97, 18.15, 286.22, 21.87, 214.12, 22.69, 126.76, 19.68], (132.2591, 547.005, 1366.227)]
[163.55, [440.0, 69.0, 29.0, 28.49, 343.97, 18.67, 286.22, 20.42, 169.89, 23.43, 124.87, 21.3], (127.7379, 504.9075, 1234.617)]
[167.24, [440.0, 69.0, 29.0, 39.76, 343.97, 18.67, 286.22, 20.42, 169.89, 23.47, 124.87, 21.3], (126.9554, 505.7399, 1251.064)]
[193.48, [440.0, 69.0, 29.0, 47.88, 361.32, 18.67, 281.01, 20.42, 180.79, 23.47, 144.42, 19.46], (134.8987, 550.3764, 1364.149)]
[222.65, [440.0, 69.0, 29.0, 41.62, 343.02, 19.29, 280.1, 19.13, 171.14, 24.38, 150.45, 20.17], (134.2418, 557.3845, 1398.433)]
[275.21, [440.0, 69.0, 29.0, 55.35, 336.07, 18.67, 286.22, 20.56, 152.42, 23.47, 124.87, 21.9], (124.3716, 493.7788, 1254.623)]
[278.9, [440.0, 69.0, 29.0, 47.88, 361.32, 19.44, 280.1, 20.72, 169.89, 23.47, 105.44, 19.59], (126.7254, 489.5479, 1178.653)]
[305.54, [440.0, 69.0, 29.0, 47.88, 343.97, 19.31, 286.22, 22.38, 169.89, 22.67, 135.97, 20.17], (122.7616, 499.9455, 1276.873)]
[306.43, [440.0, 69.0, 29.0, 48.07, 343.97, 18.67, 294.35, 20.26, 169.89, 23.08, 131.24, 19.09], (138.2158, 549.515, 1359.858)]
[370.22, [440.0, 69.0, 29.0, 47.88, 352.5, 19.44, 280.1, 21.87, 214.12, 22.01, 126.76, 18.75], (139.2543, 558.0146, 1362.769)]
[419.39, [440.0, 69.0, 29.0, 47.88, 361.32, 19.44, 280.1, 21.87, 214.12, 23.69, 126.76, 19.68], (120.5645, 504.3068, 1253.86)]
[491.34, [440.0, 69.0, 29.0, 46.3, 343.97, 18.67, 268.88, 18.78, 169.89, 23.47, 111.09, 20.17], (142.6983, 553.1591, 1329.002)]
[510.4, [440.0, 69.0, 29.0, 47.88, 342.07, 17.55, 280.07, 22.38, 169.89, 23.47, 116.87, 19.42], (118.7663, 497.3407, 1266.759)]
[718.71, [440.0, 69.0, 29.0, 30.86, 343.97, 18.67, 286.22, 20.02, 193.58, 22.08, 124.87, 20.54], (146.2364, 561.8433, 1342.941)]
[746.43, [440.0, 69.0, 29.0, 47.88, 339.66, 19.88, 286.66, 20.42, 126.92, 24.88, 139.98, 20.13], (116.5809, 468.0066, 1208.13)]
[1556.43, [440.0, 69.0, 29.0, 47.88, 381.38, 18.67, 286.22, 20.37, 169.89, 23.47, 124.87, 20.17], (129.1111, 159.681, 500.5582)]
[2455.66, [440.0, 69.0, 29.0, 47.88, 343.97, 18.67, 281.97, 20.21, 169.89, 23.47, 114.13, 20.17], (131.5109, 1235.859, 2332.349)]
[12444.65, [440.0, 69.0, 29.0, 47.88, 343.97, 18.67, 302.86, 21.0, 169.89, 23.47, 132.67, 20.17], (24.73288, 125.1458, 583.1917)]
[13539.29, [440.0, 69.0, 29.0, 61.94, 337.03, 20.01, 300.33, 21.2, 171.14, 22.67, 135.97, 20.17], (236.1131, 1288.399, 2509.432)]
[59106.2, [440.0, 69.0, 29.0, 47.88, 352.16, 19.44, 280.1, 21.87, 225.9, 22.69, 146.63, 20.9], (447.7063, 1317.722, 2409.93)]
[72220.18, [440.0, 69.0, 29.0, 47.88, 343.97, 18.15, 286.22, 20.72, 169.89, 22.53, 124.87, 20.17], (495.0375, 1315.792, 2428.239)]
[74091.82, [440.0, 69.0, 29.0, 42.41, 352.5, 18.67, 322.46, 20.42, 171.14, 23.47, 132.67, 20.17], (502.478, 1245.045, 2300.503)]
[75591.42, [440.0, 69.0, 29.0, 48.07, 343.5, 18.67, 286.22, 20.42, 153.25, 23.47, 124.87, 20.17], (507.2287, 1276.282, 2359.428)]
[85153.88, [440.0, 69.0, 29.0, 45.79, 343.97, 19.07, 267.59, 20.21, 187.7, 23.47, 111.09, 20.17], (537.2721, 1388.592, 2781.635)]

Population size: 30
Number of couples: 15
Number of kept parents: 0
Best parent kept: False
Mutation Probability: 0.25
Mutation range (x, y): 20, 1.5
Number of Parameters: 4
Length, Width, Height: [440, 69, 29]
Target Frequencies: (130.8, 523.2, 1308.0)

Written time: 29/03/2023 00:44:49