[74.26, [440.0, 69.0, 29.0, 47.88, 352.09, 18.67, 279.99, 21.87, 209.39, 23.09, 122.57, 19.59], (127.2249, 525.7271, 1306.392)]
[77.68, [440.0, 69.0, 29.0, 47.88, 365.96, 19.57, 279.71, 21.87, 215.28, 23.09, 145.03, 19.17], (129.5117, 540.901, 1335.655)]
[92.64, [440.0, 69.0, 29.0, 47.88, 352.09, 19.4, 283.94, 21.27, 229.89, 23.58, 127.25, 19.59], (127.6905, 534.6791, 1322.846)]
[93.66, [440.0, 69.0, 29.0, 47.88, 365.96, 19.57, 279.71, 20.93, 234.22, 23.86, 139.17, 19.38], (129.4724, 547.8121, 1337.14)]
[101.89, [440.0, 69.0, 29.0, 47.88, 352.09, 19.47, 283.94, 21.87, 215.28, 23.09, 139.17, 19.17], (129.507, 543.0562, 1355.472)]
[102.62, [440.0, 69.0, 29.0, 47.88, 349.89, 19.73, 283.94, 21.87, 215.28, 23.09, 139.55, 19.17], (129.302, 542.2757, 1354.137)]
[106.58, [440.0, 69.0, 29.0, 47.88, 352.09, 19.44, 283.94, 21.87, 215.28, 22.93, 139.89, 19.17], (131.1445, 547.5349, 1363.887)]
[107.42, [440.0, 69.0, 29.0, 47.88, 352.09, 19.44, 283.94, 21.87, 215.28, 23.11, 139.89, 19.17], (129.4563, 543.9063, 1358.433)]
[107.57, [440.0, 69.0, 29.0, 43.88, 349.89, 19.24, 283.94, 21.87, 215.28, 23.09, 139.55, 19.17], (130.1299, 547.0897, 1362.306)]
[110.69, [440.0, 69.0, 29.0, 47.88, 365.96, 19.57, 279.71, 20.93, 234.22, 23.86, 142.25, 19.17], (130.7223, 555.1954, 1354.484)]
[118.62, [440.0, 69.0, 29.0, 44.3, 365.96, 19.44, 283.94, 21.87, 215.28, 23.65, 139.17, 17.23], (128.577, 547.8169, 1344.237)]
[119.39, [440.0, 69.0, 29.0, 51.89, 350.35, 19.58, 283.94, 21.87, 215.28, 23.09, 139.55, 19.17], (129.4564, 544.623, 1368.97)]
[123.11, [440.0, 69.0, 29.0, 47.88, 352.09, 19.44, 283.94, 22.09, 215.28, 23.09, 139.55, 19.17], (127.908, 539.0955, 1350.138)]
[123.24, [440.0, 69.0, 29.0, 47.88, 352.09, 19.47, 283.94, 21.87, 215.28, 23.09, 144.14, 19.17], (130.1432, 549.2967, 1373.722)]
[176.27, [440.0, 69.0, 29.0, 51.89, 348.09, 19.58, 283.94, 21.87, 215.28, 23.33, 144.14, 19.17], (127.9335, 547.5054, 1387.127)]
[210.13, [440.0, 69.0, 29.0, 47.88, 342.95, 19.44, 274.75, 21.87, 215.28, 23.09, 144.14, 19.17], (131.7413, 564.9777, 1425.44)]
[227.99, [440.0, 69.0, 29.0, 47.88, 350.35, 19.58, 283.94, 21.87, 215.28, 23.33, 122.57, 19.59], (123.9856, 512.9263, 1278.441)]
[239.98, [440.0, 69.0, 29.0, 47.88, 349.89, 19.44, 284.26, 21.87, 229.89, 23.58, 122.57, 19.59], (123.1077, 517.6925, 1292.379)]
[404.14, [440.0, 69.0, 29.0, 50.63, 352.09, 19.29, 279.71, 20.93, 211.71, 22.93, 139.55, 19.17], (138.3931, 570.2797, 1408.752)]
[1366.97, [440.0, 69.0, 29.0, 50.63, 352.09, 19.29, 275.38, 20.93, 229.89, 23.58, 122.57, 19.52], (129.2071, 131.1705, 745.1957)]
[2450.8, [440.0, 69.0, 29.0, 47.88, 352.09, 19.44, 283.94, 21.87, 215.28, 23.09, 144.14, 19.17], (92.6841, 539.6222, 1372.752)]
[3481.86, [440.0, 69.0, 29.0, 47.88, 352.09, 19.44, 283.94, 20.93, 234.22, 23.86, 139.17, 18.88], (90.18622, 132.007, 1196.798)]
[3510.86, [440.0, 69.0, 29.0, 47.88, 349.89, 19.73, 283.94, 21.87, 215.28, 23.33, 144.14, 19.17], (82.44118, 468.4329, 1346.43)]
[3881.24, [440, 69, 29, 72.62, 321.78, 15.53, 222.4, 15.13, 154.33, 19.52, 100.91, 20.02], (173.2804, 224.3562, 1822.807)]
[4460.01, [440, 69, 29, 40.12, 304.1, 19.26, 246.28, 16.9, 153.93, 22.8, 101.2, 14.75], (183.4507, 685.7305, 1622.573)]
[9099.41, [440.0, 69.0, 29.0, 47.88, 350.35, 19.58, 283.94, 21.87, 215.28, 23.09, 139.55, 19.17], (43.76705, 129.8634, 1114.692)]
[54304.09, [440.0, 69.0, 29.0, 47.88, 342.95, 19.22, 281.28, 21.16, 230.53, 23.09, 144.14, 19.17], (427.7597, 1455.683, 2573.484)]
[60027.73, [440.0, 69.0, 29.0, 47.88, 352.09, 19.48, 283.94, 21.87, 215.28, 23.33, 144.14, 19.17], (450.934, 1350.912, 2401.005)]
[91374.36, [440.0, 69.0, 29.0, 47.88, 350.35, 19.58, 273.89, 21.17, 231.08, 23.58, 126.76, 19.46], (558.8696, 1366.337, 2429.154)]
[133689.13, [440.0, 69.0, 29.0, 47.88, 349.89, 19.73, 283.94, 21.87, 215.28, 23.33, 122.57, 19.59], (685.4243, 1548.358, 2330.222)]

Population size: 30
Number of couples: 14
Number of kept parents: 0
Best parent kept: False
Mutation Probability: 0.05
Mutation range (x, y): 5, 0.3
Number of Parameters: 4
Length, Width, Height: [440, 69, 29]
Target Frequencies: (130.8, 523.2, 1308.0)

Written time: 29/03/2023 09:56:24