[5.1, [440.0, 69.0, 29.0, 47.88, 343.71, 18.63, 284.82, 20.42, 168.2, 23.47, 126.8, 20.13]]
[5.1, [440.0, 69.0, 29.0, 47.88, 343.71, 18.63, 284.82, 20.42, 168.2, 23.47, 126.8, 20.13]]
[5.1, [440.0, 69.0, 29.0, 47.88, 343.71, 18.63, 284.82, 20.42, 168.2, 23.47, 126.8, 20.13]]
[6.67, [440.0, 69.0, 29.0, 44.78, 343.71, 18.63, 284.82, 20.42, 168.2, 23.47, 126.8, 20.13]]
[6.67, [440.0, 69.0, 29.0, 44.78, 343.71, 18.63, 284.82, 20.42, 168.2, 23.47, 126.8, 20.13]]
[7.59, [440.0, 69.0, 29.0, 44.78, 343.71, 18.63, 284.82, 20.42, 165.12, 23.47, 126.8, 20.13]]
[7.59, [440.0, 69.0, 29.0, 44.78, 343.71, 18.63, 284.82, 20.42, 165.12, 23.47, 126.8, 20.13]]
[7.94, [440.0, 69.0, 29.0, 47.88, 343.97, 18.67, 286.22, 20.37, 169.89, 23.47, 124.87, 20.17]]
[7.94, [440.0, 69.0, 29.0, 47.88, 343.97, 18.67, 286.22, 20.37, 169.89, 23.47, 124.87, 20.17]]
[9.22, [440.0, 69.0, 29.0, 44.78, 343.71, 18.63, 284.82, 20.42, 165.12, 23.47, 126.8, 20.13]]
[9.22, [440.0, 69.0, 29.0, 44.78, 343.71, 18.63, 284.82, 20.42, 165.12, 23.47, 126.8, 20.13]]
[10.8, [440.0, 69.0, 29.0, 47.88, 343.97, 18.67, 286.22, 20.42, 169.89, 23.47, 124.87, 20.13]]
[12.29, [440.0, 69.0, 29.0, 47.88, 343.97, 18.67, 286.22, 20.42, 169.89, 23.47, 124.87, 20.15]]
[14.19, [440.0, 69.0, 29.0, 47.88, 343.97, 18.67, 286.22, 20.42, 169.89, 23.47, 124.87, 20.17]]
[14.19, [440.0, 69.0, 29.0, 47.88, 343.97, 18.67, 286.22, 20.42, 169.89, 23.47, 124.87, 20.17]]
[14.19, [440.0, 69.0, 29.0, 47.88, 343.97, 18.67, 286.22, 20.42, 169.89, 23.47, 124.87, 20.17]]
[14.19, [440.0, 69.0, 29.0, 47.88, 343.97, 18.67, 286.22, 20.42, 169.89, 23.47, 124.87, 20.17]]
[14.19, [440.0, 69.0, 29.0, 47.88, 343.97, 18.67, 286.22, 20.42, 169.89, 23.47, 124.87, 20.17]]
[14.19, [440.0, 69.0, 29.0, 47.88, 343.97, 18.67, 286.22, 20.42, 169.89, 23.47, 124.87, 20.17]]
[14.19, [440.0, 69.0, 29.0, 47.88, 343.97, 18.67, 286.22, 20.42, 169.89, 23.47, 124.87, 20.17]]
[14.19, [440.0, 69.0, 29.0, 47.88, 343.97, 18.67, 286.22, 20.42, 169.89, 23.47, 124.87, 20.17]]
[15.13, [440.0, 69.0, 29.0, 44.78, 348.21, 18.63, 280.09, 20.42, 168.2, 23.47, 126.8, 20.13]]
[15.13, [440.0, 69.0, 29.0, 44.78, 348.21, 18.63, 280.09, 20.42, 168.2, 23.47, 126.8, 20.13]]
[15.13, [440.0, 69.0, 29.0, 44.78, 348.21, 18.63, 280.09, 20.42, 168.2, 23.47, 126.8, 20.13]]
[17.07, [440.0, 69.0, 29.0, 47.88, 343.97, 18.67, 286.22, 20.44, 169.89, 23.47, 124.87, 20.17]]
[17.07, [440.0, 69.0, 29.0, 47.88, 343.97, 18.67, 286.22, 20.44, 169.89, 23.47, 124.87, 20.17]]
[17.07, [440.0, 69.0, 29.0, 47.88, 343.97, 18.67, 286.22, 20.44, 169.89, 23.47, 124.87, 20.17]]
[17.07, [440.0, 69.0, 29.0, 47.88, 343.97, 18.67, 286.22, 20.44, 169.89, 23.47, 124.87, 20.17]]
[17.68, [440.0, 69.0, 29.0, 45.82, 343.97, 18.67, 286.22, 20.42, 169.89, 23.47, 124.87, 20.17]]
[18.67, [440.0, 69.0, 29.0, 45.82, 360.64, 19.9, 275.87, 21.87, 211.38, 22.69, 135.97, 19.65]]
[18.72, [440.0, 69.0, 29.0, 42.91, 365.32, 19.44, 277.42, 21.87, 212.05, 22.69, 135.37, 19.65]]
[18.72, [440.0, 69.0, 29.0, 42.91, 365.32, 19.44, 277.42, 21.87, 212.05, 22.69, 135.37, 19.65]]
[19.55, [440.0, 69.0, 29.0, 44.78, 348.21, 18.63, 280.09, 20.56, 168.2, 23.47, 126.8, 20.13]]
[19.55, [440.0, 69.0, 29.0, 44.78, 348.21, 18.63, 280.09, 20.56, 168.2, 23.47, 126.8, 20.13]]
[20.2, [440.0, 69.0, 29.0, 47.11, 365.32, 19.37, 277.42, 21.87, 210.83, 22.69, 135.37, 19.65]]
[20.51, [440.0, 69.0, 29.0, 45.82, 360.64, 19.9, 277.42, 21.69, 212.26, 22.77, 139.98, 20.13]]
[21.02, [440.0, 69.0, 29.0, 43.79, 343.97, 18.67, 286.22, 20.42, 169.89, 23.47, 124.87, 20.17]]
[21.07, [440.0, 69.0, 29.0, 45.82, 360.64, 19.9, 277.42, 21.87, 212.26, 22.69, 135.37, 19.65]]
[21.21, [440.0, 69.0, 29.0, 43.79, 343.97, 18.67, 286.22, 20.42, 169.89, 23.47, 124.87, 20.17]]
[21.21, [440.0, 69.0, 29.0, 43.79, 343.97, 18.67, 286.22, 20.42, 169.89, 23.47, 124.87, 20.17]]
[21.21, [440.0, 69.0, 29.0, 43.79, 343.97, 18.67, 286.22, 20.42, 169.89, 23.47, 124.87, 20.17]]
[21.21, [440.0, 69.0, 29.0, 43.79, 343.97, 18.67, 286.22, 20.42, 169.89, 23.47, 124.87, 20.17]]
[22.12, [440.0, 69.0, 29.0, 47.26, 365.32, 19.44, 277.42, 21.87, 212.05, 22.72, 135.37, 19.65]]
[22.17, [440.0, 69.0, 29.0, 45.82, 361.32, 19.9, 277.42, 21.86, 212.05, 22.69, 135.37, 19.65]]
[22.92, [440.0, 69.0, 29.0, 42.91, 365.32, 19.3, 277.42, 21.87, 212.05, 22.69, 135.37, 19.65]]
[22.92, [440.0, 69.0, 29.0, 42.91, 365.32, 19.3, 277.42, 21.87, 212.05, 22.69, 135.37, 19.65]]
[22.96, [440.0, 69.0, 29.0, 43.79, 343.97, 18.67, 286.22, 20.42, 169.89, 23.47, 124.87, 20.19]]
[23.02, [440.0, 69.0, 29.0, 45.82, 361.32, 19.9, 277.42, 21.87, 212.05, 22.69, 135.37, 19.65]]
[23.3, [440.0, 69.0, 29.0, 38.13, 358.76, 19.43, 277.52, 22.03, 216.88, 22.69, 135.37, 19.65]]
[23.34, [440.0, 69.0, 29.0, 45.09, 365.32, 19.44, 277.42, 21.87, 212.05, 22.69, 135.37, 19.65]]
