[14.19, [440.0, 69.0, 29.0, 47.88, 343.97, 18.67, 286.22, 20.42, 169.89, 23.47, 124.87, 20.17], (130.3891, 522.1654, 1298.511)]
[20.51, [440.0, 69.0, 29.0, 45.82, 360.64, 19.9, 277.42, 21.69, 212.26, 22.77, 139.98, 20.13], (130.055, 529.8911, 1308.701)]
[23.93, [440.0, 69.0, 29.0, 43.87, 365.32, 19.44, 275.87, 21.87, 211.38, 22.69, 135.97, 19.65], (130.9164, 532.2328, 1302.529)]
[24.1, [440.0, 69.0, 29.0, 43.79, 365.32, 19.44, 275.87, 21.87, 211.38, 22.69, 135.97, 19.65], (130.918, 532.2044, 1302.317)]
[24.5, [440.0, 69.0, 29.0, 42.91, 365.32, 19.44, 277.2, 22.03, 212.08, 22.66, 135.97, 19.33], (130.8223, 533.4387, 1304.014)]
[32.18, [440.0, 69.0, 29.0, 44.77, 365.32, 19.49, 277.42, 22.03, 211.81, 22.69, 138.91, 19.32], (130.7511, 535.8376, 1314.794)]
[33.34, [440.0, 69.0, 29.0, 38.0, 361.32, 19.44, 277.42, 21.83, 213.72, 22.71, 135.37, 19.65], (131.485, 534.1882, 1302.305)]
[40.2, [440.0, 69.0, 29.0, 34.5, 366.73, 19.44, 275.87, 21.87, 211.38, 22.69, 135.97, 19.65], (131.1186, 529.2443, 1281.691)]
[40.61, [440.0, 69.0, 29.0, 47.39, 364.04, 19.4, 272.36, 22.03, 211.59, 22.69, 135.37, 20.03], (128.9024, 527.1549, 1301.443)]
[43.1, [440.0, 69.0, 29.0, 37.73, 361.32, 19.44, 277.42, 21.87, 212.05, 22.67, 139.86, 19.7], (131.7784, 537.3488, 1313.125)]
[43.66, [440.0, 69.0, 29.0, 31.7, 361.32, 19.44, 277.73, 21.87, 211.81, 22.69, 135.37, 20.13], (129.9628, 524.1193, 1273.837)]
[44.13, [440.0, 69.0, 29.0, 31.7, 361.32, 19.44, 277.42, 21.87, 211.81, 22.69, 135.37, 20.15], (129.9285, 524.0302, 1273.668)]
[45.5, [440.0, 69.0, 29.0, 28.48, 361.32, 19.44, 277.42, 21.87, 211.81, 22.69, 135.37, 20.13], (130.138, 523.6895, 1268.866)]
[49.18, [440.0, 69.0, 29.0, 45.82, 360.64, 19.9, 277.42, 22.11, 212.05, 22.67, 135.37, 19.65], (128.5639, 524.5528, 1294.962)]
[53.92, [440.0, 69.0, 29.0, 47.39, 364.04, 19.4, 278.1, 22.03, 211.59, 22.67, 139.05, 19.27], (131.193, 539.1396, 1327.578)]
[56.1, [440.0, 69.0, 29.0, 41.54, 361.32, 19.4, 278.1, 22.03, 211.59, 22.67, 139.05, 19.27], (131.5113, 539.9605, 1324.579)]
[60.19, [440.0, 69.0, 29.0, 39.02, 365.88, 19.36, 277.57, 22.4, 212.05, 22.67, 139.05, 19.27], (128.4715, 529.1471, 1295.231)]
[68.54, [440.0, 69.0, 29.0, 42.91, 365.32, 19.44, 277.2, 22.03, 212.08, 22.66, 139.05, 20.37], (128.209, 521.8605, 1283.844)]
[106.38, [440.0, 69.0, 29.0, 45.82, 360.64, 19.9, 277.42, 21.69, 212.26, 22.67, 139.05, 19.27], (133.3478, 543.1569, 1333.801)]
[141.2, [440.0, 69.0, 29.0, 45.82, 361.32, 20.09, 277.42, 21.86, 212.05, 22.69, 135.37, 18.07], (134.0076, 548.5241, 1341.103)]
[158.13, [440.0, 69.0, 29.0, 47.88, 343.97, 18.67, 286.22, 22.03, 212.08, 22.66, 139.05, 19.65], (132.11, 553.0466, 1391.44)]
[255.56, [440.0, 69.0, 29.0, 38.0, 367.35, 19.44, 277.42, 21.83, 213.72, 23.29, 134.28, 20.15], (124.1672, 510.2472, 1249.173)]
[2310.31, [440.0, 69.0, 29.0, 42.91, 365.32, 19.44, 277.2, 22.03, 212.08, 22.66, 139.05, 20.23], (130.993, 1288.935, 2085.988)]
[2455.61, [440.0, 69.0, 29.0, 43.79, 369.87, 19.44, 275.87, 21.87, 211.38, 22.69, 139.05, 19.65], (133.9548, 1237.467, 2279.042)]
[3357.05, [440.0, 69.0, 29.0, 42.91, 365.32, 19.44, 277.2, 20.38, 169.89, 23.47, 124.87, 18.98], (97.87728, 137.5988, 611.2057)]
[3458.35, [440, 69, 29, 15.35, 299.92, 21.68, 264.92, 17.79, 201.92, 20.85, 128.19, 19.9], (175.7529, 642.1499, 1514.499)]
[6860.32, [440.0, 69.0, 29.0, 47.39, 364.04, 20.09, 277.42, 21.86, 212.05, 22.69, 135.37, 19.65], (63.21632, 129.8621, 790.3601)]
[78007.13, [440.0, 69.0, 29.0, 37.73, 365.32, 19.99, 267.63, 22.03, 212.05, 22.71, 139.05, 20.15], (515.7208, 1280.045, 2282.299)]
[111395.52, [440.0, 69.0, 29.0, 42.78, 340.08, 22.39, 229.9, 21.04, 186.13, 18.22, 143.3, 19.65], (617.8467, 1790.908, 2681.115)]
[164277.24, [440.0, 69.0, 29.0, 47.39, 364.04, 19.4, 274.6, 22.17, 220.44, 22.67, 139.05, 20.17], (765.1051, 1960.0, 2959.274)]

Population size: 30
Number of couples: 14
Number of kept parents: 0
Best parent kept: True
Mutation Probability: 0.1
Mutation range (x, y): 10, 1
Number of Parameters: 4
Length, Width, Height: [440, 69, 29]
Target Frequencies: (130.8, 523.2, 1308.0)

Written time: 28/03/2023 21:22:21