[71.08, [440.0, 69.0, 29.0, 50.63, 352.09, 19.29, 279.71, 20.93, 229.89, 23.58, 122.57, 19.59], (129.8174, 541.033, 1333.678)]
[95.81, [440.0, 69.0, 29.0, 47.88, 365.96, 19.57, 279.71, 20.93, 234.22, 23.86, 139.17, 19.17], (130.2529, 551.1167, 1343.926)]
[104.76, [440.0, 69.0, 29.0, 47.88, 352.09, 19.47, 283.94, 21.87, 215.28, 23.09, 139.89, 19.17], (129.597, 543.9389, 1358.086)]
[105.1, [440.0, 69.0, 29.0, 47.88, 349.89, 19.44, 283.94, 21.87, 211.71, 22.93, 139.55, 19.17], (130.8516, 546.5602, 1366.265)]
[107.38, [440.0, 69.0, 29.0, 47.88, 350.35, 19.58, 283.94, 21.87, 215.28, 23.09, 139.55, 19.17], (129.5045, 543.67, 1359.692)]
[109.05, [440.0, 69.0, 29.0, 47.88, 349.89, 19.24, 273.89, 21.17, 231.08, 23.58, 126.76, 19.46], (130.2408, 549.952, 1359.366)]
[118.62, [440.0, 69.0, 29.0, 44.3, 365.96, 19.44, 283.94, 21.87, 215.28, 23.65, 139.17, 17.23], (128.577, 547.8169, 1344.237)]
[119.39, [440.0, 69.0, 29.0, 51.89, 350.35, 19.58, 283.94, 21.87, 215.28, 23.09, 139.55, 19.17], (129.4564, 544.623, 1368.97)]
[124.31, [440.0, 69.0, 29.0, 47.88, 352.09, 19.44, 283.94, 21.87, 215.28, 23.09, 144.14, 19.17], (130.1907, 549.6612, 1374.63)]
[124.31, [440.0, 69.0, 29.0, 47.88, 352.09, 19.44, 283.94, 21.87, 215.28, 23.09, 144.14, 19.17], (130.1907, 549.6612, 1374.629)]
[124.31, [440.0, 69.0, 29.0, 47.88, 352.09, 19.44, 283.94, 21.87, 215.28, 23.09, 144.14, 19.17], (130.1907, 549.6612, 1374.63)]
[124.31, [440.0, 69.0, 29.0, 47.88, 352.09, 19.44, 283.94, 21.87, 215.28, 23.09, 144.14, 19.17], (130.1907, 549.6612, 1374.63)]
[129.49, [440.0, 69.0, 29.0, 47.88, 342.95, 19.44, 277.52, 21.27, 229.89, 23.58, 127.25, 19.59], (128.8535, 546.3888, 1363.957)]
[133.89, [440.0, 69.0, 29.0, 47.88, 349.89, 19.44, 283.94, 21.87, 215.28, 23.09, 144.14, 19.17], (130.3421, 551.4806, 1382.226)]
[151.36, [440.0, 69.0, 29.0, 47.88, 352.09, 19.44, 283.94, 21.87, 215.28, 23.33, 144.14, 19.17], (127.9169, 544.7448, 1367.315)]
[160.67, [440.0, 69.0, 29.0, 47.88, 352.09, 18.67, 279.99, 21.87, 209.39, 23.09, 144.14, 19.17], (131.0866, 557.6924, 1398.146)]
[240.05, [440.0, 69.0, 29.0, 47.88, 349.89, 19.73, 283.94, 21.87, 215.28, 23.33, 122.57, 19.59], (123.8098, 511.6639, 1275.835)]
[404.87, [440.0, 69.0, 29.0, 47.88, 349.89, 19.44, 277.52, 20.93, 229.89, 23.33, 144.14, 19.17], (137.2019, 581.3497, 1434.593)]
[488.7, [440.0, 69.0, 29.0, 47.88, 342.95, 19.22, 281.28, 21.16, 230.53, 23.09, 144.14, 19.17], (138.4243, 587.6255, 1457.324)]
[741.75, [440.0, 69.0, 29.0, 47.88, 350.35, 19.58, 280.1, 20.72, 215.28, 23.33, 144.83, 17.23], (142.8467, 601.6924, 1474.645)]
[1748.54, [440.0, 69.0, 29.0, 47.88, 352.09, 19.58, 283.94, 21.87, 215.28, 23.46, 144.14, 19.59], (125.2949, 1182.018, 1609.736)]
[2402.87, [440.0, 69.0, 29.0, 47.88, 352.09, 19.47, 283.94, 21.87, 215.28, 23.09, 144.14, 19.17], (130.1443, 1183.442, 2385.074)]
[3508.31, [440.0, 69.0, 29.0, 47.88, 352.09, 19.44, 282.17, 21.27, 229.89, 23.58, 122.57, 19.59], (82.45812, 560.2066, 1381.168)]
[5930.95, [440, 69, 29, 41.47, 310.6, 20.35, 282.68, 19.72, 165.78, 15.33, 131.05, 22.27], (196.8785, 664.0452, 1585.825)]
[9548.77, [440, 69, 29, 18.87, 345.98, 21.69, 283.48, 14.69, 181.07, 17.29, 114.97, 18.87], (39.70556, 308.3041, 883.3842)]
[10855.72, [440.0, 69.0, 29.0, 47.88, 350.35, 19.58, 283.94, 21.87, 216.51, 23.09, 144.14, 19.17], (25.66588, 533.6117, 1362.975)]
[60251.66, [440.0, 69.0, 29.0, 47.88, 352.09, 19.44, 283.94, 21.87, 215.28, 23.33, 144.14, 19.17], (451.6089, 1363.479, 2418.573)]
[77768.49, [440.0, 69.0, 29.0, 47.88, 352.09, 19.44, 283.94, 21.87, 215.28, 23.58, 126.76, 19.43], (514.757, 1285.301, 2316.603)]
[85314.16, [440.0, 69.0, 29.0, 45.7, 352.09, 19.44, 277.52, 20.93, 230.53, 23.58, 126.76, 19.46], (534.8236, 1987.328, 2483.798)]
[85682.58, [440.0, 69.0, 29.0, 47.88, 352.09, 19.44, 283.94, 21.87, 215.28, 23.09, 144.14, 19.17], (540.0367, 1388.967, 2472.105)]

Population size: 30
Number of couples: 14
Number of kept parents: 0
Best parent kept: False
Mutation Probability: 0.05
Mutation range (x, y): 5, 0.3
Number of Parameters: 4
Length, Width, Height: [440, 69, 29]
Target Frequencies: (130.8, 523.2, 1308.0)

Written time: 29/03/2023 04:39:44