[7.94, [440.0, 69.0, 29.0, 47.88, 343.97, 18.67, 286.22, 20.37, 169.89, 23.47, 124.87, 20.17], (130.7501, 523.2339, 1300.244)]
[10.8, [440.0, 69.0, 29.0, 47.88, 343.97, 18.67, 286.22, 20.42, 169.89, 23.47, 124.87, 20.13], (130.5094, 522.7022, 1299.763)]
[14.19, [440.0, 69.0, 29.0, 47.88, 343.97, 18.67, 286.22, 20.42, 169.89, 23.47, 124.87, 20.17], (130.3891, 522.1654, 1298.511)]
[21.02, [440.0, 69.0, 29.0, 43.79, 343.97, 18.67, 286.22, 20.42, 169.89, 23.47, 124.87, 20.17], (130.475, 521.6314, 1291.97)]
[23.88, [440.0, 69.0, 29.0, 30.04, 336.05, 18.67, 286.22, 20.42, 169.89, 23.47, 124.87, 20.17], (131.2896, 524.8869, 1290.916)]
[26.12, [440.0, 69.0, 29.0, 47.88, 343.97, 18.67, 286.22, 20.02, 169.89, 23.47, 124.87, 20.54], (132.0821, 525.8739, 1301.744)]
[29.57, [440.0, 69.0, 29.0, 47.88, 343.97, 18.67, 292.03, 20.44, 175.58, 23.47, 124.87, 20.17], (129.6844, 520.9119, 1294.785)]
[44.33, [440.0, 69.0, 29.0, 47.88, 343.97, 18.67, 286.22, 20.44, 169.89, 23.47, 124.87, 20.44], (129.4253, 518.1772, 1289.831)]
[50.71, [440.0, 69.0, 29.0, 43.79, 343.97, 18.67, 286.22, 20.44, 169.89, 23.47, 124.87, 20.44], (129.5099, 517.6409, 1283.066)]
[60.64, [440.0, 69.0, 29.0, 47.88, 361.32, 19.44, 280.1, 21.87, 214.12, 22.69, 136.61, 19.42], (131.7771, 539.1557, 1327.068)]
[63.37, [440.0, 69.0, 29.0, 47.88, 343.97, 18.67, 286.66, 20.42, 165.85, 23.73, 139.98, 20.13], (129.5603, 530.4912, 1342.986)]
[77.72, [440.0, 69.0, 29.0, 47.88, 361.32, 19.44, 272.48, 20.2, 169.89, 23.47, 124.87, 20.17], (131.7102, 514.3118, 1256.74)]
[104.72, [440.0, 69.0, 29.0, 43.79, 343.97, 18.67, 286.22, 22.23, 211.38, 22.69, 136.61, 19.65], (130.0123, 543.6956, 1364.738)]
[126.43, [440.0, 69.0, 29.0, 47.88, 343.97, 18.67, 286.22, 20.89, 169.89, 23.47, 124.87, 20.17], (126.9284, 511.6904, 1280.765)]
[136.96, [440.0, 69.0, 29.0, 47.88, 343.97, 18.67, 286.22, 20.42, 169.89, 23.47, 139.98, 20.17], (132.1346, 559.4873, 1356.972)]
[170.61, [440.0, 69.0, 29.0, 47.88, 361.32, 19.64, 286.22, 20.42, 169.89, 23.47, 124.87, 20.17], (128.3189, 500.331, 1222.207)]
[219.42, [440.0, 69.0, 29.0, 43.79, 343.97, 18.67, 286.22, 20.08, 169.89, 23.47, 136.61, 19.65], (135.8727, 548.2102, 1363.152)]
[238.74, [440.0, 69.0, 29.0, 47.88, 360.64, 19.9, 277.42, 22.11, 212.05, 23.47, 124.87, 20.17], (137.8218, 546.6981, 1302.328)]
[335.99, [440.0, 69.0, 29.0, 38.06, 360.64, 19.9, 277.42, 21.89, 212.05, 23.63, 136.61, 19.65], (121.8875, 510.3893, 1263.706)]
[355.29, [440.0, 69.0, 29.0, 47.88, 360.64, 19.9, 277.42, 22.37, 203.4, 22.69, 124.87, 20.17], (122.9846, 495.359, 1226.878)]
[378.19, [440.0, 69.0, 29.0, 47.88, 361.32, 19.44, 277.42, 21.87, 211.38, 23.73, 139.98, 20.13], (120.3889, 512.1121, 1287.913)]
[387.87, [440.0, 69.0, 29.0, 38.0, 361.32, 19.44, 277.42, 21.87, 211.38, 23.73, 139.98, 20.13], (120.632, 510.1855, 1270.391)]
[483.4, [440.0, 69.0, 29.0, 38.06, 360.64, 19.9, 277.42, 21.89, 212.05, 23.47, 124.87, 20.17], (120.5088, 493.5615, 1214.017)]
[559.67, [440.0, 69.0, 29.0, 47.88, 361.32, 19.44, 272.48, 21.75, 169.89, 23.47, 124.87, 20.17], (119.791, 480.6725, 1198.666)]
[697.32, [440.0, 69.0, 29.0, 50.81, 343.97, 18.67, 286.22, 20.37, 211.38, 22.69, 136.61, 19.65], (143.2656, 584.8, 1442.002)]
[1833.72, [440.0, 69.0, 29.0, 47.88, 343.97, 18.67, 286.22, 20.42, 169.89, 23.23, 124.87, 20.17], (134.7325, 884.6768, 2340.779)]
[2060.15, [440.0, 69.0, 29.0, 47.88, 343.97, 18.67, 286.22, 20.42, 169.89, 22.67, 135.97, 20.17], (139.2984, 1252.116, 1662.571)]
[5166.0, [440.0, 69.0, 29.0, 38.0, 361.32, 19.44, 280.1, 21.87, 206.55, 22.69, 136.61, 19.42], (80.1343, 131.2266, 532.3186)]
[11333.72, [440.0, 69.0, 29.0, 47.88, 361.32, 19.44, 277.42, 21.87, 211.38, 22.69, 124.87, 20.17], (28.60514, 135.4358, 1080.838)]
[85210.82, [440.0, 69.0, 29.0, 47.88, 343.97, 18.67, 286.22, 20.42, 169.89, 23.47, 124.87, 20.17], (539.1139, 1323.951, 2410.233)]

Population size: 30
Number of couples: 15
Number of kept parents: 0
Best parent kept: False
Mutation Probability: 0.05
Mutation range (x, y): 10, 0.5
Number of Parameters: 4
Length, Width, Height: [440, 69, 29]
Target Frequencies: (130.8, 523.2, 1308.0)

Written time: 28/03/2023 23:38:45