[112.26, [440.0, 69.0, 29.0, 74.36, 365.96, 19.29, 280.07, 20.93, 229.89, 23.58, 126.76, 19.03], (131.4175, 547.7176, 1366.375)]
[126.98, [440.0, 69.0, 29.0, 47.88, 358.8, 19.29, 280.1, 19.13, 169.11, 24.38, 150.45, 20.4], (132.6062, 542.7308, 1371.646)]
[145.31, [440.0, 69.0, 29.0, 47.88, 352.09, 19.44, 283.94, 21.87, 215.28, 23.47, 133.01, 18.88], (126.0496, 532.5057, 1331.162)]
[145.78, [440.0, 69.0, 29.0, 47.88, 361.32, 19.69, 280.1, 21.87, 214.12, 23.65, 139.17, 17.23], (128.5034, 550.6137, 1364.144)]
[180.87, [440.0, 69.0, 29.0, 58.18, 352.09, 19.44, 288.15, 21.87, 214.12, 23.33, 144.14, 19.17], (127.2764, 542.9304, 1383.27)]
[181.65, [440.0, 69.0, 29.0, 47.88, 336.07, 18.67, 280.1, 20.72, 169.89, 23.47, 86.97, 19.39], (128.0336, 501.7161, 1215.329)]
[246.38, [440.0, 69.0, 29.0, 75.06, 336.07, 18.67, 280.1, 20.92, 169.89, 23.47, 86.97, 19.6], (125.6401, 495.309, 1234.613)]
[281.22, [440.0, 69.0, 29.0, 47.88, 342.07, 16.82, 280.07, 20.93, 229.89, 23.58, 126.76, 19.59], (133.3494, 576.499, 1441.918)]
[307.12, [440.0, 69.0, 29.0, 47.88, 352.09, 19.44, 288.15, 21.87, 214.12, 23.47, 139.38, 20.4], (121.6306, 513.4944, 1297.945)]
[332.71, [440.0, 69.0, 29.0, 39.76, 343.97, 17.41, 280.1, 19.13, 169.11, 24.38, 150.45, 20.39], (135.4802, 574.2826, 1437.293)]
[340.47, [440.0, 69.0, 29.0, 74.36, 343.97, 17.41, 277.52, 20.93, 229.89, 23.58, 126.76, 19.59], (132.8279, 585.4227, 1495.146)]
[399.16, [440.0, 69.0, 29.0, 41.62, 343.02, 19.44, 288.15, 21.87, 214.12, 23.47, 144.14, 19.17], (127.144, 558.7991, 1566.058)]
[400.14, [440.0, 69.0, 29.0, 74.36, 365.96, 19.29, 280.07, 20.93, 229.89, 24.38, 150.45, 20.39], (121.706, 542.0183, 1396.264)]
[466.61, [440.0, 69.0, 29.0, 47.88, 358.8, 19.29, 280.1, 20.93, 229.89, 23.58, 126.76, 19.11], (131.9408, 665.8821, 1138.937)]
[469.91, [440.0, 69.0, 29.0, 55.15, 325.68, 17.41, 283.33, 19.13, 169.11, 24.38, 150.45, 20.39], (135.5996, 591.583, 1535.997)]
[631.13, [440.0, 69.0, 29.0, 35.98, 343.97, 17.41, 280.07, 21.23, 214.12, 22.69, 143.98, 19.59], (141.3624, 593.1995, 1455.856)]
[1064.11, [440.0, 69.0, 29.0, 39.76, 343.97, 17.41, 280.1, 19.13, 169.11, 23.58, 126.76, 20.4], (122.5631, 141.0872, 1371.487)]
[2249.2, [440.0, 69.0, 29.0, 47.88, 358.8, 19.29, 280.1, 20.93, 229.89, 23.58, 126.76, 20.4], (127.162, 1026.773, 2480.662)]
[2490.22, [440.0, 69.0, 29.0, 41.62, 343.02, 19.44, 283.94, 21.87, 215.28, 23.58, 131.54, 20.4], (120.8628, 1130.061, 2271.248)]
[2950.47, [440.0, 69.0, 29.0, 35.98, 343.97, 17.69, 280.07, 20.93, 229.89, 23.58, 126.76, 19.59], (103.5122, 132.7384, 563.9031)]
[2979.92, [440.0, 69.0, 29.0, 46.26, 343.02, 19.29, 286.22, 20.42, 169.89, 23.47, 133.01, 19.11], (148.5971, 1078.703, 2426.115)]
[5032.07, [440, 69, 29, 35.42, 333.82, 15.36, 220.75, 19.81, 152.84, 16.07, 92.28, 20.73], (80.62621, 207.3114, 461.6952)]
[5814.83, [440.0, 69.0, 29.0, 47.88, 299.7, 16.88, 228.36, 18.46, 171.0, 20.69, 133.01, 19.11], (192.7066, 751.3578, 1795.659)]
[7481.78, [440.0, 69.0, 29.0, 74.36, 365.96, 19.29, 280.07, 20.93, 229.89, 23.47, 133.01, 18.88], (60.87644, 116.4435, 486.7611)]
[8231.77, [440.0, 69.0, 29.0, 39.76, 343.97, 17.14, 280.07, 20.76, 169.28, 20.8, 111.07, 20.26], (53.77269, 154.0787, 574.7857)]
[9224.44, [440.0, 69.0, 29.0, 74.36, 365.96, 19.29, 280.07, 19.13, 169.11, 24.38, 150.45, 20.39], (40.31139, 264.5119, 1407.292)]
[9547.9, [440.0, 69.0, 29.0, 54.13, 307.79, 20.63, 256.43, 18.8, 184.08, 19.6, 133.01, 19.11], (183.5657, 2050.109, 3969.186)]
[10427.2, [440.0, 69.0, 29.0, 35.98, 336.07, 18.67, 280.1, 20.92, 169.89, 23.47, 86.97, 19.6], (38.83517, 126.3408, 493.7843)]
[81999.72, [440.0, 69.0, 29.0, 74.36, 365.96, 19.29, 280.07, 20.93, 229.89, 23.58, 126.76, 20.39], (528.4255, 1324.494, 2416.421)]
[168208.56, [440, 69, 29, 59.85, 311.71, 18.64, 234.96, 17.62, 194.8, 19.8, 143.78, 18.36], (775.196, 1876.026, 3231.27)]

Population size: 30
Number of couples: 14
Number of kept parents: 0
Best parent kept: False
Mutation Probability: 0.05
Mutation range (x, y): 5, 0.3
Number of Parameters: 4
Length, Width, Height: [440, 69, 29]
Target Frequencies: (130.8, 523.2, 1308.0)

Written time: 29/03/2023 02:36:21