[108.21, [440.0, 69.0, 29.0, 46.26, 343.02, 19.29, 286.22, 20.42, 169.89, 23.47, 133.01, 19.11], (133.5183, 537.5863, 1342.619)]
[111.57, [440.0, 69.0, 29.0, 47.88, 358.8, 19.29, 280.1, 19.13, 169.11, 24.38, 150.45, 20.39], (132.64, 542.8575, 1355.296)]
[117.94, [440.0, 69.0, 29.0, 74.36, 365.96, 19.29, 280.07, 20.93, 229.89, 23.58, 126.76, 20.4], (126.2566, 526.3699, 1322.755)]
[152.29, [440.0, 69.0, 29.0, 41.62, 343.02, 19.44, 283.94, 21.87, 215.28, 23.47, 133.01, 18.88], (126.7864, 538.6273, 1349.029)]
[172.31, [440.0, 69.0, 29.0, 47.88, 361.32, 19.69, 280.1, 21.87, 214.12, 23.47, 133.01, 19.11], (124.6507, 521.0514, 1292.478)]
[178.01, [440.0, 69.0, 29.0, 47.88, 352.09, 19.44, 288.15, 21.87, 214.12, 23.47, 144.14, 19.17], (126.0702, 537.9235, 1353.697)]
[204.17, [440.0, 69.0, 29.0, 35.98, 343.97, 17.41, 280.07, 20.93, 229.89, 23.58, 126.76, 19.59], (132.9918, 566.4805, 1393.159)]
[332.71, [440.0, 69.0, 29.0, 39.76, 343.97, 17.41, 280.1, 19.13, 169.11, 24.38, 150.45, 20.39], (135.4802, 574.2826, 1437.293)]
[429.1, [440.0, 69.0, 29.0, 39.76, 343.97, 18.67, 302.14, 21.87, 169.89, 23.31, 128.52, 19.68], (121.2656, 491.8159, 1236.065)]
[446.76, [440.0, 69.0, 29.0, 55.15, 325.68, 17.41, 283.33, 20.93, 229.89, 23.58, 126.76, 19.11], (135.2851, 592.5226, 1521.132)]
[507.03, [440.0, 69.0, 29.0, 39.76, 343.97, 18.67, 303.68, 21.87, 169.89, 23.58, 126.76, 19.11], (119.7714, 489.9241, 1233.77)]
[541.71, [440.0, 69.0, 29.0, 39.76, 343.97, 18.67, 286.22, 20.42, 169.89, 22.69, 143.98, 19.59], (141.8665, 565.1135, 1397.739)]
[615.8, [440.0, 69.0, 29.0, 47.88, 353.01, 19.44, 288.15, 21.87, 214.12, 23.47, 111.07, 20.26], (118.9054, 484.4104, 1180.008)]
[740.86, [440.0, 69.0, 29.0, 47.88, 342.07, 16.82, 280.07, 21.23, 214.12, 22.69, 143.98, 19.59], (142.0009, 605.3019, 1509.787)]
[1484.97, [440.0, 69.0, 29.0, 47.88, 352.09, 19.44, 288.15, 22.62, 135.63, 23.98, 133.01, 19.42], (107.3028, 438.2014, 1132.028)]
[2349.24, [440.0, 69.0, 29.0, 47.88, 336.07, 18.67, 280.1, 20.72, 169.89, 23.47, 86.97, 19.59], (127.5061, 1270.217, 2103.423)]
[2526.79, [440.0, 69.0, 29.0, 39.76, 343.97, 17.14, 280.07, 20.93, 171.0, 20.8, 111.07, 20.26], (155.9356, 732.0118, 2156.982)]
[2531.18, [440.0, 69.0, 29.0, 47.88, 342.07, 17.55, 280.07, 23.58, 135.63, 25.04, 126.76, 18.21], (94.60631, 423.2738, 1154.131)]
[3927.25, [440.0, 69.0, 29.0, 47.88, 342.07, 17.55, 280.07, 23.58, 135.63, 25.21, 126.76, 19.11], (92.58117, 188.8426, 412.2011)]
[4111.94, [440.0, 69.0, 29.0, 55.15, 325.68, 17.16, 280.07, 20.93, 229.89, 23.58, 126.76, 20.4], (150.7549, 1473.121, 2628.695)]
[4682.12, [440.0, 69.0, 29.0, 74.36, 336.07, 18.67, 280.1, 20.92, 169.89, 23.47, 86.97, 19.6], (188.0355, 646.3658, 1413.689)]
[4821.07, [440.0, 69.0, 29.0, 39.76, 343.97, 18.67, 286.22, 20.42, 169.89, 23.47, 144.73, 19.42], (187.7114, 748.7356, 1384.62)]
[5286.95, [440, 69, 29, 54.13, 309.84, 20.63, 256.43, 18.8, 184.08, 19.6, 139.17, 17.23], (189.0627, 720.1708, 1753.813)]
[5657.4, [440.0, 69.0, 29.0, 58.18, 299.7, 16.88, 228.36, 18.46, 229.89, 23.58, 126.76, 20.4], (69.15496, 714.0721, 1743.632)]
[10342.17, [440.0, 69.0, 29.0, 58.18, 299.7, 16.88, 228.36, 18.46, 171.0, 20.8, 133.01, 19.11], (36.69356, 192.0679, 757.2135)]
[27733.54, [440.0, 69.0, 29.0, 55.15, 328.48, 17.41, 283.33, 20.93, 229.89, 23.31, 130.08, 19.68], (312.3797, 1472.989, 2673.826)]
[78105.39, [440, 69, 29, 19.05, 315.34, 19.02, 235.64, 18.56, 176.2, 16.4, 114.85, 20.16], (517.3775, 1139.36, 2173.847)]
[91167.62, [440.0, 69.0, 29.0, 47.88, 342.07, 16.82, 280.07, 21.23, 214.12, 23.47, 144.73, 19.68], (556.9343, 1477.224, 2600.578)]
[99509.31, [440.0, 69.0, 29.0, 55.15, 325.68, 17.41, 283.33, 20.93, 229.89, 23.58, 126.76, 18.21], (585.1815, 1137.857, 2731.011)]
[331804.89, [440.0, 69.0, 29.0, 47.88, 336.07, 18.67, 280.1, 20.72, 169.89, 23.47, 86.97, 20.4], (1152.099, 2198.397, 3378.117)]

Population size: 30
Number of couples: 14
Number of kept parents: 0
Best parent kept: False
Mutation Probability: 0.05
Mutation range (x, y): 5, 0.3
Number of Parameters: 4
Length, Width, Height: [440, 69, 29]
Target Frequencies: (130.8, 523.2, 1308.0)

Written time: 29/03/2023 02:20:09