[7.94, [440.0, 69.0, 29.0, 47.88, 343.97, 18.67, 286.22, 20.37, 169.89, 23.47, 124.87, 20.17], (130.7501, 523.2339, 1300.244)]
[14.19, [440.0, 69.0, 29.0, 47.88, 343.97, 18.67, 286.22, 20.42, 169.89, 23.47, 124.87, 20.17], (130.3891, 522.1654, 1298.511)]
[17.07, [440.0, 69.0, 29.0, 47.88, 343.97, 18.67, 286.22, 20.44, 169.89, 23.47, 124.87, 20.17], (130.2449, 521.7551, 1297.959)]
[21.21, [440.0, 69.0, 29.0, 43.79, 343.97, 18.67, 286.22, 20.42, 169.89, 23.47, 124.87, 20.17], (130.475, 521.6313, 1291.781)]
[21.21, [440.0, 69.0, 29.0, 43.79, 343.97, 18.67, 286.22, 20.42, 169.89, 23.47, 124.87, 20.17], (130.475, 521.6313, 1291.781)]
[22.96, [440.0, 69.0, 29.0, 43.79, 343.97, 18.67, 286.22, 20.42, 169.89, 23.47, 124.87, 20.19], (130.4144, 521.3577, 1291.118)]
[23.64, [440.0, 69.0, 29.0, 43.79, 343.97, 18.67, 286.22, 20.42, 169.89, 23.47, 124.87, 19.67], (131.9391, 528.0892, 1306.298)]
[40.23, [440.0, 69.0, 29.0, 47.88, 361.32, 19.44, 277.42, 21.87, 211.38, 22.69, 136.61, 19.65], (131.0394, 535.7864, 1321.883)]
[41.43, [440.0, 69.0, 29.0, 38.0, 361.32, 19.44, 280.1, 21.87, 214.12, 22.69, 136.61, 19.42], (132.0158, 537.0631, 1308.302)]
[44.33, [440.0, 69.0, 29.0, 47.88, 343.97, 18.67, 286.22, 20.44, 169.89, 23.47, 124.87, 20.44], (129.4253, 518.1772, 1289.831)]
[47.19, [440.0, 69.0, 29.0, 30.04, 343.97, 18.67, 286.22, 20.42, 169.89, 23.47, 124.87, 20.17], (130.9073, 519.4105, 1268.741)]
[50.21, [440.0, 69.0, 29.0, 47.88, 349.87, 18.67, 286.75, 20.42, 169.89, 23.73, 139.98, 20.13], (129.3508, 528.6464, 1329.87)]
[58.82, [440.0, 69.0, 29.0, 47.88, 361.32, 19.44, 272.48, 21.87, 211.38, 22.69, 136.61, 19.65], (131.4402, 538.8941, 1330.307)]
[70.85, [440.0, 69.0, 29.0, 47.88, 361.32, 19.44, 277.42, 20.42, 165.85, 23.73, 139.98, 20.13], (128.7761, 514.7242, 1282.891)]
[99.6, [440.0, 69.0, 29.0, 47.88, 343.97, 18.67, 286.22, 20.42, 169.89, 23.47, 139.98, 20.13], (132.2538, 538.9954, 1358.485)]
[109.39, [440.0, 69.0, 29.0, 47.88, 343.97, 18.67, 286.22, 20.42, 169.89, 23.47, 124.87, 20.17], (130.3891, 522.4886, 1413.331)]
[123.42, [440.0, 69.0, 29.0, 43.79, 343.97, 19.06, 286.22, 20.42, 164.13, 23.69, 124.87, 20.17], (127.766, 509.4507, 1264.929)]
[378.19, [440.0, 69.0, 29.0, 47.88, 361.32, 19.44, 277.42, 21.87, 211.38, 23.73, 139.98, 20.13], (120.3889, 512.1121, 1287.913)]
[568.84, [440.0, 69.0, 29.0, 38.06, 360.64, 19.9, 277.42, 21.89, 212.05, 23.63, 124.87, 20.17], (119.0244, 490.3709, 1208.907)]
[692.75, [440.0, 69.0, 29.0, 43.79, 343.97, 18.67, 286.22, 20.42, 169.89, 22.36, 135.97, 19.33], (144.5826, 567.3602, 1400.749)]
[912.71, [440.0, 69.0, 29.0, 47.88, 360.64, 19.9, 277.42, 22.37, 211.38, 22.69, 136.61, 19.65], (126.1335, 203.5199, 1135.456)]
[1148.35, [440.0, 69.0, 29.0, 47.88, 360.64, 19.9, 277.42, 22.11, 212.05, 22.67, 135.97, 20.17], (127.1391, 686.1775, 2060.354)]
[1602.2, [440.0, 69.0, 29.0, 47.88, 349.87, 18.67, 286.75, 20.42, 169.89, 22.69, 136.61, 19.65], (121.7379, 140.3433, 744.3165)]
[2578.48, [440.0, 69.0, 29.0, 47.88, 349.87, 18.67, 286.75, 21.87, 211.38, 22.69, 136.61, 19.65], (132.3105, 1345.642, 2223.03)]
[7939.54, [440.0, 69.0, 29.0, 47.88, 343.97, 18.67, 292.03, 20.44, 169.89, 23.47, 124.87, 20.17], (51.36449, 129.7743, 1235.13)]
[50568.17, [440.0, 69.0, 29.0, 38.0, 361.32, 18.67, 286.22, 20.42, 211.38, 22.69, 128.33, 19.65], (415.1232, 1311.533, 2357.252)]
[72644.28, [440.0, 69.0, 29.0, 47.88, 343.97, 18.67, 286.22, 20.44, 169.89, 23.47, 124.87, 20.17], (495.1758, 1437.22, 2569.894)]
[79824.92, [440.0, 69.0, 29.0, 47.88, 343.97, 18.67, 286.22, 20.42, 169.89, 23.47, 124.87, 20.17], (521.4309, 1298.118, 2377.294)]
[80889.26, [440.0, 69.0, 29.0, 47.88, 361.32, 19.44, 285.67, 21.87, 212.05, 22.67, 135.97, 20.17], (525.027, 1304.519, 2360.254)]
[90181.19, [440.0, 69.0, 29.0, 47.88, 361.32, 18.67, 286.22, 20.42, 211.38, 22.69, 128.33, 19.65], (555.194, 1347.465, 2411.989)]

Population size: 30
Number of couples: 15
Number of kept parents: 0
Best parent kept: False
Mutation Probability: 0.05
Mutation range (x, y): 10, 0.5
Number of Parameters: 4
Length, Width, Height: [440, 69, 29]
Target Frequencies: (130.8, 523.2, 1308.0)

Written time: 28/03/2023 23:23:40