[24.18, [440.0, 69.0, 29.0, 43.37, 340.29, 18.63, 284.82, 20.42, 177.71, 23.47, 126.95, 20.32], (130.8032, 529.912, 1318.751)]
[58.39, [440.0, 69.0, 29.0, 38.89, 347.04, 18.63, 284.82, 20.42, 171.98, 23.47, 117.57, 19.93], (130.6472, 517.1751, 1262.26)]
[65.24, [440.0, 69.0, 29.0, 50.96, 333.88, 18.63, 284.82, 20.42, 162.56, 23.47, 129.29, 20.13], (131.567, 532.4255, 1348.072)]
[96.2, [440.0, 69.0, 29.0, 44.78, 334.45, 18.47, 284.82, 20.42, 173.15, 23.43, 123.43, 19.76], (132.9004, 538.4263, 1343.303)]
[129.99, [440.0, 69.0, 29.0, 44.78, 334.2, 18.63, 284.51, 20.37, 167.19, 23.38, 127.96, 19.8], (133.8344, 540.0411, 1351.447)]
[42.36, [440.0, 69.0, 29.0, 42.72, 341.4, 18.73, 283.69, 20.33, 167.89, 23.44, 127.72, 20.05], (132.4333, 530.1374, 1315.611)]
[64.26, [440.0, 69.0, 29.0, 51.79, 346.88, 18.76, 279.25, 20.44, 170.87, 23.22, 128.13, 20.34], (133.0435, 530.8854, 1323.282)]
[69.76, [440.0, 69.0, 29.0, 46.59, 335.98, 18.41, 281.76, 20.82, 185.68, 23.54, 121.12, 20.0], (128.6449, 530.5744, 1331.377)]
[104.54, [440.0, 69.0, 29.0, 44.49, 350.87, 18.68, 289.32, 20.11, 168.84, 23.49, 110.75, 20.04], (130.7173, 509.1827, 1231.736)]
[128.18, [440.0, 69.0, 29.0, 40.19, 337.19, 18.47, 281.14, 20.56, 176.52, 23.36, 133.03, 20.12], (133.0898, 544.1016, 1359.731)]
[137.83, [440.0, 69.0, 29.0, 38.26, 332.51, 18.42, 293.83, 20.56, 165.19, 23.67, 123.74, 20.49], (126.3805, 511.1563, 1287.171)]
[234.54, [440.0, 69.0, 29.0, 56.99, 324.85, 18.55, 275.5, 20.59, 179.38, 23.35, 119.34, 19.56], (134.2874, 555.132, 1413.547)]
[353.86, [440.0, 69.0, 29.0, 43.58, 340.01, 18.34, 272.16, 19.83, 162.15, 23.19, 124.29, 20.26], (139.5459, 549.6287, 1350.359)]
[6205.35, [440.0, 69.0, 29.0, 47.85, 352.13, 18.51, 291.52, 20.77, 165.88, 23.64, 123.48, 20.06], (58.7137, 509.1034, 1251.232)]
[23276.27, [440.0, 69.0, 29.0, 32.66, 344.56, 18.13, 283.47, 20.22, 176.25, 23.23, 123.44, 19.88], (293.1914, 1291.058, 2354.55)]

Population size: 10
Number of couples: 5
Number of kept parents: 0
Best parent kept: False
Mutation Probability: 1
Mutation range (x, y): 10, 0.4
Number of Parameters: 4
Length, Width, Height: [440, 69, 29]
Target Frequencies: (130.8, 523.2, 1308.0)

Written time: 29/03/2023 12:07:08