[14.19, [440.0, 69.0, 29.0, 47.88, 343.97, 18.67, 286.22, 20.42, 169.89, 23.47, 124.87, 20.17], (130.3891, 522.1654, 1298.511)]
[21.07, [440.0, 69.0, 29.0, 45.82, 360.64, 19.9, 277.42, 21.87, 212.26, 22.69, 135.37, 19.65], (130.2701, 529.3887, 1303.161)]
[22.17, [440.0, 69.0, 29.0, 45.82, 361.32, 19.9, 277.42, 21.86, 212.05, 22.69, 135.37, 19.65], (130.2794, 528.9281, 1301.04)]
[23.55, [440.0, 69.0, 29.0, 42.91, 365.32, 19.44, 276.22, 21.97, 210.27, 22.64, 137.04, 19.65], (130.5957, 531.1389, 1301.253)]
[24.76, [440.0, 69.0, 29.0, 44.77, 365.32, 19.49, 277.42, 22.03, 212.05, 22.67, 139.86, 19.7], (130.0208, 531.9952, 1307.712)]
[27.06, [440.0, 69.0, 29.0, 39.02, 365.88, 19.36, 277.57, 22.03, 212.05, 22.77, 139.98, 19.27], (130.6485, 536.1612, 1308.545)]
[27.36, [440.0, 69.0, 29.0, 42.91, 365.32, 19.35, 275.96, 21.87, 210.38, 22.69, 133.69, 19.66], (130.6872, 529.7471, 1294.109)]
[31.23, [440.0, 69.0, 29.0, 47.26, 365.32, 19.44, 277.42, 21.87, 212.05, 22.72, 135.09, 19.65], (130.4107, 530.6851, 1294.172)]
[32.68, [440.0, 69.0, 29.0, 38.7, 365.32, 19.44, 278.11, 21.87, 212.05, 22.69, 135.37, 19.65], (130.8732, 529.5366, 1288.194)]
[33.34, [440.0, 69.0, 29.0, 38.0, 361.32, 19.44, 277.42, 21.83, 213.72, 22.71, 135.37, 19.65], (131.485, 534.1882, 1302.303)]
[38.38, [440.0, 69.0, 29.0, 37.73, 361.32, 19.44, 277.42, 21.87, 211.81, 22.69, 135.37, 20.13], (129.7523, 525.5231, 1284.988)]
[53.92, [440.0, 69.0, 29.0, 47.39, 364.04, 19.4, 278.1, 22.03, 211.59, 22.67, 139.05, 19.27], (131.193, 539.1396, 1327.578)]
[58.13, [440.0, 69.0, 29.0, 47.42, 365.32, 19.37, 275.72, 22.03, 212.01, 22.69, 135.37, 20.15], (128.2888, 523.0455, 1289.971)]
[60.62, [440.0, 69.0, 29.0, 45.67, 359.98, 19.9, 279.21, 21.85, 212.05, 22.7, 135.37, 19.72], (130.0258, 527.8546, 1263.501)]
[60.67, [440.0, 69.0, 29.0, 47.11, 366.09, 19.44, 276.92, 21.87, 212.05, 23.01, 136.47, 19.58], (128.1404, 527.4582, 1299.22)]
[63.63, [440.0, 69.0, 29.0, 37.73, 365.32, 19.44, 277.42, 22.03, 212.05, 22.71, 139.05, 20.15], (128.5331, 522.8759, 1279.148)]
[69.61, [440.0, 69.0, 29.0, 39.07, 365.32, 19.43, 277.42, 21.92, 212.97, 22.64, 130.79, 20.07], (129.3216, 519.5529, 1263.664)]
[70.83, [440.0, 69.0, 29.0, 47.26, 361.32, 19.35, 277.42, 21.87, 211.3, 22.69, 135.81, 19.32], (132.0374, 540.5787, 1330.312)]
[78.44, [440.0, 69.0, 29.0, 47.88, 344.16, 18.63, 284.82, 20.42, 168.2, 23.47, 126.8, 20.13], (130.8911, 542.205, 1348.151)]
[91.09, [440.0, 69.0, 29.0, 42.9, 365.32, 19.42, 277.98, 21.87, 210.07, 22.74, 131.71, 20.13], (128.3356, 517.7035, 1266.586)]
[120.79, [440.0, 69.0, 29.0, 38.0, 365.32, 19.53, 277.42, 22.11, 212.05, 22.67, 134.28, 20.15], (127.5803, 515.7671, 1259.851)]
[473.12, [440.0, 69.0, 29.0, 43.79, 365.32, 19.44, 275.87, 21.87, 211.38, 22.69, 135.97, 19.65], (141.5374, 562.5884, 1350.5)]
[3934.06, [440.0, 69.0, 29.0, 41.97, 363.97, 19.44, 277.42, 22.08, 212.76, 22.58, 140.09, 19.73], (158.4517, 1260.48, 2313.435)]
[4382.98, [440, 69, 29, 25.02, 310.22, 21.4, 267.75, 21.19, 188.12, 14.92, 138.95, 22.27], (184.3784, 641.6042, 1532.384)]
[12031.18, [440.0, 69.0, 29.0, 42.91, 365.32, 19.44, 277.2, 22.03, 212.08, 22.66, 139.05, 19.65], (22.69829, 130.6419, 1301.488)]
[13153.86, [440.0, 69.0, 29.0, 42.91, 366.87, 19.34, 276.18, 21.87, 212.05, 23.52, 126.8, 20.13], (20.77645, 120.9484, 499.2436)]
[81131.2, [440.0, 69.0, 29.0, 47.88, 344.14, 18.55, 284.82, 20.42, 168.2, 23.47, 127.27, 20.17], (525.7133, 1308.671, 2389.405)]
[86574.25, [440.0, 69.0, 29.0, 48.66, 343.71, 18.63, 284.81, 20.42, 168.2, 22.69, 135.37, 19.65], (542.8226, 1387.027, 2520.852)]
[86806.0, [440.0, 69.0, 29.0, 47.26, 361.32, 19.44, 278.7, 21.87, 212.05, 22.77, 139.17, 19.19], (544.2862, 1341.731, 2397.17)]
[344063.07, [440.0, 69.0, 29.0, 38.0, 361.32, 19.8, 277.42, 21.8, 212.01, 22.74, 135.37, 19.65], (1181.997, 1351.881, 2892.848)]

Population size: 30
Number of couples: 14
Number of kept parents: 0
Best parent kept: True
Mutation Probability: 0.5
Mutation range (x, y): 2, 0.1
Number of Parameters: 4
Length, Width, Height: [440, 69, 29]
Target Frequencies: (130.8, 523.2, 1308.0)

Written time: 28/03/2023 20:47:02