[64.64, [440.0, 69.0, 29.0, 34.88, 361.73, 20.49, 280.56, 20.27, 202.41, 23.83, 133.28, 19.65], (129.532, 520.6725, 1260.17)]
[260.29, [440.0, 69.0, 29.0, 34.88, 345.58, 18.32, 262.55, 19.06, 148.37, 24.06, 80.06, 21.95], (128.4156, 483.7845, 1123.948)]
[302.08, [440.0, 69.0, 29.0, 48.12, 361.73, 20.49, 280.56, 20.27, 202.41, 22.77, 133.28, 19.65], (139.0185, 543.2761, 1261.602)]
[380.57, [440.0, 69.0, 29.0, 44.1, 364.3, 18.78, 277.42, 19.13, 133.55, 22.99, 74.28, 21.96], (135.6032, 476.8712, 1079.027)]
[393.35, [440.0, 69.0, 29.0, 60.74, 319.8, 20.55, 250.48, 18.98, 195.77, 24.38, 101.5, 22.78], (120.2952, 505.3379, 1272.986)]
[463.52, [440.0, 69.0, 29.0, 79.73, 318.91, 22.46, 275.57, 18.95, 149.73, 22.43, 93.61, 20.53], (142.9985, 513.4271, 1280.303)]
[535.67, [440.0, 69.0, 29.0, 42.32, 334.87, 18.32, 280.09, 19.13, 148.37, 22.32, 74.28, 21.96], (142.4677, 512.0203, 1182.06)]
[672.98, [440.0, 69.0, 29.0, 33.97, 364.3, 17.77, 277.42, 19.13, 133.55, 22.32, 74.28, 21.96], (143.7196, 499.9357, 1122.661)]
[673.41, [440.0, 69.0, 29.0, 42.32, 334.87, 18.32, 280.09, 19.13, 148.37, 22.32, 74.28, 20.99], (145.6907, 524.8162, 1210.812)]
[753.24, [440.0, 69.0, 29.0, 38.95, 358.66, 17.77, 277.42, 21.56, 212.05, 21.9, 135.37, 19.57], (143.82, 685.4865, 1429.153)]
[900.2, [440.0, 69.0, 29.0, 48.12, 361.73, 19.91, 238.3, 19.52, 188.54, 21.16, 82.83, 21.96], (149.5915, 528.1743, 1227.368)]
[948.39, [440.0, 69.0, 29.0, 35.38, 334.87, 18.32, 275.57, 19.06, 148.37, 22.43, 80.06, 21.96], (149.9581, 524.1189, 1199.074)]
[1118.25, [440.0, 69.0, 29.0, 48.12, 338.16, 18.32, 280.09, 19.06, 158.26, 21.16, 71.88, 22.02], (152.7136, 535.3441, 1227.714)]
[1143.58, [440.0, 69.0, 29.0, 13.69, 314.18, 19.91, 238.3, 19.63, 200.19, 21.16, 82.92, 21.96], (153.7485, 558.7772, 1299.338)]
[1692.8, [440.0, 69.0, 29.0, 13.69, 314.18, 21.37, 280.56, 18.85, 189.21, 21.94, 135.37, 19.65], (159.0905, 596.9373, 1422.324)]
[1785.73, [440.0, 69.0, 29.0, 60.98, 345.58, 17.83, 280.09, 17.77, 158.26, 21.16, 72.52, 21.93], (161.7013, 562.2547, 1279.099)]
[2052.8, [440.0, 69.0, 29.0, 54.94, 333.53, 20.16, 279.68, 14.2, 205.4, 21.16, 80.95, 21.96], (108.9318, 173.8304, 627.207)]
[3294.88, [440.0, 69.0, 29.0, 60.98, 345.58, 18.32, 268.03, 19.06, 148.37, 24.06, 80.06, 21.08], (171.8369, 507.9981, 1958.851)]
[3756.98, [440.0, 69.0, 29.0, 66.6, 322.82, 22.46, 284.85, 15.14, 163.81, 22.27, 86.96, 17.11], (180.4724, 625.2233, 1462.116)]
[3943.43, [440.0, 69.0, 29.0, 38.68, 364.3, 17.52, 286.77, 19.51, 198.27, 16.96, 133.56, 23.72], (182.4474, 620.409, 1442.525)]
[4263.38, [440, 69, 29, 18.62, 343.61, 15.76, 256.77, 21.36, 210.8, 19.11, 128.83, 17.7], (183.2588, 697.6485, 1597.418)]
[4403.91, [440.0, 69.0, 29.0, 35.38, 334.87, 18.32, 284.85, 14.5, 163.81, 23.07, 86.96, 16.08], (186.9966, 647.4336, 1374.932)]
[4610.47, [440.0, 69.0, 29.0, 66.6, 318.91, 22.46, 284.85, 14.5, 163.81, 22.39, 86.96, 16.08], (187.5033, 650.7518, 1521.067)]
[7298.5, [440.0, 69.0, 29.0, 34.88, 345.58, 19.26, 280.09, 19.06, 158.26, 21.16, 81.59, 21.93], (58.32903, 152.3379, 549.8095)]
[8675.33, [440, 69, 29, 22.76, 358.06, 20.89, 228.03, 16.22, 149.46, 16.16, 101.67, 18.98], (219.1723, 689.505, 1509.45)]
[8701.26, [440.0, 69.0, 29.0, 48.12, 350.32, 20.49, 280.56, 20.27, 202.41, 22.09, 133.28, 19.65], (47.66397, 145.8425, 564.3525)]
[76284.59, [440.0, 69.0, 29.0, 60.74, 319.8, 21.97, 264.8, 19.91, 195.77, 23.56, 101.5, 22.78], (511.7601, 1308.924, 2450.311)]
[94497.01, [440, 69, 29, 43.5, 313.92, 22.71, 282.72, 16.36, 189.14, 21.95, 86.59, 15.18], (570.0417, 1560.353, 2711.17)]
[98451.74, [440.0, 69.0, 29.0, 13.69, 321.18, 19.91, 281.71, 18.85, 181.68, 21.53, 99.28, 18.83], (584.0298, 1367.151, 2426.814)]
[216467.27, [440.0, 69.0, 29.0, 35.38, 337.71, 16.95, 275.57, 19.06, 148.37, 22.43, 80.06, 21.96], (902.2789, 1799.222, 2217.053)]

Population size: 30
Number of couples: 13
Number of kept parents: 0
Best parent kept: True
Mutation Probability: 0.2
Mutation range (x, y): 15, 1.5
Number of Parameters: 4
Length, Width, Height: [440, 69, 29]
Target Frequencies: (130.8, 523.2, 1308.0)

Written time: 28/03/2023 14:50:57