[24.23, [440.0, 69.0, 29.0, 45.79, 343.97, 19.07, 286.22, 20.02, 187.24, 23.47, 124.87, 20.54], (131.7894, 530.0564, 1307.322)]
[33.49, [440.0, 69.0, 29.0, 47.88, 343.97, 18.67, 286.22, 21.47, 169.89, 22.67, 135.97, 20.17], (131.1693, 527.818, 1330.009)]
[33.67, [440.0, 69.0, 29.0, 47.88, 361.32, 19.44, 280.1, 21.87, 214.12, 22.69, 126.76, 19.68], (129.8701, 524.4701, 1285.841)]
[37.68, [440.0, 69.0, 29.0, 47.88, 343.97, 18.15, 286.22, 20.72, 169.89, 23.47, 124.87, 20.17], (128.8199, 521.1031, 1302.379)]
[58.24, [440.0, 69.0, 29.0, 47.88, 361.32, 19.44, 280.1, 21.87, 214.12, 22.69, 146.63, 20.9], (128.4372, 528.9409, 1318.44)]
[60.5, [440.0, 69.0, 29.0, 47.88, 343.97, 18.67, 281.97, 20.21, 169.89, 23.47, 111.09, 20.17], (130.9629, 515.916, 1262.723)]
[69.65, [440.0, 69.0, 29.0, 39.76, 343.5, 18.67, 286.22, 20.42, 153.25, 23.47, 124.87, 20.17], (130.3274, 512.268, 1263.463)]
[78.04, [440.0, 69.0, 29.0, 47.88, 352.16, 18.67, 284.48, 20.42, 162.82, 23.47, 144.42, 20.13], (132.38, 534.5765, 1343.426)]
[78.15, [440.0, 69.0, 29.0, 47.88, 352.5, 18.67, 303.48, 20.42, 171.14, 23.47, 132.67, 20.17], (128.9299, 514.1726, 1273.476)]
[83.92, [440.0, 69.0, 29.0, 50.43, 368.71, 19.64, 286.22, 20.42, 169.89, 23.47, 139.98, 20.13], (129.6595, 511.1875, 1260.28)]
[91.37, [440.0, 69.0, 29.0, 47.88, 362.15, 18.67, 286.22, 20.37, 169.89, 23.47, 124.87, 20.17], (129.892, 511.4067, 1248.866)]
[129.73, [440.0, 69.0, 29.0, 55.35, 343.97, 18.67, 286.22, 20.56, 152.42, 23.47, 124.87, 20.61], (127.77, 504.8789, 1267.651)]
[130.06, [440.0, 69.0, 29.0, 47.88, 343.97, 19.88, 286.66, 20.42, 146.84, 23.73, 139.98, 20.13], (127.4514, 504.2552, 1277.104)]
[137.77, [440.0, 69.0, 29.0, 47.88, 343.97, 18.67, 280.07, 20.89, 169.89, 23.47, 143.98, 19.42], (131.8126, 546.2895, 1389.399)]
[155.05, [440.0, 69.0, 29.0, 48.07, 343.97, 18.67, 286.22, 20.42, 169.89, 23.47, 124.87, 21.3], (126.7974, 507.0637, 1265.303)]
[165.4, [440.0, 69.0, 29.0, 47.88, 361.32, 20.51, 280.1, 21.87, 214.12, 22.69, 116.87, 19.42], (127.7776, 505.6013, 1230.346)]
[212.27, [440.0, 69.0, 29.0, 47.88, 343.97, 18.67, 292.03, 20.44, 175.58, 23.47, 124.87, 21.42], (125.5144, 503.5787, 1256.494)]
[224.5, [440.0, 69.0, 29.0, 47.88, 331.82, 18.67, 286.22, 20.37, 169.89, 23.47, 124.87, 18.79], (135.3626, 550.452, 1380.535)]
[245.88, [440.0, 69.0, 29.0, 32.33, 343.97, 18.67, 281.26, 19.49, 169.89, 23.47, 124.87, 20.13], (138.1947, 542.9491, 1313.301)]
[396.96, [440.0, 69.0, 29.0, 47.88, 343.97, 18.67, 286.22, 20.42, 160.8, 23.47, 124.87, 20.17], (130.2312, 588.5507, 1569.968)]
[475.25, [440.0, 69.0, 29.0, 38.0, 361.32, 19.44, 265.53, 21.87, 211.38, 23.73, 124.87, 20.17], (119.9336, 500.6826, 1235.99)]
[612.19, [440.0, 69.0, 29.0, 47.88, 361.32, 19.44, 272.48, 18.8, 169.89, 23.47, 140.53, 20.17], (143.9548, 560.2262, 1369.022)]
[702.35, [440.0, 69.0, 29.0, 47.88, 343.97, 19.44, 274.19, 20.2, 169.89, 24.67, 124.87, 21.47], (116.5768, 483.0971, 1222.264)]
[725.94, [440.0, 69.0, 29.0, 43.79, 343.7, 18.67, 286.22, 20.08, 181.22, 22.58, 136.61, 19.65], (144.8454, 573.5984, 1406.76)]
[744.65, [440.0, 69.0, 29.0, 30.04, 336.05, 18.67, 289.84, 20.16, 169.89, 22.05, 127.65, 20.17], (146.6015, 559.9646, 1350.998)]
[7773.71, [440.0, 69.0, 29.0, 47.88, 361.32, 19.44, 272.48, 20.42, 169.89, 24.4, 124.87, 20.13], (196.8963, 1241.857, 2270.79)]
[8267.35, [440.0, 69.0, 29.0, 43.79, 342.32, 20.05, 286.22, 20.37, 211.38, 22.69, 136.61, 19.65], (48.32302, 606.5765, 697.7)]
[10677.48, [440.0, 69.0, 29.0, 47.88, 343.97, 17.59, 286.22, 19.39, 169.89, 23.47, 124.87, 20.44], (36.05816, 152.4054, 593.8495)]
[11894.18, [440.0, 69.0, 29.0, 47.88, 334.53, 18.67, 292.03, 20.44, 175.58, 23.47, 124.87, 20.17], (28.62653, 130.1562, 527.696)]
[12398.77, [440.0, 69.0, 29.0, 47.88, 354.11, 18.67, 299.47, 20.42, 169.89, 23.47, 124.87, 20.66], (25.54028, 126.9316, 501.0101)]

Population size: 30
Number of couples: 15
Number of kept parents: 0
Best parent kept: False
Mutation Probability: 0.25
Mutation range (x, y): 20, 1.5
Number of Parameters: 4
Length, Width, Height: [440, 69, 29]
Target Frequencies: (130.8, 523.2, 1308.0)

Written time: 29/03/2023 00:29:53