[22.92, [440.0, 69.0, 29.0, 42.91, 365.32, 19.3, 277.42, 21.87, 212.05, 22.69, 135.37, 19.65], (131.0451, 533.8147, 1307.526)]
[26.33, [440.0, 69.0, 29.0, 42.91, 365.32, 19.44, 277.42, 21.87, 212.05, 22.69, 135.37, 19.65], (130.81, 530.8125, 1296.906)]
[26.33, [440.0, 69.0, 29.0, 42.91, 365.32, 19.44, 277.42, 21.87, 212.05, 22.69, 135.37, 19.65], (130.81, 530.8125, 1296.906)]
[27.16, [440.0, 69.0, 29.0, 42.91, 365.32, 19.52, 277.42, 21.87, 212.05, 22.69, 135.37, 19.65], (130.6744, 529.8514, 1294.585)]
[28.87, [440.0, 69.0, 29.0, 42.91, 365.32, 19.11, 277.42, 22.03, 212.05, 22.69, 135.37, 19.65], (130.1338, 531.3981, 1300.965)]
[28.96, [440.0, 69.0, 29.0, 47.26, 361.32, 19.44, 277.42, 21.87, 212.05, 22.69, 135.37, 20.15], (129.4884, 527.4157, 1302.497)]
[32.25, [440.0, 69.0, 29.0, 42.91, 365.32, 19.44, 277.42, 22.03, 212.05, 22.77, 139.05, 19.27], (130.346, 535.5396, 1312.511)]
[32.48, [440.0, 69.0, 29.0, 42.91, 365.32, 19.44, 277.42, 22.03, 212.5, 22.77, 139.05, 19.27], (130.3881, 535.7515, 1312.734)]
[33.59, [440.0, 69.0, 29.0, 38.0, 365.32, 19.44, 277.42, 21.87, 212.05, 22.69, 135.37, 19.65], (130.9492, 529.8311, 1288.252)]
[33.65, [440.0, 69.0, 29.0, 47.11, 365.32, 19.44, 277.42, 21.87, 213.5, 22.94, 135.37, 19.27], (129.6796, 533.1954, 1309.803)]
[36.88, [440.0, 69.0, 29.0, 42.91, 365.32, 19.44, 277.42, 21.87, 212.05, 22.94, 135.37, 19.27], (129.6237, 531.3942, 1300.263)]
[36.92, [440.0, 69.0, 29.0, 42.91, 370.1, 19.52, 277.42, 22.03, 212.05, 22.77, 139.05, 19.27], (129.8949, 530.9615, 1295.209)]
[42.45, [440.0, 69.0, 29.0, 38.95, 365.32, 19.44, 277.42, 22.03, 212.05, 22.69, 135.37, 19.65], (129.6888, 526.6433, 1284.153)]
[44.25, [440.0, 69.0, 29.0, 42.91, 365.32, 19.44, 277.42, 21.87, 212.05, 22.69, 135.37, 20.15], (129.3317, 523.5513, 1282.248)]
[80.91, [440.0, 69.0, 29.0, 25.46, 327.4, 19.44, 277.42, 22.19, 212.05, 22.69, 131.76, 20.15], (129.7241, 539.5284, 1345.094)]
[82.68, [440.0, 69.0, 29.0, 38.62, 365.32, 19.44, 277.42, 21.87, 212.05, 22.69, 130.79, 20.13], (128.9792, 518.0568, 1260.175)]
[155.49, [440, 69, 29, 60.6, 359.7, 18.69, 244.45, 22.67, 168.97, 22.56, 133.64, 19.71], (125.4305, 520.7951, 1334.255)]
[157.03, [440.0, 69.0, 29.0, 47.88, 343.71, 19.06, 275.22, 22.61, 214.93, 22.69, 135.37, 19.65], (127.6449, 541.7764, 1371.833)]
[182.44, [440.0, 69.0, 29.0, 40.67, 361.79, 19.21, 275.22, 22.61, 214.98, 22.69, 135.37, 20.1], (124.9925, 516.8505, 1278.211)]
[187.64, [440.0, 69.0, 29.0, 38.95, 361.79, 18.75, 276.13, 22.84, 209.44, 22.69, 135.37, 19.65], (124.5136, 519.4034, 1285.571)]
[197.36, [440.0, 69.0, 29.0, 38.95, 361.79, 18.75, 276.13, 22.84, 208.0, 22.69, 135.37, 19.65], (124.3501, 518.4757, 1283.898)]
[537.78, [440.0, 69.0, 29.0, 38.95, 359.0, 18.63, 288.51, 20.42, 212.05, 22.69, 135.37, 19.65], (141.9045, 570.2951, 1381.549)]
[1049.17, [440.0, 69.0, 29.0, 42.91, 361.79, 19.21, 275.22, 22.61, 214.98, 22.69, 135.37, 20.1], (124.9267, 623.3115, 2014.608)]
[1895.08, [440.0, 69.0, 29.0, 42.91, 361.32, 19.65, 277.42, 21.87, 212.05, 22.69, 135.37, 19.65], (108.0675, 134.7938, 1273.583)]
[6251.11, [440.0, 69.0, 29.0, 42.91, 361.32, 19.44, 277.42, 21.87, 212.05, 22.17, 135.37, 19.65], (70.24819, 135.7198, 543.6908)]
[10417.84, [440.0, 69.0, 29.0, 42.91, 365.32, 20.14, 262.66, 17.98, 205.25, 15.98, 145.92, 14.6], (227.1577, 784.8066, 1743.967)]
[12413.29, [440.0, 69.0, 29.0, 40.67, 365.32, 19.44, 277.42, 22.03, 212.05, 22.57, 135.37, 19.65], (22.46481, 130.7449, 955.6002)]
[13129.36, [440.0, 69.0, 29.0, 42.91, 363.22, 19.03, 277.42, 21.41, 212.05, 22.77, 101.5, 19.65], (20.73639, 130.5317, 510.8785)]
[76595.48, [440.0, 69.0, 29.0, 29.51, 361.79, 18.36, 277.42, 22.39, 207.09, 22.57, 135.37, 19.65], (510.8957, 1279.04, 2288.182)]
[79627.57, [440.0, 69.0, 29.0, 42.91, 365.32, 19.52, 277.42, 21.87, 216.8, 22.69, 135.37, 19.8], (520.9659, 1301.386, 2311.218)]

Population size: 30
Number of couples: 14
Number of kept parents: 0
Best parent kept: True
Mutation Probability: 0.08
Mutation range (x, y): 5, 0.5
Number of Parameters: 4
Length, Width, Height: [440, 69, 29]
Target Frequencies: (130.8, 523.2, 1308.0)

Written time: 28/03/2023 19:01:12