[70.36, [440.0, 69.0, 29.0, 47.88, 349.89, 19.44, 277.52, 20.93, 229.89, 23.58, 122.57, 19.59], (130.0209, 541.8969, 1334.092)]
[74.83, [440.0, 69.0, 29.0, 58.18, 352.09, 19.44, 288.15, 20.93, 230.53, 23.58, 122.57, 19.59], (128.7803, 535.122, 1330.287)]
[77.44, [440.0, 69.0, 29.0, 74.36, 365.96, 19.29, 277.52, 20.93, 229.89, 23.58, 122.57, 19.59], (129.0805, 535.8467, 1337.594)]
[89.91, [440.0, 69.0, 29.0, 47.88, 349.89, 19.44, 277.52, 20.93, 229.89, 23.58, 126.76, 19.59], (130.6005, 547.0826, 1349.252)]
[138.35, [440.0, 69.0, 29.0, 47.88, 352.09, 19.44, 288.15, 21.87, 214.12, 23.28, 144.14, 19.17], (127.8877, 541.8363, 1359.378)]
[147.11, [440.0, 69.0, 29.0, 52.3, 352.09, 19.58, 283.94, 21.87, 215.28, 23.23, 144.14, 19.17], (128.5902, 546.1205, 1376.415)]
[149.35, [440.0, 69.0, 29.0, 47.88, 352.09, 19.58, 283.94, 21.87, 215.28, 23.33, 144.14, 19.17], (127.7035, 543.0629, 1363.133)]
[149.35, [440.0, 69.0, 29.0, 47.88, 352.09, 19.58, 283.94, 21.87, 215.28, 23.33, 144.14, 19.17], (127.7035, 543.0629, 1363.133)]
[150.93, [440.0, 69.0, 29.0, 47.88, 352.09, 19.47, 283.94, 21.87, 215.28, 23.33, 144.14, 19.17], (127.8717, 544.3886, 1366.439)]
[151.36, [440.0, 69.0, 29.0, 47.88, 352.09, 19.44, 283.94, 21.87, 215.28, 23.33, 144.14, 19.17], (127.9169, 544.7448, 1367.32)]
[159.98, [440.0, 69.0, 29.0, 47.88, 352.09, 18.67, 280.1, 21.87, 209.39, 23.33, 140.87, 19.26], (128.104, 547.1478, 1375.822)]
[178.6, [440.0, 69.0, 29.0, 47.88, 352.09, 19.44, 283.94, 21.87, 215.28, 23.65, 139.17, 17.23], (129.4582, 559.9445, 1397.571)]
[193.46, [440.0, 69.0, 29.0, 47.88, 352.09, 19.44, 283.94, 21.87, 215.28, 23.27, 144.14, 19.17], (129.7412, 570.9264, 1395.11)]
[235.28, [440.0, 69.0, 29.0, 47.88, 336.07, 18.67, 283.94, 21.87, 215.28, 23.33, 144.14, 19.17], (130.1515, 567.9864, 1448.488)]
[244.54, [440.0, 69.0, 29.0, 58.18, 336.07, 19.99, 280.1, 21.87, 212.19, 23.33, 144.14, 19.17], (128.1112, 556.0228, 1442.808)]
[288.05, [440.0, 69.0, 29.0, 47.88, 353.2, 19.44, 288.15, 20.72, 215.28, 23.33, 144.14, 19.17], (135.9397, 565.7316, 1394.463)]
[300.34, [440.0, 69.0, 29.0, 47.88, 352.09, 18.67, 280.46, 20.72, 169.89, 23.58, 88.21, 19.39], (126.2423, 489.7701, 1171.818)]
[319.33, [440.0, 69.0, 29.0, 47.88, 342.07, 16.82, 283.94, 21.87, 215.28, 23.33, 144.14, 19.03], (132.4461, 584.0513, 1484.512)]
[854.1, [440.0, 69.0, 29.0, 47.88, 352.09, 19.44, 283.94, 21.87, 169.89, 23.47, 86.97, 19.5], (116.9542, 456.2197, 1103.061)]
[2833.1, [440.0, 69.0, 29.0, 74.36, 365.96, 19.29, 280.07, 21.87, 214.12, 23.66, 134.33, 18.88], (123.6807, 1334.887, 2327.766)]
[3033.27, [440.0, 69.0, 29.0, 47.88, 342.07, 16.82, 288.15, 21.87, 214.12, 23.33, 144.14, 19.17], (131.6473, 1423.335, 2533.202)]
[4840.58, [440.0, 69.0, 29.0, 68.99, 332.03, 21.34, 276.21, 21.26, 180.47, 14.87, 120.73, 19.17], (187.4239, 668.7755, 1596.541)]
[6057.7, [440.0, 69.0, 29.0, 74.36, 365.96, 19.29, 280.07, 21.87, 214.12, 23.66, 134.33, 19.17], (72.3345, 122.7908, 521.5504)]
[7493.88, [440, 69, 29, 52.29, 315.01, 20.86, 226.92, 14.87, 218.12, 21.16, 105.57, 16.48], (206.6887, 747.7755, 1741.754)]
[9809.74, [440.0, 69.0, 29.0, 47.88, 352.09, 19.44, 283.94, 19.13, 169.11, 24.38, 149.95, 20.39], (42.74823, 132.1111, 542.8524)]
[12017.55, [440.0, 69.0, 29.0, 47.88, 352.09, 19.58, 283.94, 21.87, 215.28, 23.33, 144.14, 19.17], (232.7763, 1325.61, 1422.827)]
[12596.14, [440.0, 69.0, 29.0, 47.88, 342.07, 16.82, 288.15, 21.87, 214.12, 23.33, 144.14, 17.99], (23.54715, 135.0382, 595.6078)]
[39401.82, [440.0, 69.0, 29.0, 47.88, 349.89, 19.44, 280.07, 21.87, 210.29, 23.66, 134.33, 18.88], (368.6198, 1337.157, 2406.751)]
[82436.23, [440.0, 69.0, 29.0, 47.88, 352.09, 19.44, 280.07, 20.93, 169.89, 23.33, 144.14, 18.88], (529.578, 1357.118, 2442.711)]
[131734.79, [440, 69, 29, 30.4, 320.78, 21.89, 241.42, 18.47, 158.42, 22.57, 120.89, 16.29], (677.3825, 1529.645, 3243.814)]

Population size: 30
Number of couples: 14
Number of kept parents: 0
Best parent kept: False
Mutation Probability: 0.05
Mutation range (x, y): 5, 0.3
Number of Parameters: 4
Length, Width, Height: [440, 69, 29]
Target Frequencies: (130.8, 523.2, 1308.0)

Written time: 29/03/2023 03:39:20