[18.46, [440.0, 69.0, 29.0, 42.72, 341.4, 18.73, 284.82, 20.42, 162.56, 23.39, 129.29, 20.13], (131.943, 526.0946, 1308.446)]
[20.08, [440.0, 69.0, 29.0, 42.72, 341.4, 18.73, 284.82, 20.42, 156.4, 23.39, 129.29, 20.13], (131.8242, 522.547, 1299.591)]
[20.19, [440.0, 69.0, 29.0, 42.72, 341.4, 18.73, 279.03, 20.42, 162.56, 23.47, 123.34, 20.13], (131.2531, 522.09, 1293.081)]
[20.19, [440.0, 69.0, 29.0, 42.72, 341.4, 18.73, 279.03, 20.42, 162.56, 23.47, 123.34, 20.13], (131.2531, 522.09, 1293.081)]
[22.78, [440.0, 69.0, 29.0, 42.72, 341.4, 18.73, 279.03, 20.35, 162.56, 23.47, 123.34, 20.13], (131.7788, 523.6445, 1295.796)]
[24.66, [440.0, 69.0, 29.0, 42.72, 335.98, 18.63, 284.82, 20.42, 170.36, 23.47, 126.95, 20.32], (130.8997, 528.899, 1320.948)]
[26.85, [440.0, 69.0, 29.0, 42.72, 341.4, 18.73, 284.82, 20.42, 177.71, 23.47, 126.95, 20.13], (131.25, 530.5357, 1317.158)]
[33.18, [440.0, 69.0, 29.0, 46.59, 335.98, 18.63, 284.82, 20.42, 170.36, 23.47, 126.95, 20.32], (130.8228, 529.5372, 1328.469)]
[48.29, [440.0, 69.0, 29.0, 43.37, 340.29, 18.63, 284.82, 20.42, 179.38, 23.65, 116.1, 19.93], (129.1096, 520.9279, 1286.232)]
[58.06, [440.0, 69.0, 29.0, 56.99, 341.4, 18.73, 284.82, 20.05, 162.56, 23.47, 123.34, 20.13], (133.0514, 528.421, 1321.841)]
[59.43, [440.0, 69.0, 29.0, 38.89, 347.04, 18.63, 276.21, 20.42, 171.98, 23.47, 129.29, 19.96], (132.87, 533.7886, 1316.468)]
[62.44, [440.0, 69.0, 29.0, 46.59, 335.98, 18.63, 284.82, 20.29, 170.36, 23.47, 126.95, 20.23], (132.0404, 533.5872, 1335.85)]
[2073.5, [440.0, 69.0, 29.0, 46.59, 341.4, 18.91, 284.82, 20.42, 162.56, 23.47, 129.29, 20.13], (130.8921, 1019.884, 2387.851)]
[9195.91, [440, 69, 29, 16.41, 326.69, 14.75, 260.67, 16.96, 210.12, 14.58, 103.98, 17.01], (218.5245, 262.3517, 850.1807)]
[51538.61, [440.0, 69.0, 29.0, 42.72, 341.4, 18.73, 279.03, 20.42, 162.56, 23.3, 129.29, 20.48], (418.9863, 1287.931, 2394.496)]

Population size: 15
Number of couples: 7
Number of kept parents: 0
Best parent kept: False
Mutation Probability: 0.05
Mutation range (x, y): 10, 0.4
Number of Parameters: 4
Length, Width, Height: [440, 69, 29]
Target Frequencies: (130.8, 523.2, 1308.0)

Written time: 29/03/2023 12:26:39