[78.91, [440.0, 69.0, 29.0, 45.33, 345.27, 18.32, 280.09, 18.97, 198.27, 23.56, 101.5, 21.96], (129.5927, 519.0185, 1246.533)]
[98.92, [440.0, 69.0, 29.0, 38.95, 365.32, 18.95, 277.42, 22.39, 212.05, 22.77, 135.37, 19.65], (126.9931, 523.2923, 1283.45)]
[203.13, [440.0, 69.0, 29.0, 60.98, 345.58, 18.32, 262.55, 19.06, 148.37, 24.71, 135.37, 19.65], (134.9293, 550.0556, 1400.369)]
[304.01, [440.0, 69.0, 29.0, 38.68, 364.3, 17.77, 282.68, 20.37, 156.97, 22.36, 141.87, 21.41], (140.2061, 538.0227, 1307.288)]
[352.45, [440.0, 69.0, 29.0, 32.72, 361.79, 17.59, 277.42, 19.51, 198.85, 23.56, 103.65, 22.78], (123.6005, 495.2271, 1176.702)]
[404.28, [440.0, 69.0, 29.0, 38.95, 370.09, 17.77, 277.42, 21.56, 212.05, 22.77, 80.06, 21.08], (124.0638, 477.2153, 1124.542)]
[439.6, [440.0, 69.0, 29.0, 32.48, 361.79, 17.59, 276.92, 18.85, 189.21, 22.9, 75.96, 22.86], (131.8698, 781.1898, 1137.451)]
[484.44, [440.0, 69.0, 29.0, 35.38, 334.87, 18.32, 275.57, 19.06, 162.27, 22.43, 80.06, 21.96], (142.0831, 519.7794, 1205.982)]
[511.5, [440.0, 69.0, 29.0, 32.34, 356.56, 16.73, 295.88, 20.11, 189.21, 22.9, 135.37, 19.65], (142.4634, 570.7812, 1373.59)]
[520.68, [440.0, 69.0, 29.0, 54.94, 344.64, 20.16, 279.68, 19.13, 133.55, 22.32, 74.28, 21.96], (140.1943, 485.3504, 1113.103)]
[551.56, [440.0, 69.0, 29.0, 32.72, 361.96, 17.59, 277.42, 19.6, 189.21, 22.9, 135.37, 20.62], (143.5667, 568.3437, 1358.259)]
[895.85, [440.0, 69.0, 29.0, 34.46, 334.87, 18.32, 271.72, 19.06, 148.37, 22.43, 80.06, 20.08], (149.6856, 542.5153, 1252.19)]
[920.52, [440.0, 69.0, 29.0, 13.69, 314.18, 19.91, 238.3, 19.52, 206.91, 21.16, 82.92, 22.78], (150.358, 549.6557, 1278.873)]
[936.44, [440.0, 69.0, 29.0, 60.98, 345.58, 18.32, 262.55, 19.06, 144.0, 24.06, 80.06, 21.08], (131.2007, 402.71, 494.5912)]
[1035.94, [440.0, 69.0, 29.0, 30.5, 354.18, 18.32, 280.09, 19.06, 149.81, 22.93, 143.85, 19.53], (150.9519, 576.116, 1386.388)]
[1283.21, [440.0, 69.0, 29.0, 60.98, 345.58, 18.32, 280.09, 20.27, 204.97, 19.66, 75.54, 22.35], (155.594, 548.1815, 1284.353)]
[1287.21, [440.0, 69.0, 29.0, 54.94, 346.79, 21.26, 280.56, 18.85, 189.21, 22.13, 135.37, 19.65], (154.069, 580.7116, 1415.245)]
[1848.43, [440.0, 69.0, 29.0, 54.94, 319.75, 21.43, 286.43, 14.2, 195.77, 22.15, 93.37, 22.45], (161.5341, 599.5478, 1376.23)]
[2059.61, [440.0, 69.0, 29.0, 38.68, 364.3, 17.77, 267.61, 19.51, 200.11, 24.1, 101.5, 23.42], (115.4573, 1200.665, 2089.171)]
[2636.23, [440.0, 69.0, 29.0, 52.93, 344.87, 15.13, 274.51, 22.32, 141.58, 18.32, 80.03, 16.07], (169.1431, 632.5282, 1460.627)]
[2766.9, [440.0, 69.0, 29.0, 13.69, 314.18, 19.91, 238.3, 19.52, 207.11, 21.16, 135.37, 19.65], (169.5942, 650.9376, 1530.865)]
[2831.85, [440.0, 69.0, 29.0, 33.97, 364.3, 17.77, 277.42, 14.62, 205.4, 21.16, 68.94, 21.96], (172.9073, 604.5516, 1326.151)]
[5229.49, [440.0, 69.0, 29.0, 54.94, 323.08, 20.16, 285.46, 14.2, 196.68, 21.96, 87.03, 17.2], (192.1577, 689.8906, 1564.575)]
[5896.41, [440, 69, 29, 53.34, 314.34, 21.34, 229.26, 17.18, 147.47, 18.34, 107.45, 19.24], (197.5242, 679.6978, 1597.551)]
[7096.93, [440, 69, 29, 22.88, 365.34, 22.4, 220.42, 14.9, 219.99, 16.79, 130.47, 22.04], (207.8276, 658.1067, 1509.663)]
[7816.49, [440, 69, 29, 12.25, 354.21, 17.64, 225.02, 17.77, 160.07, 17.63, 81.23, 18.1], (212.9312, 694.039, 1510.405)]
[10236.79, [440.0, 69.0, 29.0, 38.95, 361.79, 17.77, 277.42, 22.98, 212.05, 21.3, 135.37, 19.65], (32.81149, 137.6901, 1156.518)]
[12879.59, [440.0, 69.0, 29.0, 60.74, 319.8, 20.24, 264.8, 19.91, 205.4, 21.16, 57.74, 21.96], (239.1363, 1152.051, 2282.589)]
[90584.33, [440.0, 69.0, 29.0, 13.69, 321.18, 19.91, 264.58, 18.85, 181.68, 20.74, 99.28, 21.96], (559.4508, 1317.072, 2351.094)]
[145286.64, [440.0, 69.0, 29.0, 48.12, 323.08, 20.16, 279.68, 15.3, 196.68, 21.96, 87.03, 17.2], (718.8479, 1659.091, 2858.908)]

Population size: 30
Number of couples: 13
Number of kept parents: 0
Best parent kept: True
Mutation Probability: 0.2
Mutation range (x, y): 15, 1.5
Number of Parameters: 4
Length, Width, Height: [440, 69, 29]
Target Frequencies: (130.8, 523.2, 1308.0)

Written time: 28/03/2023 15:01:04