[5.1, [440.0, 69.0, 29.0, 47.88, 343.71, 18.63, 284.82, 20.42, 168.2, 23.47, 126.8, 20.13], (143.6609, 575.8661, 1380.605)]
[22.12, [440.0, 69.0, 29.0, 47.26, 365.32, 19.44, 277.42, 21.87, 212.05, 22.72, 135.37, 19.65], (130.4437, 531.1016, 1303.806)]
[23.02, [440.0, 69.0, 29.0, 45.82, 361.32, 19.9, 277.42, 21.87, 212.05, 22.69, 135.37, 19.65], (130.2021, 528.7101, 1300.624)]
[24.99, [440.0, 69.0, 29.0, 42.91, 365.32, 19.44, 277.42, 22.03, 212.05, 22.66, 139.05, 19.65], (130.2828, 532.183, 1304.692)]
[26.33, [440.0, 69.0, 29.0, 42.91, 365.32, 19.44, 277.42, 21.87, 212.05, 22.69, 135.37, 19.65], (130.81, 530.8125, 1296.906)]
[28.78, [440.0, 69.0, 29.0, 38.0, 365.32, 19.44, 277.42, 22.03, 212.05, 22.77, 139.05, 19.27], (130.4784, 534.4986, 1303.639)]
[28.96, [440.0, 69.0, 29.0, 47.26, 361.32, 19.44, 277.42, 21.87, 212.05, 22.69, 135.37, 20.15], (129.4884, 527.4157, 1302.497)]
[31.7, [440.0, 69.0, 29.0, 42.91, 365.32, 19.44, 275.46, 21.87, 212.05, 22.69, 135.37, 19.95], (130.088, 527.6413, 1291.192)]
[33.43, [440.0, 69.0, 29.0, 42.91, 365.32, 19.11, 277.42, 21.87, 213.5, 22.94, 135.37, 19.27], (130.324, 536.346, 1311.853)]
[34.23, [440.0, 69.0, 29.0, 47.11, 365.32, 19.44, 277.42, 22.03, 212.05, 22.69, 135.37, 19.65], (129.4868, 528.3085, 1299.036)]
[38.87, [440.0, 69.0, 29.0, 38.0, 361.32, 19.44, 277.42, 21.87, 212.05, 22.69, 135.37, 20.15], (129.7065, 525.4368, 1285.037)]
[40.44, [440.0, 69.0, 29.0, 42.91, 365.32, 19.44, 281.81, 21.87, 212.05, 22.69, 131.02, 19.65], (129.9834, 523.4996, 1275.543)]
[43.08, [440.0, 69.0, 29.0, 42.91, 365.32, 19.44, 277.42, 21.87, 213.5, 22.94, 140.25, 19.27], (130.3713, 537.9949, 1318.681)]
[44.4, [440.0, 69.0, 29.0, 42.91, 365.32, 19.44, 277.42, 21.87, 212.05, 22.69, 135.37, 20.15], (129.3317, 523.5513, 1282.092)]
[46.75, [440.0, 69.0, 29.0, 38.95, 365.32, 19.44, 277.42, 22.03, 212.05, 22.72, 135.37, 19.65], (129.4188, 526.0539, 1283.193)]
[50.34, [440.0, 69.0, 29.0, 42.91, 365.32, 19.44, 281.59, 21.87, 212.05, 22.69, 139.27, 19.27], (132.0444, 538.2144, 1314.425)]
[62.82, [440.0, 69.0, 29.0, 42.91, 365.32, 19.44, 277.42, 21.87, 212.05, 22.94, 135.37, 19.65], (131.6351, 506.7339, 1285.748)]
[69.82, [440.0, 69.0, 29.0, 38.0, 365.32, 19.44, 277.42, 21.87, 212.05, 22.45, 135.37, 19.65], (133.0987, 534.3643, 1295.358)]
[76.15, [440.0, 69.0, 29.0, 39.49, 365.32, 19.54, 277.42, 21.51, 212.05, 22.69, 135.37, 19.65], (133.4554, 536.3205, 1301.359)]
[82.68, [440.0, 69.0, 29.0, 38.62, 365.32, 19.44, 277.42, 21.87, 212.05, 22.69, 130.79, 20.13], (128.9792, 518.0568, 1260.175)]
[83.91, [440.0, 69.0, 29.0, 42.91, 365.32, 19.44, 277.42, 22.28, 212.05, 22.69, 135.37, 19.65], (127.6358, 522.1675, 1282.438)]
[151.6, [440.0, 69.0, 29.0, 47.88, 346.45, 19.06, 277.12, 22.61, 214.93, 22.69, 135.37, 19.65], (127.2699, 538.0074, 1363.656)]
[178.31, [440.0, 69.0, 29.0, 38.95, 360.47, 18.75, 276.13, 22.84, 209.44, 22.69, 135.37, 19.65], (124.6016, 520.4016, 1289.601)]
[327.55, [440.0, 69.0, 29.0, 42.91, 365.32, 19.44, 277.42, 21.87, 212.05, 22.94, 135.37, 19.27], (129.6237, 531.4825, 1606.225)]
[603.78, [440.0, 69.0, 29.0, 38.95, 359.0, 18.63, 288.51, 20.42, 212.05, 22.69, 135.37, 19.27], (143.2827, 572.3725, 1372.409)]
[785.84, [440.0, 69.0, 29.0, 47.11, 365.32, 19.44, 277.42, 21.87, 213.5, 22.94, 135.37, 19.27], (148.1959, 533.222, 1348.24)]
[2437.88, [440.0, 69.0, 29.0, 60.6, 359.7, 18.69, 244.45, 22.67, 168.97, 22.56, 133.64, 19.71], (128.6458, 1175.375, 2409.909)]
[9309.67, [440, 69, 29, 34.22, 301.22, 14.71, 268.68, 22.76, 149.08, 21.98, 117.43, 20.76], (41.77061, 134.5859, 1440.039)]
[10551.07, [440.0, 69.0, 29.0, 42.91, 365.32, 19.3, 282.38, 21.87, 208.73, 22.69, 135.37, 19.65], (37.68798, 130.3386, 527.4592)]
[179463.35, [440.0, 69.0, 29.0, 42.91, 365.32, 19.11, 277.42, 22.03, 212.05, 22.69, 133.31, 20.05], (805.0853, 1853.909, 3018.238)]

Population size: 30
Number of couples: 14
Number of kept parents: 0
Best parent kept: True
Mutation Probability: 0.08
Mutation range (x, y): 5, 0.5
Number of Parameters: 4
Length, Width, Height: [440, 69, 29]
Target Frequencies: (130.8, 523.2, 1308.0)

Written time: 28/03/2023 19:30:22