[5.1, [440.0, 69.0, 29.0, 47.88, 343.71, 18.63, 284.82, 20.42, 168.2, 23.47, 126.8, 20.13], (130.9132, 525.1929, 1308.733)]
[26.33, [440.0, 69.0, 29.0, 42.91, 365.32, 19.44, 277.42, 21.87, 212.05, 22.69, 135.37, 19.65], (130.81, 530.8125, 1296.906)]
[30.54, [440.0, 69.0, 29.0, 56.94, 345.27, 18.63, 288.51, 20.42, 168.2, 23.47, 130.79, 20.13], (130.7234, 527.3018, 1330.128)]
[37.98, [440.0, 69.0, 29.0, 47.88, 343.71, 18.72, 284.82, 20.42, 168.2, 23.47, 130.79, 20.01], (131.5986, 529.9833, 1325.272)]
[42.45, [440.0, 69.0, 29.0, 38.95, 365.32, 19.44, 277.42, 22.03, 212.05, 22.69, 135.37, 19.65], (129.6888, 526.6433, 1284.153)]
[44.53, [440.0, 69.0, 29.0, 38.95, 361.79, 19.44, 277.42, 21.87, 212.05, 22.57, 135.37, 19.65], (132.216, 534.8421, 1303.609)]
[52.06, [440.0, 69.0, 29.0, 32.48, 361.79, 18.75, 277.42, 22.39, 208.0, 22.77, 139.05, 19.27], (128.7881, 534.035, 1309.855)]
[80.86, [440.0, 69.0, 29.0, 37.11, 361.79, 18.63, 288.51, 20.42, 168.2, 23.47, 130.79, 20.13], (130.3311, 513.5115, 1249.73)]
[83.16, [440.0, 69.0, 29.0, 38.95, 361.79, 18.75, 277.42, 22.39, 210.68, 22.77, 135.37, 19.68], (127.3125, 526.9272, 1297.422)]
[108.06, [440.0, 69.0, 29.0, 38.95, 359.0, 18.63, 288.51, 20.42, 168.2, 23.47, 130.79, 20.55], (129.144, 510.1098, 1247.429)]
[123.33, [440.0, 69.0, 29.0, 38.95, 364.0, 18.95, 277.42, 20.42, 168.2, 23.05, 130.79, 20.13], (134.9073, 523.4534, 1268.417)]
[124.8, [440.0, 69.0, 29.0, 38.95, 361.79, 18.82, 274.9, 22.39, 208.0, 23.05, 136.49, 19.27], (125.7936, 527.5824, 1303.987)]
[158.01, [440.0, 69.0, 29.0, 47.88, 343.71, 18.95, 275.22, 22.61, 214.98, 22.69, 135.37, 19.65], (127.8357, 543.1209, 1375.133)]
[372.75, [440.0, 69.0, 29.0, 36.68, 365.15, 18.63, 284.82, 20.42, 208.0, 23.05, 135.37, 19.27], (139.6475, 560.7205, 1342.541)]
[496.33, [440.0, 69.0, 29.0, 49.4, 343.71, 18.72, 284.82, 20.36, 168.2, 22.13, 133.28, 20.9], (142.3041, 550.3871, 1359.76)]
[674.97, [440.0, 69.0, 29.0, 38.95, 359.19, 18.95, 277.42, 22.78, 214.7, 23.47, 130.79, 20.13], (116.3433, 494.7107, 1239.679)]
[1052.09, [440.0, 69.0, 29.0, 38.95, 361.79, 18.75, 276.13, 22.84, 208.0, 22.77, 101.5, 21.96], (113.752, 450.7813, 1104.651)]
[1083.47, [440.0, 69.0, 29.0, 38.95, 361.79, 18.82, 274.9, 22.39, 165.12, 23.47, 126.8, 20.13], (115.7646, 726.0063, 1213.146)]
[2353.27, [440.0, 69.0, 29.0, 47.88, 346.2, 18.72, 284.82, 20.42, 168.2, 23.47, 130.79, 20.13], (131.1655, 1158.752, 2387.955)]
[2905.7, [440.0, 69.0, 29.0, 44.78, 343.71, 18.63, 280.09, 20.56, 168.2, 23.47, 135.09, 19.32], (135.2656, 1361.814, 2442.107)]
[5502.01, [440.0, 69.0, 29.0, 47.88, 343.71, 18.72, 284.82, 20.42, 168.2, 23.47, 130.79, 20.13], (70.07939, 145.7867, 1323.621)]
[7006.25, [440.0, 69.0, 29.0, 38.95, 361.79, 18.63, 288.51, 22.5, 208.0, 22.77, 135.37, 20.13], (61.9348, 124.2682, 814.3969)]
[7248.52, [440.0, 69.0, 29.0, 42.91, 359.19, 18.95, 277.42, 22.78, 214.7, 22.13, 133.28, 20.9], (62.3708, 126.4756, 513.5264)]
[8743.4, [440.0, 69.0, 29.0, 38.95, 365.32, 19.44, 277.91, 21.87, 210.9, 22.69, 135.61, 19.65], (50.43772, 130.807, 553.4659)]
[8800.69, [440.0, 69.0, 29.0, 44.78, 343.71, 18.63, 284.82, 20.42, 165.12, 23.47, 126.8, 20.13], (44.65972, 131.8673, 1284.812)]
[10603.2, [440.0, 69.0, 29.0, 42.91, 365.32, 18.44, 280.09, 22.39, 208.0, 22.77, 139.05, 19.63], (32.10144, 127.7055, 1314.788)]
[11910.25, [440.0, 69.0, 29.0, 36.68, 365.15, 18.63, 284.82, 20.42, 165.12, 23.47, 130.79, 20.13], (27.62461, 164.7802, 594.6578)]
[12806.0, [440, 69, 29, 50.33, 302.41, 20.84, 231.01, 16.52, 163.27, 21.51, 94.24, 22.5], (20.50607, 215.0637, 701.4431)]
[61400.42, [440.0, 69.0, 29.0, 44.78, 348.21, 18.95, 284.95, 20.39, 201.98, 23.83, 133.28, 19.38], (455.9648, 1352.533, 2414.973)]
[78879.12, [440.0, 69.0, 29.0, 47.88, 343.71, 18.75, 277.42, 18.97, 202.07, 23.38, 101.5, 21.96], (518.7873, 1256.814, 2296.511)]

Population size: 30
Number of couples: 14
Number of kept parents: 0
Best parent kept: True
Mutation Probability: 0.08
Mutation range (x, y): 5, 0.5
Number of Parameters: 4
Length, Width, Height: [440, 69, 29]
Target Frequencies: (130.8, 523.2, 1308.0)

Written time: 28/03/2023 17:24:31