[92.34, [440.0, 69.0, 29.0, 47.88, 352.5, 18.24, 303.48, 21.87, 229.89, 22.69, 133.4, 19.68], (132.4739, 542.3751, 1340.338)]
[98.49, [440.0, 69.0, 29.0, 47.88, 361.32, 19.29, 280.1, 19.13, 169.11, 24.38, 150.45, 20.39], (132.5276, 541.1109, 1347.957)]
[122.37, [440.0, 69.0, 29.0, 47.88, 352.5, 17.29, 280.07, 20.93, 169.89, 23.47, 126.76, 19.68], (133.8008, 542.5708, 1339.645)]
[152.29, [440.0, 69.0, 29.0, 41.62, 343.02, 19.44, 283.94, 21.87, 215.28, 23.47, 133.01, 18.88], (126.7864, 538.6273, 1349.029)]
[154.42, [440.0, 69.0, 29.0, 47.88, 352.09, 19.44, 288.15, 21.87, 214.12, 23.47, 133.01, 19.11], (124.8923, 525.2971, 1314.633)]
[181.73, [440.0, 69.0, 29.0, 39.76, 343.97, 18.67, 286.22, 20.42, 169.89, 23.47, 144.73, 19.68], (134.3081, 548.5986, 1373.225)]
[224.33, [440.0, 69.0, 29.0, 39.76, 343.97, 18.67, 286.22, 20.42, 169.89, 23.47, 144.73, 19.42], (135.2937, 551.5864, 1380.296)]
[271.99, [440.0, 69.0, 29.0, 55.15, 325.68, 17.41, 280.07, 20.93, 229.89, 23.58, 126.76, 20.4], (130.1504, 572.5373, 1476.076)]
[293.73, [440.0, 69.0, 29.0, 55.15, 325.68, 18.67, 303.48, 21.77, 245.94, 22.69, 126.76, 19.68], (135.1209, 561.8684, 1434.577)]
[309.6, [440.0, 69.0, 29.0, 50.52, 361.32, 18.67, 287.96, 19.97, 180.79, 23.47, 144.42, 19.42], (137.5389, 557.1543, 1374.751)]
[354.16, [440.0, 69.0, 29.0, 47.88, 352.5, 18.67, 289.0, 19.97, 180.79, 23.47, 144.42, 19.42], (137.8997, 562.3, 1394.786)]
[365.76, [440.0, 69.0, 29.0, 47.53, 332.08, 18.67, 292.04, 19.51, 169.89, 23.33, 116.87, 19.42], (139.6512, 551.3297, 1354.171)]
[507.56, [440.0, 69.0, 29.0, 46.26, 343.02, 19.29, 305.34, 21.87, 169.89, 23.31, 128.52, 19.68], (120.1093, 485.0617, 1226.27)]
[561.41, [440.0, 69.0, 29.0, 47.88, 343.24, 18.67, 280.1, 19.13, 171.14, 24.38, 170.15, 20.17], (138.3487, 594.639, 1519.128)]
[722.65, [440.0, 69.0, 29.0, 47.88, 342.07, 16.82, 280.07, 21.22, 214.12, 22.69, 143.98, 19.68], (141.7382, 604.012, 1507.271)]
[1381.83, [440.0, 69.0, 29.0, 47.88, 361.32, 19.44, 280.1, 22.62, 135.63, 23.98, 133.01, 18.68], (108.569, 442.7419, 1135.276)]
[1396.41, [440.0, 69.0, 29.0, 74.36, 336.07, 18.67, 280.1, 20.72, 169.89, 23.47, 86.97, 19.59], (127.1511, 676.1123, 2328.886)]
[1752.01, [440.0, 69.0, 29.0, 47.88, 361.32, 19.44, 288.15, 23.58, 169.89, 23.47, 116.87, 19.42], (104.4137, 431.9622, 1093.862)]
[1817.14, [440, 69, 29, 71.03, 312.87, 22.5, 220.25, 19.65, 215.12, 22.01, 102.4, 17.63], (156.7982, 627.7259, 1590.485)]
[2541.86, [440.0, 69.0, 29.0, 47.88, 342.07, 17.55, 280.07, 23.58, 135.63, 25.04, 126.76, 18.21], (94.60631, 423.2676, 1143.463)]
[2659.17, [440.0, 69.0, 29.0, 47.88, 352.5, 18.24, 303.48, 21.87, 229.89, 22.69, 133.4, 19.68], (132.5136, 1330.09, 2330.96)]
[2826.71, [440.0, 69.0, 29.0, 57.58, 332.08, 18.67, 288.81, 19.51, 135.63, 25.04, 126.76, 18.21], (127.419, 1316.725, 2485.495)]
[7320.51, [440.0, 69.0, 29.0, 39.76, 343.97, 18.67, 286.22, 20.42, 156.13, 23.67, 114.67, 21.3], (57.16419, 124.1372, 1104.397)]
[7437.3, [440.0, 69.0, 29.0, 47.53, 332.08, 18.29, 288.39, 19.31, 135.63, 23.33, 133.01, 20.15], (49.23506, 539.2922, 1346.717)]
[8638.52, [440, 69, 29, 45.42, 324.01, 19.17, 242.74, 16.94, 167.91, 20.15, 115.6, 14.54], (46.03266, 722.6045, 1743.255)]
[8695.77, [440.0, 69.0, 29.0, 47.88, 342.07, 17.85, 280.07, 21.87, 214.12, 23.47, 133.01, 18.88], (50.76455, 129.1086, 560.5905)]
[10978.8, [440.0, 69.0, 29.0, 50.28, 343.97, 18.15, 286.22, 21.87, 214.12, 22.69, 136.44, 20.04], (25.45062, 555.359, 1409.436)]
[12932.48, [440.0, 69.0, 29.0, 50.52, 361.32, 18.24, 303.48, 21.87, 229.89, 22.69, 133.4, 19.68], (21.80396, 131.9651, 537.3027)]
[80323.0, [440.0, 69.0, 29.0, 65.67, 378.81, 20.51, 280.1, 21.87, 214.12, 22.69, 143.98, 19.24], (523.2116, 1300.213, 2342.667)]
[97167.92, [440.0, 69.0, 29.0, 47.88, 343.97, 18.15, 286.22, 21.87, 214.12, 22.69, 136.44, 20.04], (576.4055, 1439.579, 2578.651)]

Population size: 30
Number of couples: 14
Number of kept parents: 0
Best parent kept: False
Mutation Probability: 0.05
Mutation range (x, y): 5, 0.3
Number of Parameters: 4
Length, Width, Height: [440, 69, 29]
Target Frequencies: (130.8, 523.2, 1308.0)

Written time: 29/03/2023 01:48:34