[24.18, [440.0, 69.0, 29.0, 43.37, 340.29, 18.63, 284.82, 20.42, 177.71, 23.47, 126.95, 20.32], (130.8032, 529.912, 1318.751)]
[58.39, [440.0, 69.0, 29.0, 38.89, 347.04, 18.63, 284.82, 20.42, 171.98, 23.47, 117.57, 19.93], (130.6472, 517.1751, 1262.26)]
[65.24, [440.0, 69.0, 29.0, 50.96, 333.88, 18.63, 284.82, 20.42, 162.56, 23.47, 129.29, 20.13], (131.567, 532.4255, 1348.072)]
[96.2, [440.0, 69.0, 29.0, 44.78, 334.45, 18.47, 284.82, 20.42, 173.15, 23.43, 123.43, 19.76], (132.9004, 538.4263, 1343.303)]
[129.99, [440.0, 69.0, 29.0, 44.78, 334.2, 18.63, 284.51, 20.37, 167.19, 23.38, 127.96, 19.8], (133.8344, 540.0411, 1351.447)]
[147.33, [440.0, 69.0, 29.0, 54.92, 343.97, 19.03, 292.88, 20.37, 160.56, 23.47, 115.06, 20.17], (128.3402, 502.0422, 1241.563)]
[685.37, [440.0, 69.0, 29.0, 38.09, 343.71, 18.35, 284.82, 20.27, 167.89, 23.47, 131.42, 20.41], (132.2251, 705.8038, 1611.146)]
[10197.16, [440.0, 69.0, 29.0, 48.8, 336.31, 18.85, 286.22, 20.45, 169.89, 23.47, 116.67, 20.17], (35.94803, 129.9337, 1135.19)]
[54198.07, [440.0, 69.0, 29.0, 45.95, 343.71, 19.01, 284.82, 20.42, 165.12, 23.47, 126.8, 20.31], (431.4237, 1043.164, 2342.488)]
[93376.47, [440.0, 69.0, 29.0, 47.88, 343.35, 18.63, 276.44, 20.21, 165.12, 23.35, 121.63, 20.32], (565.2684, 1362.398, 2445.886)]

Population size: 10
Number of couples: 5
Number of kept parents: 0
Best parent kept: False
Mutation Probability: 0.6
Mutation range (x, y): 10, 0.4
Number of Parameters: 4
Length, Width, Height: [440, 69, 29]
Target Frequencies: (130.8, 523.2, 1308.0)

Written time: 29/03/2023 12:03:10