[14.19, [440.0, 69.0, 29.0, 47.88, 343.97, 18.67, 286.22, 20.42, 169.89, 23.47, 124.87, 20.17], (130.3891, 522.1654, 1298.511)]
[14.19, [440.0, 69.0, 29.0, 47.88, 343.97, 18.67, 286.22, 20.42, 169.89, 23.47, 124.87, 20.17], (130.3891, 522.1654, 1298.511)]
[17.07, [440.0, 69.0, 29.0, 47.88, 343.97, 18.67, 286.22, 20.44, 169.89, 23.47, 124.87, 20.17], (130.2449, 521.7551, 1297.959)]
[17.68, [440.0, 69.0, 29.0, 45.82, 343.97, 18.67, 286.22, 20.42, 169.89, 23.47, 124.87, 20.17], (130.4263, 521.8889, 1295.231)]
[24.0, [440.0, 69.0, 29.0, 45.82, 343.97, 18.67, 286.22, 20.21, 169.89, 23.47, 124.87, 20.17], (131.9318, 526.3112, 1302.259)]
[31.91, [440.0, 69.0, 29.0, 38.0, 361.32, 19.44, 275.87, 21.87, 211.38, 22.67, 135.97, 19.65], (131.5039, 534.3234, 1304.241)]
[38.9, [440.0, 69.0, 29.0, 47.88, 360.64, 19.9, 277.42, 22.11, 212.05, 22.67, 137.74, 19.33], (129.6503, 532.1836, 1316.602)]
[40.31, [440.0, 69.0, 29.0, 47.88, 361.32, 19.44, 277.42, 21.87, 211.38, 22.69, 136.61, 19.65], (131.0394, 535.7865, 1321.962)]
[40.64, [440.0, 69.0, 29.0, 31.7, 361.32, 19.44, 277.42, 21.83, 211.81, 22.69, 135.37, 20.15], (130.2238, 524.8374, 1275.011)]
[51.11, [440.0, 69.0, 29.0, 47.88, 361.32, 19.44, 277.42, 21.87, 211.38, 22.6, 135.97, 19.65], (131.7754, 536.7878, 1322.301)]
[64.13, [440.0, 69.0, 29.0, 38.0, 343.97, 18.67, 286.22, 20.42, 169.89, 23.61, 124.51, 20.17], (129.2196, 517.2737, 1275.586)]
[91.59, [440.0, 69.0, 29.0, 43.79, 343.97, 18.67, 286.22, 20.42, 169.89, 23.47, 139.98, 20.13], (132.3349, 538.2815, 1350.41)]
[100.63, [440.0, 69.0, 29.0, 47.88, 343.97, 19.06, 286.22, 20.42, 169.89, 23.69, 124.87, 20.17], (127.7877, 513.1952, 1279.661)]
[102.07, [440.0, 69.0, 29.0, 47.88, 360.64, 19.9, 277.42, 22.11, 212.05, 22.67, 135.97, 20.17], (127.1387, 518.1924, 1286.001)]
[118.29, [440.0, 69.0, 29.0, 45.82, 360.64, 19.87, 275.87, 21.87, 211.38, 22.36, 135.97, 19.33], (134.2032, 541.5925, 1326.727)]
[132.97, [440.0, 69.0, 29.0, 43.87, 375.31, 19.44, 277.42, 21.69, 218.18, 22.77, 124.87, 20.17], (128.5783, 511.361, 1231.822)]
[175.91, [440.0, 69.0, 29.0, 42.91, 359.25, 19.44, 277.2, 21.53, 212.08, 22.66, 135.97, 19.3], (135.1873, 548.9549, 1340.502)]
[266.79, [440.0, 69.0, 29.0, 45.82, 343.97, 18.67, 286.22, 19.78, 169.89, 23.47, 124.87, 19.33], (137.592, 546.4371, 1351.302)]
[347.37, [440.0, 69.0, 29.0, 45.82, 360.64, 19.9, 277.42, 22.56, 212.05, 23.06, 135.97, 19.65], (121.617, 507.9637, 1269.38)]
[517.94, [440.0, 69.0, 29.0, 47.88, 343.97, 18.67, 286.22, 20.42, 169.89, 22.67, 135.97, 19.33], (141.6308, 561.7399, 1392.417)]
[557.27, [440.0, 69.0, 29.0, 47.88, 343.97, 18.67, 286.22, 20.42, 211.38, 22.69, 128.33, 19.65], (141.7791, 572.5639, 1402.755)]
[664.94, [440.0, 69.0, 29.0, 47.88, 343.97, 18.67, 286.22, 20.42, 211.38, 22.69, 135.97, 19.65], (142.8497, 583.3659, 1434.326)]
[665.07, [440.0, 69.0, 29.0, 47.88, 360.64, 19.9, 277.42, 22.11, 212.05, 23.63, 124.87, 20.17], (117.1925, 487.1838, 1216.919)]
[899.31, [440.0, 69.0, 29.0, 31.7, 361.32, 19.44, 277.42, 21.87, 216.41, 22.69, 124.87, 20.17], (129.0485, 284.9786, 908.3096)]
[6594.49, [440.0, 69.0, 29.0, 47.88, 365.32, 19.44, 280.91, 21.87, 212.05, 22.67, 139.86, 19.7], (64.49542, 131.0465, 896.8391)]
[12089.21, [440.0, 69.0, 29.0, 38.0, 361.32, 19.44, 277.42, 21.87, 169.89, 23.06, 124.87, 20.17], (27.61963, 128.9362, 488.1484)]
[15760.27, [440.0, 69.0, 29.0, 31.7, 361.32, 19.44, 276.76, 21.87, 211.81, 22.69, 135.37, 20.15], (249.6265, 1480.171, 2201.345)]
[63644.83, [440.0, 69.0, 29.0, 47.88, 361.32, 19.02, 275.87, 21.87, 169.89, 23.63, 124.87, 20.17], (466.1988, 1189.353, 2195.932)]
[74632.04, [440.0, 69.0, 29.0, 31.7, 361.32, 19.44, 277.42, 21.58, 211.81, 22.69, 135.37, 20.15], (504.2084, 1273.745, 2282.342)]
[79814.45, [440.0, 69.0, 29.0, 47.88, 343.97, 18.67, 286.22, 20.42, 169.89, 23.47, 135.37, 20.15], (520.9792, 1334.047, 2428.833)]

Population size: 30
Number of couples: 15
Number of kept parents: 0
Best parent kept: False
Mutation Probability: 0.05
Mutation range (x, y): 10, 0.5
Number of Parameters: 4
Length, Width, Height: [440, 69, 29]
Target Frequencies: (130.8, 523.2, 1308.0)

Written time: 28/03/2023 22:52:16