[146.28, [440.0, 69.0, 29.0, 47.88, 349.89, 19.44, 288.15, 21.87, 214.12, 23.33, 140.87, 19.17], (127.1476, 538.5855, 1353.706)]
[149.35, [440.0, 69.0, 29.0, 47.88, 352.09, 19.58, 283.94, 21.87, 215.28, 23.33, 144.14, 19.17], (127.7035, 543.0629, 1363.133)]
[151.36, [440.0, 69.0, 29.0, 47.88, 352.09, 19.44, 283.94, 21.87, 215.28, 23.33, 144.14, 19.17], (127.9169, 544.7448, 1367.32)]
[171.43, [440.0, 69.0, 29.0, 47.88, 336.07, 18.67, 280.1, 20.92, 169.89, 23.47, 142.26, 19.37], (131.994, 551.0343, 1410.713)]
[174.41, [440.0, 69.0, 29.0, 47.88, 336.07, 18.67, 280.1, 20.92, 169.89, 23.33, 144.14, 19.17], (134.056, 511.4672, 1400.19)]
[179.73, [440.0, 69.0, 29.0, 58.18, 352.09, 19.44, 288.15, 21.87, 214.12, 23.33, 142.26, 19.37], (126.4497, 537.5579, 1368.282)]
[231.02, [440.0, 69.0, 29.0, 58.18, 352.09, 19.44, 288.15, 21.87, 214.12, 23.66, 134.33, 18.88], (123.733, 527.8846, 1341.778)]
[237.79, [440.0, 69.0, 29.0, 58.18, 336.07, 19.44, 290.08, 21.87, 214.12, 23.33, 144.14, 19.17], (128.1996, 555.4356, 1439.385)]
[256.47, [440.0, 69.0, 29.0, 75.06, 336.07, 18.67, 280.1, 20.93, 229.89, 23.58, 126.76, 20.4], (128.4624, 557.3261, 1460.473)]
[266.18, [440.0, 69.0, 29.0, 47.88, 352.09, 18.67, 280.1, 20.72, 169.89, 23.47, 86.97, 19.39], (127.2227, 491.4674, 1172.95)]
[268.39, [440.0, 69.0, 29.0, 47.88, 342.07, 16.82, 288.15, 21.87, 214.12, 23.33, 144.14, 19.17], (131.3262, 576.5484, 1465.88)]
[281.22, [440.0, 69.0, 29.0, 47.88, 342.07, 16.82, 280.07, 20.93, 229.89, 23.58, 126.76, 19.59], (133.3494, 576.499, 1441.918)]
[332.71, [440.0, 69.0, 29.0, 39.76, 343.97, 17.41, 280.1, 19.13, 169.11, 24.38, 150.45, 20.39], (135.4802, 574.2826, 1437.293)]
[400.98, [440.0, 69.0, 29.0, 74.36, 365.96, 19.29, 280.07, 20.93, 229.89, 24.38, 150.45, 20.4], (121.6652, 541.8498, 1395.593)]
[495.37, [440.0, 69.0, 29.0, 47.88, 361.32, 20.23, 280.1, 21.87, 212.19, 23.58, 122.57, 19.59], (120.1364, 493.348, 1220.552)]
[698.54, [440.0, 69.0, 29.0, 47.88, 352.09, 19.44, 292.01, 21.87, 214.12, 23.47, 86.97, 19.6], (118.5312, 470.9197, 1143.758)]
[926.86, [440.0, 69.0, 29.0, 74.36, 343.97, 17.41, 281.4, 20.93, 229.89, 23.65, 139.17, 17.23], (142.513, 632.9062, 1614.581)]
[3216.74, [440.0, 69.0, 29.0, 58.18, 336.07, 19.99, 280.1, 21.87, 212.19, 23.65, 139.17, 17.23], (129.5916, 1470.456, 2616.944)]
[3268.35, [440, 69, 29, 46.54, 355.51, 20.62, 234.78, 22.0, 166.39, 15.02, 124.36, 17.36], (173.4972, 661.5977, 1509.591)]
[4975.35, [440.0, 69.0, 29.0, 74.36, 343.97, 17.41, 277.52, 20.93, 229.89, 23.58, 122.57, 19.59], (187.8929, 703.5802, 1608.654)]
[6094.97, [440.0, 69.0, 29.0, 47.88, 352.09, 19.44, 280.07, 20.93, 229.89, 23.58, 126.76, 19.59], (66.72303, 130.3637, 1127.942)]
[8535.54, [440.0, 69.0, 29.0, 75.06, 336.07, 18.67, 283.56, 20.91, 169.89, 23.47, 88.7, 19.79], (52.54021, 124.9579, 492.1628)]
[9446.29, [440.0, 69.0, 29.0, 47.88, 352.09, 19.44, 288.15, 21.87, 214.12, 23.47, 139.38, 20.4], (223.7139, 707.0523, 1430.438)]
[10743.46, [440.0, 69.0, 29.0, 37.93, 343.97, 17.41, 280.1, 19.13, 169.11, 23.58, 126.76, 20.4], (35.99446, 140.2482, 561.4803)]
[10876.52, [440.0, 69.0, 29.0, 47.88, 361.32, 18.67, 280.1, 20.72, 169.89, 23.47, 86.97, 19.39], (32.95325, 332.7443, 491.1448)]
[11656.68, [440.0, 69.0, 29.0, 58.18, 351.55, 19.44, 288.15, 21.87, 214.12, 23.33, 86.97, 19.6], (30.6257, 122.314, 479.2441)]
[77943.37, [440.0, 69.0, 29.0, 51.36, 361.32, 19.99, 280.1, 21.87, 212.19, 23.65, 139.17, 17.23], (515.0137, 1289.7, 2407.219)]
[79055.89, [440.0, 69.0, 29.0, 47.88, 342.07, 16.82, 280.07, 20.93, 229.89, 23.58, 121.98, 19.59], (519.5026, 1403.397, 1968.67)]
[85619.03, [440.0, 69.0, 29.0, 47.88, 352.09, 19.44, 288.15, 21.87, 214.12, 23.33, 144.14, 19.17], (540.2553, 1351.626, 2416.895)]
[166253.75, [440, 69, 29, 15.51, 332.92, 17.93, 241.17, 16.5, 174.0, 19.23, 145.67, 15.2], (771.2199, 1776.347, 2987.475)]

Population size: 30
Number of couples: 14
Number of kept parents: 0
Best parent kept: False
Mutation Probability: 0.05
Mutation range (x, y): 5, 0.3
Number of Parameters: 4
Length, Width, Height: [440, 69, 29]
Target Frequencies: (130.8, 523.2, 1308.0)

Written time: 29/03/2023 03:07:21