[143.27, [440.0, 69.0, 29.0, 39.76, 343.97, 17.41, 280.07, 20.93, 229.89, 23.58, 126.76, 20.4], (129.4414, 553.5881, 1374.659)]
[152.29, [440.0, 69.0, 29.0, 41.62, 343.02, 19.44, 283.94, 21.87, 215.28, 23.47, 133.01, 18.88], (126.7864, 538.6273, 1349.03)]
[152.29, [440.0, 69.0, 29.0, 41.62, 343.02, 19.44, 283.94, 21.87, 215.28, 23.47, 133.01, 18.88], (126.7864, 538.6273, 1349.029)]
[154.42, [440.0, 69.0, 29.0, 47.88, 352.09, 19.44, 288.15, 21.87, 214.12, 23.47, 133.01, 19.11], (124.8923, 525.2971, 1314.633)]
[183.02, [440.0, 69.0, 29.0, 39.76, 343.97, 18.67, 286.22, 20.42, 169.89, 23.47, 144.73, 19.68], (134.3081, 549.1118, 1373.486)]
[207.06, [440.0, 69.0, 29.0, 47.88, 336.07, 18.67, 280.1, 20.72, 169.89, 23.47, 86.97, 19.59], (127.4835, 499.1768, 1209.383)]
[427.87, [440.0, 69.0, 29.0, 39.76, 343.97, 18.67, 302.14, 21.87, 169.89, 23.31, 128.52, 19.68], (121.2636, 491.8168, 1237.391)]
[440.42, [440.0, 69.0, 29.0, 55.15, 325.68, 17.41, 283.33, 20.93, 229.89, 23.58, 126.76, 19.11], (135.2851, 592.459, 1514.913)]
[544.97, [440.0, 69.0, 29.0, 47.88, 343.24, 18.67, 281.59, 19.13, 171.14, 24.38, 170.15, 20.17], (138.0742, 593.4773, 1516.224)]
[660.38, [440.0, 69.0, 29.0, 39.76, 343.97, 18.67, 286.22, 20.42, 169.89, 23.47, 144.73, 19.42], (134.0791, 259.9794, 1233.44)]
[722.65, [440.0, 69.0, 29.0, 47.88, 342.07, 16.82, 280.07, 21.22, 214.12, 22.69, 143.98, 19.68], (141.7382, 604.012, 1507.271)]
[740.86, [440.0, 69.0, 29.0, 47.88, 342.07, 16.82, 280.07, 21.23, 214.12, 22.69, 143.98, 19.59], (142.0009, 605.3019, 1509.787)]
[1121.58, [440.0, 69.0, 29.0, 39.76, 343.97, 18.67, 303.48, 21.77, 245.94, 22.69, 126.76, 19.68], (134.1685, 328.2648, 638.1169)]
[1529.61, [440.0, 69.0, 29.0, 47.88, 361.32, 19.69, 280.1, 22.62, 135.63, 23.98, 133.01, 19.42], (107.105, 433.7728, 1110.662)]
[2528.15, [440.0, 69.0, 29.0, 47.88, 342.07, 17.55, 280.07, 23.58, 135.63, 25.04, 126.76, 18.21], (94.60631, 423.2676, 1157.169)]
[2901.7, [440.0, 69.0, 29.0, 74.36, 336.07, 18.67, 280.1, 20.92, 169.89, 23.47, 86.97, 19.68], (105.2377, 125.4318, 494.2495)]
[4644.16, [440, 69, 29, 58.18, 299.7, 16.88, 228.36, 18.46, 171.0, 20.8, 111.07, 20.26], (183.9718, 708.0144, 1705.295)]
[9341.14, [440.0, 69.0, 29.0, 46.26, 343.02, 19.29, 286.22, 20.42, 169.89, 23.47, 144.73, 19.42], (46.0541, 134.0585, 546.6417)]
[10490.8, [440.0, 69.0, 29.0, 47.88, 361.32, 19.29, 280.1, 19.13, 169.11, 24.38, 150.45, 20.39], (232.2116, 622.896, 1386.925)]
[10687.84, [440.0, 69.0, 29.0, 55.15, 325.68, 17.41, 280.07, 20.93, 229.89, 23.58, 126.76, 20.4], (32.4714, 130.2053, 1156.494)]
[11429.58, [440, 69, 29, 21.81, 307.21, 16.87, 267.6, 22.86, 178.82, 19.98, 76.85, 14.92], (30.59929, 158.5845, 637.7677)]
[12195.17, [440.0, 69.0, 29.0, 65.67, 378.81, 19.29, 280.1, 19.13, 169.11, 24.38, 150.45, 20.39], (26.5997, 131.6471, 532.5503)]
[12559.12, [440.0, 69.0, 29.0, 47.88, 361.32, 20.51, 280.1, 21.87, 214.12, 22.69, 143.98, 19.24], (22.47854, 184.7629, 699.5927)]
[25043.34, [440.0, 69.0, 29.0, 47.88, 361.32, 19.29, 280.1, 19.13, 169.54, 24.38, 150.45, 20.39], (301.4547, 1212.129, 2680.029)]
[67333.67, [440.0, 69.0, 29.0, 55.15, 325.68, 18.67, 286.22, 20.42, 156.13, 23.67, 114.67, 21.3], (478.2847, 1266.544, 2380.559)]
[87329.1, [440.0, 69.0, 29.0, 74.36, 361.32, 19.29, 280.1, 19.13, 169.11, 24.38, 150.45, 20.39], (545.1057, 1401.927, 2549.786)]
[99158.54, [440.0, 69.0, 29.0, 47.88, 352.09, 19.44, 288.15, 21.89, 214.12, 23.47, 133.01, 20.4], (583.5127, 1389.506, 2410.038)]
[102251.16, [440.0, 69.0, 29.0, 38.83, 343.97, 18.67, 286.22, 20.42, 169.89, 23.47, 144.73, 18.68], (592.2044, 1490.752, 2512.89)]
[106461.61, [440.0, 69.0, 29.0, 47.88, 352.5, 18.67, 289.0, 19.97, 180.79, 23.47, 144.42, 19.42], (607.2268, 1402.417, 2020.535)]
[158809.63, [440.0, 69.0, 29.0, 55.15, 325.68, 18.67, 286.22, 20.42, 169.89, 23.47, 144.73, 19.42], (750.4814, 1841.707, 3220.84)]

Population size: 30
Number of couples: 14
Number of kept parents: 0
Best parent kept: False
Mutation Probability: 0.05
Mutation range (x, y): 5, 0.3
Number of Parameters: 4
Length, Width, Height: [440, 69, 29]
Target Frequencies: (130.8, 523.2, 1308.0)

Written time: 29/03/2023 02:04:49