[58.28, [440.0, 69.0, 29.0, 47.88, 365.96, 19.29, 279.71, 20.93, 229.89, 23.58, 122.57, 19.59], (129.112, 530.6607, 1286.568)]
[77.08, [440.0, 69.0, 29.0, 47.88, 349.89, 19.44, 277.52, 20.93, 229.89, 23.58, 122.57, 19.59], (130.0209, 541.8969, 1340.812)]
[83.28, [440.0, 69.0, 29.0, 47.88, 352.09, 19.44, 288.15, 20.93, 230.53, 23.58, 122.57, 19.59], (128.9451, 550.677, 1311.064)]
[88.21, [440.0, 69.0, 29.0, 45.32, 349.89, 19.44, 277.52, 20.93, 229.89, 23.6, 122.57, 19.17], (131.4524, 547.7129, 1341.916)]
[89.13, [440.0, 69.0, 29.0, 47.88, 349.89, 19.44, 277.52, 20.93, 229.81, 23.58, 126.76, 19.59], (130.5846, 546.9035, 1348.727)]
[94.83, [440.0, 69.0, 29.0, 47.88, 349.89, 19.44, 277.52, 21.17, 229.89, 23.58, 126.76, 19.46], (129.5, 544.2661, 1345.873)]
[124.31, [440.0, 69.0, 29.0, 47.88, 352.09, 19.44, 283.94, 21.87, 215.28, 23.09, 144.14, 19.17], (130.1907, 549.6612, 1374.63)]
[132.28, [440.0, 69.0, 29.0, 47.88, 349.89, 19.44, 277.52, 20.93, 229.89, 23.58, 126.76, 19.17], (132.1765, 553.8259, 1362.881)]
[145.62, [440.0, 69.0, 29.0, 52.3, 352.09, 19.58, 285.0, 21.87, 215.28, 23.23, 144.14, 19.17], (128.4973, 545.3394, 1374.394)]
[149.35, [440.0, 69.0, 29.0, 47.88, 352.09, 19.58, 283.94, 21.87, 215.28, 23.33, 144.14, 19.17], (127.7035, 543.0629, 1363.133)]
[150.93, [440.0, 69.0, 29.0, 47.88, 352.09, 19.47, 283.94, 21.87, 215.28, 23.33, 144.14, 19.17], (127.8717, 544.3886, 1366.439)]
[151.25, [440.0, 69.0, 29.0, 47.88, 352.09, 19.58, 283.94, 21.87, 211.97, 23.33, 144.14, 19.17], (127.3311, 540.7609, 1359.517)]
[159.98, [440.0, 69.0, 29.0, 47.88, 352.09, 18.67, 280.1, 21.87, 209.39, 23.33, 140.87, 19.26], (128.104, 547.1478, 1375.822)]
[161.33, [440.0, 69.0, 29.0, 47.88, 352.09, 19.44, 283.94, 21.87, 215.28, 23.33, 144.14, 19.59], (126.6593, 538.4386, 1354.593)]
[163.67, [440.0, 69.0, 29.0, 47.88, 352.09, 19.47, 280.1, 21.87, 215.28, 23.33, 144.14, 19.59], (126.9814, 541.0198, 1361.415)]
[166.11, [440.0, 69.0, 29.0, 74.36, 349.89, 19.44, 277.52, 20.93, 229.89, 23.58, 126.76, 19.59], (130.435, 552.7864, 1412.728)]
[178.6, [440.0, 69.0, 29.0, 47.88, 352.09, 19.44, 283.94, 21.87, 215.28, 23.65, 139.17, 17.23], (129.4582, 559.9445, 1397.571)]
[235.28, [440.0, 69.0, 29.0, 47.88, 336.07, 18.67, 283.94, 21.87, 215.28, 23.33, 144.14, 19.17], (130.1515, 567.9864, 1448.488)]
[466.39, [440.0, 69.0, 29.0, 61.23, 336.07, 19.99, 280.1, 20.72, 215.28, 23.33, 144.14, 19.17], (137.1094, 584.4819, 1493.341)]
[1275.17, [440.0, 69.0, 29.0, 47.88, 352.09, 19.44, 283.94, 21.87, 215.28, 23.65, 139.17, 17.23], (129.4583, 616.7036, 2380.626)]
[1423.32, [440.0, 69.0, 29.0, 47.88, 352.09, 19.58, 283.94, 21.87, 215.28, 23.33, 144.14, 19.17], (104.4768, 514.3624, 1363.106)]
[2767.5, [440.0, 69.0, 29.0, 47.88, 349.89, 19.44, 277.52, 20.93, 229.89, 23.58, 122.57, 19.59], (118.6742, 1326.765, 2046.125)]
[2797.48, [440.0, 69.0, 29.0, 47.88, 352.09, 18.67, 280.1, 21.87, 209.39, 23.33, 140.87, 19.26], (135.5103, 1375.703, 2298.248)]
[7358.29, [440, 69, 29, 13.55, 355.06, 15.52, 239.32, 17.78, 213.36, 21.28, 136.96, 15.2], (205.3292, 778.8375, 1720.889)]
[10057.55, [440, 69, 29, 39.65, 318.97, 21.57, 277.7, 14.88, 202.1, 17.75, 118.97, 17.71], (225.465, 746.7359, 1707.956)]
[10076.89, [440.0, 69.0, 29.0, 47.88, 352.09, 19.47, 283.94, 21.87, 215.28, 23.33, 144.14, 19.17], (31.23326, 559.9625, 1376.287)]
[78444.41, [440.0, 69.0, 29.0, 58.18, 352.09, 19.44, 283.94, 19.13, 169.11, 24.38, 149.95, 20.39], (515.7918, 1380.103, 2498.561)]
[84083.93, [440.0, 69.0, 29.0, 47.88, 352.09, 19.47, 283.94, 21.87, 215.28, 23.33, 143.66, 19.17], (535.1362, 1353.966, 2426.019)]
[100893.46, [440.0, 69.0, 29.0, 47.88, 353.2, 19.44, 288.15, 21.87, 212.19, 23.33, 144.14, 19.17], (588.904, 1371.865, 2454.464)]
[149035.01, [440.0, 69.0, 29.0, 47.88, 352.09, 19.39, 283.94, 21.87, 215.28, 23.33, 144.14, 19.17], (724.8247, 1750.962, 3108.088)]

Population size: 30
Number of couples: 14
Number of kept parents: 0
Best parent kept: False
Mutation Probability: 0.05
Mutation range (x, y): 5, 0.3
Number of Parameters: 4
Length, Width, Height: [440, 69, 29]
Target Frequencies: (130.8, 523.2, 1308.0)

Written time: 29/03/2023 03:54:28