[14.19, [440.0, 69.0, 29.0, 47.88, 343.97, 18.67, 286.22, 20.42, 169.89, 23.47, 124.87, 20.17], (130.3891, 522.1654, 1298.511)]
[24.0, [440.0, 69.0, 29.0, 45.82, 343.97, 18.67, 286.22, 20.21, 169.89, 23.47, 124.87, 20.17], (131.9318, 526.3112, 1302.259)]
[25.58, [440.0, 69.0, 29.0, 45.82, 360.64, 19.9, 275.87, 21.87, 211.38, 23.06, 135.97, 19.65], (129.8815, 527.9912, 1300.803)]
[29.08, [440.0, 69.0, 29.0, 38.0, 361.32, 19.44, 277.42, 21.87, 211.38, 22.69, 135.97, 19.65], (131.2009, 532.9834, 1301.025)]
[32.29, [440.0, 69.0, 29.0, 47.88, 360.64, 19.9, 277.42, 22.11, 212.05, 22.67, 135.97, 19.33], (129.4515, 530.2178, 1310.595)]
[34.78, [440.0, 69.0, 29.0, 41.54, 361.32, 19.44, 277.58, 21.87, 211.81, 22.69, 135.37, 20.13], (129.6431, 526.281, 1291.823)]
[41.33, [440.0, 69.0, 29.0, 47.88, 361.32, 19.44, 275.87, 21.87, 211.38, 22.69, 135.97, 19.65], (131.0867, 536.0107, 1322.178)]
[44.13, [440.0, 69.0, 29.0, 31.7, 361.32, 19.44, 277.42, 21.87, 211.81, 22.69, 135.37, 20.15], (129.9285, 524.0302, 1273.668)]
[46.31, [440.0, 69.0, 29.0, 38.0, 361.32, 19.44, 277.42, 21.87, 211.38, 22.69, 135.97, 19.33], (132.1095, 537.6055, 1310.51)]
[51.63, [440.0, 69.0, 29.0, 47.88, 343.97, 18.67, 286.22, 20.42, 169.89, 23.63, 124.87, 20.17], (128.8355, 518.7035, 1292.901)]
[79.14, [440.0, 69.0, 29.0, 45.82, 367.28, 19.9, 277.42, 22.11, 212.05, 22.67, 135.97, 19.65], (128.1989, 520.2909, 1276.625)]
[122.97, [440.0, 69.0, 29.0, 28.48, 370.19, 19.36, 277.57, 22.4, 212.05, 22.67, 139.05, 19.7], (127.5537, 518.1949, 1253.532)]
[133.39, [440.0, 69.0, 29.0, 45.82, 360.64, 19.9, 277.42, 22.56, 212.05, 22.67, 135.97, 19.33], (125.8635, 520.1622, 1290.364)]
[139.03, [440.0, 69.0, 29.0, 43.79, 365.32, 19.44, 277.42, 21.87, 212.05, 22.67, 139.86, 19.7], (134.9622, 542.9575, 1322.601)]
[155.13, [440.0, 69.0, 29.0, 48.28, 353.59, 18.67, 277.2, 22.03, 212.08, 22.66, 135.97, 19.33], (132.8165, 553.0842, 1374.731)]
[156.51, [440.0, 69.0, 29.0, 43.87, 375.31, 19.44, 277.42, 21.69, 212.26, 22.77, 124.87, 20.17], (128.1191, 508.165, 1225.452)]
[171.62, [440.0, 69.0, 29.0, 37.73, 343.97, 18.67, 288.07, 21.83, 212.08, 22.66, 139.05, 19.65], (133.6387, 553.3146, 1371.562)]
[175.91, [440.0, 69.0, 29.0, 42.91, 359.25, 19.44, 277.2, 21.53, 212.08, 22.66, 135.97, 19.3], (135.1873, 548.9549, 1340.502)]
[242.34, [440.0, 69.0, 29.0, 47.88, 343.97, 18.67, 286.22, 20.42, 169.89, 23.47, 139.98, 20.13], (132.3258, 603.6337, 1370.622)]
[319.87, [440.0, 69.0, 29.0, 31.7, 361.32, 19.44, 277.42, 21.87, 211.81, 22.69, 135.37, 20.15], (129.901, 528.5032, 1608.741)]
[557.27, [440.0, 69.0, 29.0, 47.88, 343.97, 18.67, 286.22, 20.42, 211.38, 22.69, 128.33, 19.65], (141.7791, 572.5639, 1402.755)]
[705.62, [440.0, 69.0, 29.0, 38.0, 361.32, 19.44, 277.42, 21.87, 169.89, 23.56, 124.87, 20.17], (117.8431, 472.4723, 1170.233)]
[1189.14, [440.0, 69.0, 29.0, 47.39, 367.19, 19.4, 278.1, 22.02, 211.59, 22.67, 132.36, 19.41], (153.3413, 570.6842, 1331.958)]
[1571.59, [440.0, 69.0, 29.0, 39.02, 365.88, 19.36, 277.57, 22.4, 212.05, 22.67, 135.97, 19.33], (123.5886, 127.9823, 720.4966)]
[6596.98, [440.0, 69.0, 29.0, 39.02, 365.88, 19.44, 277.42, 21.87, 212.05, 22.67, 139.86, 19.34], (185.1389, 1318.477, 2308.835)]
[8405.37, [440.0, 69.0, 29.0, 43.79, 365.32, 19.44, 275.87, 21.87, 211.38, 22.69, 135.97, 19.65], (53.12605, 130.9181, 532.8159)]
[11059.08, [440.0, 69.0, 29.0, 34.5, 366.73, 19.44, 275.87, 21.87, 211.38, 22.69, 135.97, 19.65], (34.18779, 131.1186, 529.2443)]
[12019.68, [440.0, 69.0, 29.0, 39.02, 365.88, 19.11, 277.57, 22.4, 212.05, 22.67, 139.05, 19.33], (22.81689, 128.923, 1297.927)]
[12879.73, [440.0, 69.0, 29.0, 45.82, 360.64, 19.9, 277.42, 22.11, 212.05, 22.67, 135.97, 19.33], (22.22086, 129.4893, 529.7803)]
[54286.28, [440.0, 69.0, 29.0, 45.82, 360.64, 19.9, 277.42, 22.11, 212.79, 22.26, 139.05, 19.7], (429.5969, 1331.249, 2328.919)]

Population size: 30
Number of couples: 15
Number of kept parents: 0
Best parent kept: False
Mutation Probability: 0.05
Mutation range (x, y): 10, 0.5
Number of Parameters: 4
Length, Width, Height: [440, 69, 29]
Target Frequencies: (130.8, 523.2, 1308.0)

Written time: 28/03/2023 22:24:28