[15.13, [440.0, 69.0, 29.0, 44.78, 348.21, 18.63, 280.09, 20.42, 168.2, 23.47, 126.8, 20.13], (131.32, 524.5876, 1298.006)]
[38.64, [440.0, 69.0, 29.0, 28.07, 361.79, 18.79, 277.42, 22.65, 214.7, 22.13, 135.37, 19.65], (131.9422, 534.2942, 1292.657)]
[65.61, [440.0, 69.0, 29.0, 11.16, 306.06, 18.32, 280.09, 18.97, 198.27, 23.56, 101.5, 21.96], (132.6362, 538.984, 1283.058)]
[77.88, [440.0, 69.0, 29.0, 32.48, 361.79, 18.78, 277.42, 22.39, 212.05, 22.77, 135.37, 19.65], (127.7361, 526.5966, 1287.145)]
[115.83, [440.0, 69.0, 29.0, 13.69, 345.58, 18.32, 280.09, 18.97, 198.27, 23.56, 101.5, 21.96], (131.2392, 515.0029, 1203.279)]
[135.7, [440.0, 69.0, 29.0, 32.48, 374.94, 18.95, 283.74, 22.18, 218.71, 22.77, 129.12, 19.65], (127.8541, 513.6796, 1232.385)]
[159.04, [440.0, 69.0, 29.0, 56.94, 337.73, 18.32, 280.09, 22.39, 213.66, 22.79, 129.5, 19.67], (128.5065, 547.7875, 1407.723)]
[258.03, [440.0, 69.0, 29.0, 44.78, 345.27, 18.32, 262.99, 17.96, 195.04, 22.9, 75.96, 22.86], (137.0924, 524.3721, 1208.985)]
[259.29, [440.0, 69.0, 29.0, 60.98, 378.7, 17.51, 273.02, 20.15, 168.59, 22.43, 80.52, 21.96], (133.5348, 488.2353, 1128.9)]
[350.93, [440.0, 69.0, 29.0, 38.68, 378.7, 17.51, 273.02, 19.06, 173.7, 22.43, 69.48, 23.0], (135.6452, 488.0402, 1098.885)]
[462.65, [440.0, 69.0, 29.0, 64.4, 335.65, 18.32, 280.09, 20.78, 198.27, 23.56, 101.5, 21.96], (119.6606, 491.6332, 1248.703)]
[537.85, [440.0, 69.0, 29.0, 44.78, 345.27, 17.24, 280.09, 18.97, 198.27, 23.84, 75.27, 22.86], (120.3534, 483.328, 1147.668)]
[546.31, [440, 69, 29, 72.61, 365.55, 19.01, 293.0, 22.62, 164.57, 22.5, 102.74, 18.78], (120.4951, 468.0475, 1147.644)]
[568.42, [440.0, 69.0, 29.0, 60.98, 345.58, 18.32, 280.09, 20.23, 198.27, 23.56, 101.5, 22.81], (118.6748, 482.7109, 1202.281)]
[606.31, [440.0, 69.0, 29.0, 32.48, 361.79, 17.59, 272.21, 18.85, 182.57, 24.28, 88.51, 22.86], (119.6747, 478.0125, 1117.961)]
[812.96, [440.0, 69.0, 29.0, 28.07, 361.79, 18.58, 263.54, 20.99, 228.18, 22.13, 135.37, 19.65], (147.3627, 585.8972, 1384.208)]
[974.29, [440.0, 69.0, 29.0, 13.69, 345.58, 18.32, 280.09, 18.97, 198.27, 23.56, 101.5, 21.96], (131.2392, 344.8253, 514.9945)]
[1222.0, [440.0, 69.0, 29.0, 54.13, 345.27, 18.32, 280.09, 22.39, 213.66, 22.9, 75.96, 22.86], (110.6325, 436.3461, 1078.537)]
[1228.83, [440.0, 69.0, 29.0, 4.06, 345.58, 18.32, 280.09, 18.97, 208.25, 21.22, 72.16, 21.96], (153.9816, 541.9069, 1214.01)]
[1514.57, [440.0, 69.0, 29.0, 13.69, 336.83, 18.32, 280.09, 18.97, 156.97, 23.47, 128.25, 20.13], (144.5609, 264.7559, 562.3463)]
[1739.06, [440.0, 69.0, 29.0, 13.69, 345.58, 22.2, 276.84, 20.33, 213.82, 19.84, 87.72, 18.96], (161.0567, 553.218, 1263.256)]
[2145.42, [440.0, 69.0, 29.0, 60.98, 356.2, 16.32, 262.99, 17.96, 195.04, 22.77, 129.5, 19.67], (162.2202, 651.8569, 1563.545)]
[3714.25, [440.0, 69.0, 29.0, 45.33, 364.3, 19.91, 216.79, 21.0, 212.54, 21.16, 135.37, 19.82], (160.1909, 1443.217, 2508.856)]
[4857.51, [440, 69, 29, 52.94, 362.23, 14.74, 238.56, 20.88, 177.13, 19.37, 107.76, 16.93], (82.82033, 114.4591, 182.6531)]
[8108.39, [440.0, 69.0, 29.0, 60.98, 356.2, 16.97, 267.06, 18.97, 189.42, 23.72, 75.27, 22.86], (52.77488, 123.7673, 491.1412)]
[10052.07, [440.0, 69.0, 29.0, 38.68, 378.7, 19.42, 273.02, 19.06, 162.27, 23.56, 101.5, 21.02], (222.199, 1124.526, 2020.742)]
[10563.54, [440.0, 69.0, 29.0, 60.98, 337.73, 18.32, 280.09, 20.78, 156.97, 23.47, 128.25, 20.13], (29.9097, 131.084, 1345.585)]
[12034.3, [440.0, 69.0, 29.0, 38.68, 337.73, 18.32, 280.09, 20.78, 156.97, 23.47, 139.98, 20.13], (21.89314, 131.2494, 1030.999)]
[12147.11, [440, 69, 29, 39.55, 334.44, 21.79, 261.6, 15.17, 205.29, 14.52, 97.41, 18.06], (240.8203, 749.9778, 1688.24)]
[12513.1, [440.0, 69.0, 29.0, 54.94, 319.75, 21.43, 286.43, 20.45, 192.68, 24.19, 135.37, 20.62], (22.15255, 121.5396, 521.3253)]

Population size: 30
Number of couples: 13
Number of kept parents: 0
Best parent kept: True
Mutation Probability: 0.2
Mutation range (x, y): 15, 1.5
Number of Parameters: 4
Length, Width, Height: [440, 69, 29]
Target Frequencies: (130.8, 523.2, 1308.0)

Written time: 28/03/2023 15:57:11