[7.02, [440.0, 69.0, 29.0, 42.72, 341.4, 18.73, 284.82, 20.42, 162.56, 23.47, 129.29, 20.13], (131.1758, 524.3615, 1305.606)]
[24.17, [440.0, 69.0, 29.0, 43.37, 340.29, 18.63, 284.82, 20.42, 177.71, 23.47, 126.95, 20.32], (130.8031, 529.912, 1318.749)]
[31.15, [440.0, 69.0, 29.0, 42.72, 341.4, 18.73, 281.76, 20.82, 185.68, 23.54, 121.12, 19.62], (129.2484, 527.9004, 1310.426)]
[37.57, [440.0, 69.0, 29.0, 38.89, 352.49, 18.32, 284.82, 20.42, 162.56, 23.47, 129.29, 20.13], (131.2339, 520.5335, 1278.621)]
[57.38, [440.0, 69.0, 29.0, 38.89, 347.04, 18.63, 276.21, 20.42, 171.98, 23.47, 118.56, 19.56], (132.84, 528.1307, 1289.616)]
[64.51, [440.0, 69.0, 29.0, 51.79, 346.88, 18.76, 279.25, 20.44, 170.87, 23.22, 128.13, 20.34], (133.0451, 530.9203, 1323.432)]
[70.02, [440.0, 69.0, 29.0, 56.99, 341.4, 18.73, 283.69, 20.33, 167.89, 23.44, 127.72, 20.05], (132.2217, 532.4296, 1342.614)]
[105.01, [440.0, 69.0, 29.0, 46.59, 335.98, 18.41, 283.69, 20.33, 167.89, 23.44, 127.72, 20.05], (133.0497, 538.4122, 1348.844)]
[109.86, [440.0, 69.0, 29.0, 50.96, 333.88, 18.63, 283.69, 20.33, 167.89, 23.44, 127.72, 20.05], (132.8397, 538.4499, 1358.229)]
[118.71, [440.0, 69.0, 29.0, 56.99, 324.85, 18.55, 275.5, 20.59, 179.38, 23.65, 117.57, 19.93], (129.98, 541.1421, 1383.397)]
[129.99, [440.0, 69.0, 29.0, 44.78, 334.2, 18.63, 284.51, 20.37, 167.19, 23.38, 127.96, 19.8], (133.8344, 540.0411, 1351.447)]
[323.67, [440.0, 69.0, 29.0, 42.72, 324.85, 18.46, 275.5, 20.59, 179.38, 23.07, 119.34, 19.56], (137.3159, 559.1509, 1393.446)]
[1034.43, [440.0, 69.0, 29.0, 46.59, 335.98, 18.41, 281.76, 20.82, 195.56, 23.54, 121.12, 20.0], (128.9998, 537.6067, 2289.466)]
[13113.67, [440.0, 69.0, 29.0, 43.37, 340.29, 18.63, 284.82, 20.42, 177.71, 23.47, 126.95, 20.32], (21.80941, 52.43187, 514.3309)]
[80658.81, [440.0, 69.0, 29.0, 50.96, 333.88, 18.63, 286.72, 20.42, 171.98, 23.47, 117.57, 19.93], (523.9685, 1327.68, 2398.525)]

Population size: 15
Number of couples: 7
Number of kept parents: 0
Best parent kept: True
Mutation Probability: 0.05
Mutation range (x, y): 10, 0.4
Number of Parameters: 4
Length, Width, Height: [440, 69, 29]
Target Frequencies: (130.8, 523.2, 1308.0)

Written time: 29/03/2023 12:13:20