[24.08, [440.0, 69.0, 29.0, 43.79, 365.32, 19.44, 275.87, 21.87, 211.38, 22.69, 135.97, 19.65], (130.9181, 532.2079, 1302.34)]
[24.64, [440.0, 69.0, 29.0, 42.91, 365.32, 19.44, 277.2, 22.03, 212.08, 22.66, 139.05, 19.65], (130.3026, 532.344, 1305.154)]
[31.02, [440.0, 69.0, 29.0, 43.79, 369.87, 19.44, 275.87, 21.87, 211.38, 22.69, 135.97, 19.65], (130.6342, 528.9154, 1289.089)]
[33.34, [440.0, 69.0, 29.0, 38.0, 361.32, 19.44, 277.42, 21.83, 213.72, 22.71, 135.37, 19.65], (131.485, 534.1882, 1302.303)]
[36.26, [440.0, 69.0, 29.0, 38.0, 365.32, 19.53, 277.42, 21.87, 212.26, 22.69, 133.54, 19.65], (130.6065, 526.8948, 1279.982)]
[39.33, [440.0, 69.0, 29.0, 37.73, 361.32, 19.44, 277.42, 21.87, 211.81, 22.69, 135.37, 20.15], (129.6912, 525.2306, 1284.404)]
[40.79, [440.0, 69.0, 29.0, 47.42, 363.06, 19.44, 277.42, 22.08, 212.76, 22.58, 140.09, 19.73], (130.6345, 535.7977, 1322.925)]
[43.3, [440.0, 69.0, 29.0, 31.7, 361.32, 19.44, 277.42, 21.87, 211.81, 22.69, 135.37, 20.13], (129.9899, 524.3229, 1274.24)]
[44.34, [440.0, 69.0, 29.0, 47.39, 364.04, 19.4, 278.1, 22.03, 211.59, 22.67, 139.05, 20.17], (128.6473, 526.0955, 1301.037)]
[48.94, [440.0, 69.0, 29.0, 47.42, 361.93, 19.37, 275.72, 22.03, 210.52, 22.69, 135.37, 20.13], (128.4211, 524.8933, 1299.139)]
[52.77, [440.0, 69.0, 29.0, 47.39, 364.04, 19.4, 278.1, 22.03, 211.59, 22.69, 135.37, 20.02], (128.4689, 523.6657, 1291.75)]
[53.92, [440.0, 69.0, 29.0, 47.39, 364.04, 19.4, 278.1, 22.03, 211.59, 22.67, 139.05, 19.27], (131.193, 539.1396, 1327.578)]
[86.17, [440.0, 69.0, 29.0, 45.82, 361.32, 20.09, 277.42, 21.86, 212.05, 22.69, 135.37, 19.65], (129.9379, 526.812, 1378.943)]
[104.27, [440.0, 69.0, 29.0, 47.88, 343.97, 18.67, 286.22, 20.42, 169.89, 23.47, 124.87, 18.98], (133.7552, 537.359, 1333.15)]
[116.33, [440.0, 69.0, 29.0, 37.73, 365.32, 19.99, 277.42, 22.03, 212.05, 22.71, 139.05, 20.15], (127.5961, 516.2004, 1263.02)]
[118.43, [440.0, 69.0, 29.0, 45.82, 360.64, 19.9, 277.42, 22.11, 212.05, 22.67, 134.28, 20.15], (127.0379, 516.1702, 1276.595)]
[177.74, [440.0, 69.0, 29.0, 39.02, 365.88, 19.36, 277.57, 22.4, 212.05, 22.77, 139.98, 20.13], (125.3838, 516.0015, 1270.711)]
[279.65, [440.0, 69.0, 29.0, 47.26, 365.32, 19.44, 277.42, 21.87, 212.05, 23.56, 135.09, 19.65], (122.6915, 514.2284, 1277.184)]
[436.25, [440.0, 69.0, 29.0, 42.91, 366.87, 19.34, 276.18, 21.87, 212.05, 23.52, 126.8, 20.13], (120.9484, 499.2436, 1228.874)]
[550.84, [440.0, 69.0, 29.0, 39.02, 365.88, 19.36, 277.57, 22.03, 212.05, 22.77, 139.98, 19.27], (130.6576, 548.7407, 808.7783)]
[1428.14, [440.0, 69.0, 29.0, 44.77, 365.32, 19.49, 277.42, 22.03, 212.05, 22.67, 139.86, 19.7], (134.4908, 215.3108, 566.5403)]
[1907.67, [440.0, 69.0, 29.0, 45.82, 360.64, 19.9, 277.42, 21.69, 212.26, 22.67, 139.05, 19.27], (133.4616, 919.8336, 2378.985)]
[7189.54, [440, 69, 29, 42.78, 340.08, 22.39, 229.9, 21.04, 186.13, 17.75, 143.3, 18.07], (207.3796, 671.8946, 1498.687)]
[11665.95, [440.0, 69.0, 29.0, 37.73, 361.32, 19.44, 277.42, 21.87, 211.81, 22.89, 135.58, 20.13], (25.49952, 144.0171, 1205.937)]
[20323.06, [440.0, 69.0, 29.0, 37.73, 365.32, 19.44, 277.42, 22.03, 212.05, 22.71, 139.05, 20.15], (277.7452, 1258.651, 2347.32)]
[78313.81, [440.0, 69.0, 29.0, 41.97, 365.32, 19.37, 265.82, 22.03, 212.01, 22.82, 135.37, 20.15], (516.6106, 1291.503, 2304.046)]
[80114.0, [440.0, 69.0, 29.0, 47.88, 343.97, 18.67, 286.22, 20.42, 169.89, 23.47, 124.87, 20.17], (522.4025, 1298.534, 2377.311)]
[80321.6, [440.0, 69.0, 29.0, 45.82, 361.32, 19.9, 277.42, 21.86, 212.05, 22.69, 135.37, 19.65], (523.2401, 1301.034, 2331.152)]
[103063.09, [440.0, 69.0, 29.0, 51.57, 360.64, 19.9, 277.42, 21.87, 212.26, 22.69, 135.37, 19.65], (595.8207, 1378.578, 2381.697)]
[399677.16, [440.0, 69.0, 29.0, 42.9, 365.32, 19.42, 277.98, 21.87, 210.07, 22.74, 131.71, 19.27], (1290.562, 2219.15, 2633.078)]

Population size: 30
Number of couples: 14
Number of kept parents: 0
Best parent kept: True
Mutation Probability: 0.1
Mutation range (x, y): 10, 1
Number of Parameters: 4
Length, Width, Height: [440, 69, 29]
Target Frequencies: (130.8, 523.2, 1308.0)

Written time: 28/03/2023 21:08:54