[20.2, [440.0, 69.0, 29.0, 47.11, 365.32, 19.37, 277.42, 21.87, 210.83, 22.69, 135.37, 19.65], (130.7169, 531.7594, 1305.162)]
[23.39, [440.0, 69.0, 29.0, 45.82, 362.48, 19.9, 277.42, 21.87, 216.34, 22.69, 134.53, 19.65], (130.4741, 529.6489, 1299.364)]
[24.31, [440.0, 69.0, 29.0, 45.37, 361.32, 19.44, 277.42, 21.87, 210.02, 22.69, 132.13, 19.36], (131.2422, 533.5523, 1308.664)]
[27.55, [440.0, 69.0, 29.0, 47.26, 360.66, 19.44, 277.42, 21.99, 212.05, 22.67, 131.06, 19.65], (129.7756, 528.2329, 1300.888)]
[30.0, [440.0, 69.0, 29.0, 42.91, 365.32, 19.44, 281.81, 21.87, 212.05, 22.69, 135.37, 19.65], (130.4863, 528.24, 1289.839)]
[31.26, [440.0, 69.0, 29.0, 38.13, 360.34, 19.44, 277.52, 22.03, 212.05, 22.69, 135.37, 19.65], (130.0202, 530.1054, 1297.435)]
[33.65, [440.0, 69.0, 29.0, 42.91, 365.32, 19.44, 277.42, 22.06, 213.5, 22.75, 139.05, 19.27], (130.4528, 536.2367, 1313.534)]
[35.09, [440.0, 69.0, 29.0, 47.11, 365.32, 19.44, 276.32, 22.03, 216.55, 22.51, 135.37, 19.65], (131.6552, 535.2187, 1311.145)]
[35.63, [440.0, 69.0, 29.0, 44.24, 365.32, 19.44, 277.42, 21.87, 215.03, 22.69, 135.37, 20.09], (129.7596, 526.5332, 1289.646)]
[35.83, [440.0, 69.0, 29.0, 42.91, 364.13, 19.11, 277.42, 22.03, 212.05, 22.77, 136.03, 19.27], (130.6291, 536.9563, 1315.614)]
[38.01, [440.0, 69.0, 29.0, 47.26, 367.71, 19.44, 277.42, 21.87, 212.05, 22.81, 135.37, 19.65], (129.4827, 527.6541, 1294.019)]
[41.61, [440.0, 69.0, 29.0, 38.95, 361.39, 19.44, 277.42, 22.07, 212.05, 22.72, 135.37, 19.65], (129.3568, 528.1165, 1293.562)]
[42.2, [440.0, 69.0, 29.0, 42.91, 365.32, 19.34, 277.42, 21.87, 213.5, 22.69, 138.79, 19.61], (131.6591, 537.401, 1313.84)]
[43.71, [440.0, 69.0, 29.0, 45.82, 361.32, 19.94, 281.81, 21.87, 212.05, 22.88, 134.14, 19.27], (129.0326, 525.984, 1293.353)]
[46.39, [440.0, 69.0, 29.0, 42.91, 361.96, 19.44, 279.89, 21.91, 212.05, 22.72, 132.32, 19.65], (132.2733, 532.8305, 1298.749)]
[55.74, [440.0, 69.0, 29.0, 38.0, 365.32, 19.44, 277.42, 21.64, 213.5, 22.85, 135.37, 19.27], (132.5006, 537.8867, 1303.813)]
[68.6, [440.0, 69.0, 29.0, 42.27, 364.41, 19.44, 276.51, 21.87, 212.05, 22.91, 135.37, 19.95], (128.0849, 523.3234, 1284.385)]
[73.62, [440.0, 69.0, 29.0, 38.56, 365.32, 19.44, 277.42, 21.87, 213.5, 22.69, 140.25, 19.27], (132.7442, 541.7408, 1317.433)]
[76.71, [440.0, 69.0, 29.0, 38.62, 366.87, 19.44, 277.42, 21.78, 212.05, 22.52, 139.05, 19.65], (133.4848, 537.9472, 1304.771)]
[83.89, [440.0, 69.0, 29.0, 42.91, 365.32, 19.46, 279.06, 21.87, 212.05, 22.69, 130.79, 20.13], (128.7043, 517.7336, 1265.383)]
[170.06, [440.0, 69.0, 29.0, 45.82, 361.32, 19.9, 277.42, 22.61, 214.93, 22.69, 134.87, 19.44], (125.1958, 517.3444, 1282.324)]
[178.68, [440.0, 69.0, 29.0, 46.22, 347.07, 19.06, 277.12, 21.87, 215.49, 22.69, 135.37, 19.52], (133.377, 554.953, 1381.808)]
[2776.67, [440.0, 69.0, 29.0, 51.51, 346.45, 19.06, 276.43, 22.61, 212.05, 22.69, 135.37, 20.14], (125.8679, 1292.032, 2437.473)]
[2933.81, [440.0, 69.0, 29.0, 42.91, 365.32, 19.41, 277.42, 21.83, 212.05, 22.66, 139.05, 20.15], (131.1632, 1461.148, 2363.721)]
[7470.82, [440, 69, 29, 69.75, 334.64, 16.2, 243.88, 20.1, 157.68, 16.83, 132.36, 18.46], (204.7343, 800.413, 1867.147)]
[8837.1, [440.0, 69.0, 29.0, 38.95, 365.32, 19.44, 277.42, 21.95, 213.5, 22.94, 130.65, 19.27], (49.81846, 128.731, 547.3485)]
[53671.72, [440.0, 69.0, 29.0, 42.91, 365.32, 19.44, 277.42, 22.13, 212.05, 22.5, 139.05, 19.27], (436.8851, 546.6125, 1382.421)]
[58033.77, [440.0, 69.0, 29.0, 38.0, 364.03, 19.44, 278.34, 21.84, 212.05, 22.94, 140.25, 19.27], (444.6483, 1234.374, 2318.8)]
[76758.15, [440.0, 69.0, 29.0, 38.95, 365.32, 19.44, 277.42, 22.03, 212.86, 22.73, 134.47, 20.15], (511.9297, 1247.793, 2210.755)]
[81158.37, [440.0, 69.0, 29.0, 42.91, 365.32, 19.11, 275.77, 22.03, 213.82, 22.72, 135.37, 19.45], (526.0493, 1299.759, 2334.22)]

Population size: 30
Number of couples: 14
Number of kept parents: 0
Best parent kept: True
Mutation Probability: 0.25
Mutation range (x, y): 5, 0.3
Number of Parameters: 4
Length, Width, Height: [440, 69, 29]
Target Frequencies: (130.8, 523.2, 1308.0)

Written time: 28/03/2023 20:08:44