[62.16, [440.0, 69.0, 29.0, 44.3, 365.96, 19.29, 279.71, 20.93, 229.89, 23.58, 122.57, 19.59], (129.1715, 529.7276, 1279.672)]
[84.38, [440.0, 69.0, 29.0, 47.88, 352.09, 19.44, 277.52, 21.27, 229.89, 23.58, 122.57, 19.59], (127.6617, 533.3344, 1316.513)]
[94.83, [440.0, 69.0, 29.0, 47.88, 349.89, 19.44, 277.52, 21.17, 229.89, 23.58, 126.76, 19.46], (129.5, 544.2661, 1345.873)]
[107.41, [440.0, 69.0, 29.0, 47.88, 350.35, 19.58, 283.94, 21.87, 215.28, 23.09, 139.55, 19.17], (129.5025, 543.6694, 1359.692)]
[124.31, [440.0, 69.0, 29.0, 47.88, 352.09, 19.44, 283.94, 21.87, 215.28, 23.09, 144.14, 19.17], (130.1907, 549.6612, 1374.629)]
[124.31, [440.0, 69.0, 29.0, 47.88, 352.09, 19.44, 283.94, 21.87, 215.28, 23.09, 144.14, 19.17], (130.1907, 549.6612, 1374.63)]
[133.89, [440.0, 69.0, 29.0, 47.88, 349.89, 19.44, 283.94, 21.87, 215.28, 23.09, 144.14, 19.17], (130.3421, 551.4806, 1382.226)]
[140.44, [440.0, 69.0, 29.0, 47.88, 342.95, 19.44, 277.52, 20.93, 230.53, 23.58, 126.76, 19.46], (131.58, 555.2166, 1377.515)]
[150.93, [440.0, 69.0, 29.0, 47.88, 352.09, 19.47, 283.94, 21.87, 215.28, 23.33, 144.14, 19.17], (127.8717, 544.3886, 1366.439)]
[156.24, [440.0, 69.0, 29.0, 74.36, 352.09, 19.44, 277.52, 21.17, 229.89, 23.39, 126.76, 19.46], (131.0385, 551.9428, 1405.587)]
[160.2, [440.0, 69.0, 29.0, 47.88, 352.09, 19.58, 283.94, 21.87, 215.28, 23.33, 144.14, 19.59], (126.4554, 536.7936, 1350.454)]
[160.41, [440.0, 69.0, 29.0, 47.88, 352.09, 18.67, 280.1, 21.87, 209.39, 23.09, 144.14, 19.17], (131.0763, 557.6352, 1398.089)]
[182.96, [440.0, 69.0, 29.0, 47.88, 349.46, 19.58, 283.94, 21.87, 211.97, 23.33, 128.65, 19.61], (124.3648, 518.0613, 1298.563)]
[187.04, [440.0, 69.0, 29.0, 50.63, 352.09, 19.44, 283.94, 21.87, 215.28, 23.65, 139.17, 17.23], (129.4199, 560.5712, 1404.089)]
[226.51, [440.0, 69.0, 29.0, 47.88, 352.09, 19.44, 277.52, 21.17, 229.89, 23.58, 144.14, 19.17], (132.9257, 569.703, 1410.513)]
[240.05, [440.0, 69.0, 29.0, 47.88, 349.89, 19.73, 283.94, 21.87, 215.28, 23.33, 122.57, 19.59], (123.8098, 511.6639, 1275.835)]
[357.91, [440.0, 69.0, 29.0, 47.88, 350.35, 19.58, 280.1, 20.72, 215.28, 23.33, 144.83, 19.17], (136.8628, 573.005, 1417.015)]
[402.55, [440.0, 69.0, 29.0, 47.88, 349.89, 19.44, 277.52, 20.93, 229.89, 23.33, 144.14, 19.17], (137.2019, 581.3497, 1432.272)]
[791.59, [440.0, 69.0, 29.0, 47.88, 365.96, 19.57, 279.71, 20.93, 229.89, 23.58, 122.57, 19.1], (130.5506, 531.926, 535.1107)]
[875.81, [440.0, 69.0, 29.0, 47.88, 354.78, 19.58, 283.94, 21.87, 215.28, 23.53, 144.14, 19.17], (125.4716, 175.1161, 1251.354)]
[2084.59, [440.0, 69.0, 29.0, 47.88, 349.89, 19.44, 280.1, 20.72, 215.28, 23.18, 144.14, 19.17], (138.5879, 1286.663, 1648.328)]
[2223.89, [440, 69, 29, 40.29, 347.14, 21.05, 258.12, 16.82, 151.43, 21.53, 74.05, 21.04], (166.1794, 550.2708, 1242.638)]
[2786.14, [440, 69, 29, 68.36, 357.51, 21.2, 230.47, 21.39, 172.12, 16.44, 105.97, 17.17], (169.223, 637.5849, 1483.671)]
[2869.65, [440.0, 69.0, 29.0, 47.88, 365.96, 19.57, 279.71, 20.93, 234.22, 23.86, 139.17, 17.23], (88.91802, 560.2149, 1393.176)]
[3166.73, [440.0, 69.0, 29.0, 46.17, 345.72, 19.44, 277.52, 20.93, 230.53, 23.58, 122.57, 19.17], (132.7196, 1367.773, 2758.992)]
[3328.44, [440.0, 69.0, 29.0, 62.61, 336.07, 19.99, 283.94, 21.87, 215.28, 23.33, 144.14, 19.59], (99.18767, 126.822, 549.7182)]
[5106.78, [440.0, 69.0, 29.0, 47.88, 352.09, 19.58, 283.94, 21.87, 211.97, 23.28, 144.14, 19.17], (79.66015, 127.802, 649.1373)]
[8416.66, [440.0, 69.0, 29.0, 47.88, 352.09, 19.44, 283.94, 20.93, 229.81, 23.58, 126.76, 19.59], (53.00035, 129.7895, 540.4112)]
[8687.08, [440.0, 69.0, 29.0, 47.88, 352.09, 19.44, 288.15, 21.87, 215.28, 23.33, 144.14, 19.59], (40.15732, 513.2475, 1345.412)]
[12554.85, [440.0, 69.0, 29.0, 47.88, 352.09, 19.58, 283.94, 21.87, 215.28, 23.33, 144.14, 19.17], (24.03223, 133.054, 565.5936)]

Population size: 30
Number of couples: 14
Number of kept parents: 0
Best parent kept: False
Mutation Probability: 0.05
Mutation range (x, y): 5, 0.3
Number of Parameters: 4
Length, Width, Height: [440, 69, 29]
Target Frequencies: (130.8, 523.2, 1308.0)

Written time: 29/03/2023 04:25:01