[394.15, [440.0, 69.0, 29.0, 38.68, 364.3, 17.77, 277.42, 20.63, 198.27, 22.77, 87.03, 17.79], (141.1819, 544.121, 1269.283)]
[586.29, [440.0, 69.0, 29.0, 33.97, 364.3, 17.77, 277.42, 20.27, 202.41, 22.77, 135.37, 19.65], (143.8339, 574.789, 1372.146)]
[621.54, [440.0, 69.0, 29.0, 35.49, 353.27, 21.08, 254.73, 21.46, 192.45, 20.11, 116.09, 21.12], (145.6627, 531.5447, 1267.797)]
[760.05, [440.0, 69.0, 29.0, 38.68, 364.3, 17.0, 264.31, 20.67, 202.41, 22.53, 135.37, 19.65], (145.8345, 590.4118, 1417.886)]
[845.13, [440.0, 69.0, 29.0, 48.12, 361.73, 20.49, 280.56, 18.85, 202.41, 22.77, 135.37, 19.65], (119.076, 149.1987, 1238.304)]
[1189.71, [440.0, 69.0, 29.0, 35.38, 360.99, 18.32, 280.09, 19.06, 148.37, 21.16, 74.28, 21.96], (153.0533, 522.1599, 1169.095)]
[1196.82, [440.0, 69.0, 29.0, 35.38, 354.18, 18.32, 280.09, 19.06, 148.37, 21.16, 74.28, 21.96], (153.3406, 525.5245, 1183.665)]
[1212.99, [440.0, 69.0, 29.0, 35.38, 345.58, 18.32, 280.09, 19.06, 148.37, 21.16, 74.28, 21.96], (153.7376, 530.0622, 1200.424)]
[1867.42, [440.0, 69.0, 29.0, 11.12, 313.65, 21.66, 220.02, 17.78, 153.67, 23.39, 134.25, 15.28], (102.3927, 171.0511, 1309.205)]
[2024.0, [440.0, 69.0, 29.0, 36.47, 318.22, 20.93, 247.45, 16.63, 203.98, 21.1, 101.47, 22.78], (163.4704, 594.9113, 1392.915)]
[2034.02, [440.0, 69.0, 29.0, 38.68, 364.3, 17.77, 277.42, 18.85, 192.25, 21.53, 99.28, 20.78], (163.9515, 589.6804, 1366.76)]
[2036.09, [440.0, 69.0, 29.0, 24.33, 307.48, 20.1, 247.45, 16.63, 203.98, 23.56, 101.47, 22.78], (141.432, 1287.585, 2233.033)]
[2437.71, [440.0, 69.0, 29.0, 13.69, 314.18, 18.73, 239.45, 19.52, 196.57, 21.96, 87.03, 17.2], (166.9313, 635.3727, 1461.71)]
[2720.8, [440.0, 69.0, 29.0, 60.98, 304.31, 18.93, 249.77, 18.13, 173.03, 23.05, 143.69, 19.09], (166.3599, 687.4763, 1744.015)]
[3105.84, [440.0, 69.0, 29.0, 54.94, 333.53, 21.53, 279.68, 14.2, 196.68, 22.36, 141.87, 21.41], (172.8284, 658.0425, 1554.328)]
[3400.01, [440.0, 69.0, 29.0, 54.94, 333.53, 21.53, 279.68, 14.92, 207.93, 22.36, 151.6, 20.55], (175.1008, 677.1344, 1605.47)]
[4578.13, [440.0, 69.0, 29.0, 13.69, 306.65, 19.83, 263.69, 16.53, 218.85, 22.06, 102.44, 16.83], (186.4236, 693.4916, 1567.36)]
[5364.65, [440.0, 69.0, 29.0, 52.17, 338.74, 20.82, 252.01, 17.66, 184.01, 16.94, 127.15, 22.86], (193.8539, 645.6528, 1543.312)]
[5598.01, [440.0, 69.0, 29.0, 51.87, 313.41, 21.03, 260.24, 17.83, 194.38, 16.86, 127.79, 22.74], (194.9664, 666.7982, 1622.433)]
[6157.66, [440.0, 69.0, 29.0, 21.77, 305.55, 19.95, 239.45, 20.63, 199.15, 21.96, 139.8, 19.65], (194.6836, 862.6958, 2020.127)]
[6164.21, [440, 69, 29, 26.99, 302.42, 21.2, 277.25, 17.25, 164.91, 15.19, 126.85, 16.65], (64.316, 227.9898, 1756.048)]
[6405.01, [440.0, 69.0, 29.0, 10.81, 364.47, 21.47, 292.88, 14.72, 150.32, 20.96, 102.83, 16.04], (203.2345, 649.9971, 1421.426)]
[6692.75, [440.0, 69.0, 29.0, 53.48, 360.74, 20.47, 250.73, 15.01, 194.38, 16.86, 127.79, 22.74], (58.2316, 218.0198, 1513.683)]
[7869.36, [440.0, 69.0, 29.0, 53.6, 343.22, 16.28, 226.63, 17.37, 202.16, 14.89, 127.95, 19.65], (210.3252, 239.8041, 813.844)]
[10731.75, [440.0, 69.0, 29.0, 35.49, 353.27, 21.08, 254.73, 21.46, 199.79, 16.94, 127.86, 22.86], (26.23231, 544.0503, 1325.979)]
[13766.79, [440, 69, 29, 58.78, 315.12, 16.32, 224.78, 21.34, 214.78, 14.87, 106.68, 18.86], (249.9192, 779.4542, 1817.662)]
[87767.52, [440.0, 69.0, 29.0, 38.68, 364.3, 17.77, 271.85, 20.27, 202.41, 22.77, 135.37, 19.65], (549.7858, 1390.221, 2445.7)]
[95285.42, [440, 69, 29, 59.13, 305.37, 20.23, 281.74, 14.67, 178.59, 21.08, 75.4, 20.39], (572.8932, 1403.056, 2758.995)]
[99916.06, [440.0, 69.0, 29.0, 52.17, 341.5, 21.13, 248.69, 17.66, 192.45, 19.44, 116.09, 22.53], (587.8371, 1437.954, 2601.967)]
[108875.11, [440.0, 69.0, 29.0, 50.0, 313.41, 21.03, 260.24, 17.83, 216.79, 19.74, 82.65, 21.04], (615.2257, 1450.299, 2635.502)]

Population size: 30
Number of couples: 13
Number of kept parents: 0
Best parent kept: True
Mutation Probability: 0.2
Mutation range (x, y): 15, 1.5
Number of Parameters: 4
Length, Width, Height: [440, 69, 29]
Target Frequencies: (130.8, 523.2, 1308.0)

Written time: 28/03/2023 14:18:13