[143.3, [440.0, 69.0, 29.0, 47.88, 361.32, 19.99, 280.1, 21.87, 212.19, 23.65, 139.17, 17.23], (127.684, 545.0626, 1352.571)]
[143.66, [440.0, 69.0, 29.0, 47.88, 352.09, 19.44, 292.01, 21.87, 214.12, 23.33, 144.14, 19.17], (127.0853, 538.0172, 1350.429)]
[147.48, [440.0, 69.0, 29.0, 47.88, 352.09, 19.44, 288.15, 21.87, 214.12, 23.33, 144.14, 19.17], (127.4105, 540.8062, 1357.863)]
[151.36, [440.0, 69.0, 29.0, 47.88, 352.09, 19.44, 283.94, 21.87, 215.28, 23.33, 144.14, 19.17], (127.9169, 544.7448, 1367.32)]
[171.56, [440.0, 69.0, 29.0, 58.18, 336.07, 18.67, 280.1, 20.72, 169.89, 23.47, 86.97, 19.39], (127.8674, 502.4573, 1228.145)]
[177.26, [440.0, 69.0, 29.0, 58.18, 352.09, 19.44, 288.15, 21.87, 214.12, 23.47, 134.33, 18.88], (125.5664, 531.9834, 1347.963)]
[179.73, [440.0, 69.0, 29.0, 58.18, 352.09, 19.44, 288.15, 21.87, 214.12, 23.33, 142.26, 19.37], (126.4497, 537.5579, 1368.282)]
[256.45, [440.0, 69.0, 29.0, 75.06, 336.07, 18.67, 280.1, 20.93, 229.89, 23.58, 126.76, 20.4], (128.4624, 557.3261, 1460.457)]
[267.68, [440.0, 69.0, 29.0, 47.88, 336.07, 18.67, 280.1, 20.92, 169.89, 23.47, 86.97, 19.6], (125.9969, 494.88, 1202.226)]
[269.81, [440.0, 69.0, 29.0, 47.88, 342.07, 17.0, 280.07, 20.93, 229.89, 23.58, 126.76, 19.59], (133.1999, 574.9394, 1437.148)]
[272.61, [440.0, 69.0, 29.0, 75.06, 336.07, 18.67, 280.1, 20.91, 169.89, 23.47, 86.97, 19.79], (125.1908, 492.9675, 1228.704)]
[281.22, [440.0, 69.0, 29.0, 47.88, 342.07, 16.82, 280.07, 20.93, 229.89, 23.58, 126.76, 19.59], (133.3494, 576.499, 1441.918)]
[281.22, [440.0, 69.0, 29.0, 47.88, 342.07, 16.82, 280.07, 20.93, 229.89, 23.58, 126.76, 19.59], (133.3494, 576.499, 1441.918)]
[284.97, [440.0, 69.0, 29.0, 74.36, 343.97, 17.41, 277.52, 20.93, 229.89, 23.58, 122.57, 19.59], (132.2616, 572.9479, 1475.799)]
[307.12, [440.0, 69.0, 29.0, 47.88, 352.09, 19.44, 288.15, 21.87, 214.12, 23.47, 139.38, 20.4], (121.6306, 513.4944, 1297.945)]
[332.71, [440.0, 69.0, 29.0, 39.76, 343.97, 17.41, 280.1, 19.13, 169.11, 24.38, 150.45, 20.39], (135.4802, 574.2826, 1437.293)]
[401.28, [440.0, 69.0, 29.0, 74.36, 365.96, 19.29, 280.07, 20.93, 229.89, 24.38, 150.45, 20.4], (121.6652, 541.8499, 1395.896)]
[412.6, [440.0, 69.0, 29.0, 47.88, 352.09, 19.44, 283.94, 21.87, 215.28, 23.47, 126.76, 20.4], (120.6106, 502.6923, 1261.673)]
[422.5, [440.0, 69.0, 29.0, 37.39, 343.97, 17.41, 280.1, 19.13, 169.11, 23.58, 126.76, 20.4], (140.2541, 561.3221, 1363.561)]
[867.42, [440.0, 69.0, 29.0, 39.76, 343.97, 17.41, 280.1, 19.13, 169.11, 23.58, 133.01, 18.88], (146.2243, 589.5481, 1436.956)]
[1024.71, [440.0, 69.0, 29.0, 47.88, 358.8, 19.29, 280.1, 20.92, 169.89, 23.47, 86.97, 19.6], (151.2545, 567.6749, 1318.671)]
[1081.32, [440, 69, 29, 59.74, 362.56, 20.44, 255.28, 22.28, 164.73, 17.49, 122.25, 22.52], (152.6622, 545.9643, 1294.418)]
[3613.79, [440.0, 69.0, 29.0, 47.88, 358.8, 19.29, 280.1, 19.13, 169.11, 24.38, 150.45, 20.39], (95.83492, 132.64, 542.8575)]
[3875.53, [440.0, 69.0, 29.0, 58.18, 342.07, 16.82, 280.07, 20.93, 229.89, 23.28, 126.76, 19.59], (92.39405, 136.4015, 586.1854)]
[9161.53, [440.0, 69.0, 29.0, 47.88, 365.96, 19.29, 280.07, 20.93, 229.89, 24.38, 150.45, 20.39], (36.82817, 535.6331, 1335.126)]
[13287.07, [440, 69, 29, 68.11, 337.73, 16.79, 278.58, 18.99, 191.19, 15.94, 130.49, 18.9], (222.8644, 1779.903, 3248.066)]
[74357.55, [440.0, 69.0, 29.0, 75.06, 336.07, 18.67, 280.1, 20.72, 169.89, 23.47, 86.97, 19.39], (503.1706, 1248.313, 2359.32)]
[86171.21, [440.0, 69.0, 29.0, 74.36, 365.96, 19.29, 280.07, 20.93, 229.89, 20.69, 133.01, 19.05], (538.6211, 1740.127, 2687.592)]
[89181.21, [440.0, 69.0, 29.0, 74.36, 358.8, 19.29, 280.1, 20.93, 229.89, 23.58, 126.76, 19.11], (551.9645, 1378.177, 2346.64)]
[173313.77, [440.0, 69.0, 29.0, 47.88, 299.7, 16.88, 228.59, 18.46, 171.0, 24.38, 150.45, 20.39], (788.2838, 1905.793, 3268.221)]

Population size: 30
Number of couples: 14
Number of kept parents: 0
Best parent kept: False
Mutation Probability: 0.05
Mutation range (x, y): 5, 0.3
Number of Parameters: 4
Length, Width, Height: [440, 69, 29]
Target Frequencies: (130.8, 523.2, 1308.0)

Written time: 29/03/2023 02:51:49