[163.43, [440.0, 69.0, 29.0, 60.98, 345.58, 18.32, 262.55, 19.06, 148.37, 24.06, 80.06, 21.08], (130.8984, 495.6016, 1172.477)]
[173.92, [440.0, 69.0, 29.0, 38.95, 361.79, 17.77, 277.42, 21.56, 212.05, 22.77, 135.37, 19.65], (135.2255, 556.5205, 1355.497)]
[263.74, [440.0, 69.0, 29.0, 48.12, 361.73, 20.49, 280.56, 20.27, 202.41, 22.77, 133.28, 19.65], (139.0185, 543.2761, 1316.057)]
[535.67, [440.0, 69.0, 29.0, 42.32, 334.87, 18.32, 280.09, 19.13, 148.37, 22.32, 74.28, 21.96], (142.4677, 512.0203, 1182.06)]
[551.17, [440.0, 69.0, 29.0, 35.38, 334.87, 18.32, 275.57, 19.06, 148.37, 22.43, 80.06, 21.96], (143.0754, 516.3262, 1193.79)]
[672.98, [440.0, 69.0, 29.0, 33.97, 364.3, 17.77, 277.42, 19.13, 133.55, 22.32, 74.28, 21.96], (143.7196, 499.9357, 1122.661)]
[1173.67, [440.0, 69.0, 29.0, 34.88, 345.58, 18.32, 280.09, 19.06, 158.26, 21.16, 74.28, 21.93], (153.2666, 532.2652, 1208.287)]
[1178.39, [440.0, 69.0, 29.0, 32.72, 361.79, 17.59, 277.42, 18.85, 189.21, 22.9, 135.37, 19.65], (152.3573, 597.6229, 1411.066)]
[1184.27, [440.0, 69.0, 29.0, 13.69, 314.18, 19.91, 238.3, 19.52, 200.19, 21.16, 82.92, 21.96], (134.389, 154.4297, 560.4939)]
[1287.68, [440.0, 69.0, 29.0, 48.12, 361.73, 20.49, 280.56, 18.85, 189.21, 22.13, 135.37, 19.65], (154.6235, 578.2633, 1377.805)]
[1294.63, [440.0, 69.0, 29.0, 60.74, 319.8, 20.55, 264.8, 19.91, 195.77, 23.56, 101.5, 22.78], (121.7109, 315.7531, 494.8325)]
[1443.7, [440.0, 69.0, 29.0, 38.68, 364.3, 17.77, 282.68, 20.37, 152.15, 22.36, 141.87, 21.41], (140.2563, 816.6497, 2167.456)]
[1889.09, [440.0, 69.0, 29.0, 38.68, 364.3, 17.77, 239.49, 19.76, 200.19, 21.96, 87.03, 16.99], (161.6506, 609.2447, 1397.497)]
[2009.06, [440.0, 69.0, 29.0, 13.69, 326.09, 19.91, 239.49, 19.52, 200.19, 21.96, 87.03, 17.2], (163.0313, 608.5717, 1401.837)]
[2050.4, [440.0, 69.0, 29.0, 13.69, 321.18, 19.91, 277.42, 18.85, 181.68, 21.53, 99.28, 18.83], (164.0384, 593.3929, 1371.926)]
[2254.53, [440.0, 69.0, 29.0, 35.38, 354.18, 18.32, 280.09, 19.06, 149.81, 19.66, 69.95, 21.96], (166.6606, 552.1732, 1229.909)]
[2462.87, [440, 69, 29, 52.93, 358.21, 15.13, 282.95, 22.32, 147.12, 18.32, 76.73, 16.07], (167.9733, 617.8255, 1409.793)]
[2871.16, [440.0, 69.0, 29.0, 54.94, 333.53, 20.16, 279.68, 14.2, 205.4, 21.16, 68.94, 21.96], (172.8348, 614.0672, 1362.999)]
[4576.18, [440.0, 69.0, 29.0, 38.68, 364.3, 17.52, 286.77, 19.51, 198.27, 16.96, 133.56, 22.67], (187.7448, 637.1411, 1473.082)]
[5320.9, [440.0, 69.0, 29.0, 54.94, 323.08, 20.16, 279.68, 14.2, 196.68, 21.96, 87.03, 17.2], (192.8629, 691.8942, 1570.893)]
[8774.94, [440.0, 69.0, 29.0, 48.29, 334.87, 18.32, 275.57, 19.06, 148.37, 22.59, 80.06, 20.89], (47.17761, 156.339, 546.7904)]
[10231.34, [440.0, 69.0, 29.0, 45.33, 345.27, 18.32, 280.09, 19.06, 198.27, 23.56, 101.5, 22.78], (33.20476, 125.377, 1115.948)]
[11477.11, [440.0, 69.0, 29.0, 60.98, 345.58, 18.32, 280.09, 20.27, 204.97, 22.93, 143.85, 19.53], (22.78059, 593.5935, 1488.002)]
[12522.28, [440, 69, 29, 66.6, 318.91, 22.46, 284.85, 14.5, 163.81, 22.27, 86.96, 16.08], (24.07265, 355.7366, 2636.933)]
[20985.28, [440.0, 69.0, 29.0, 38.68, 364.3, 17.77, 280.1, 19.51, 198.27, 24.1, 101.5, 23.42], (287.5889, 1124.048, 2060.052)]
[60107.77, [440.0, 69.0, 29.0, 38.68, 364.3, 16.73, 295.88, 19.51, 198.85, 23.56, 103.65, 22.78], (455.9022, 1178.502, 2142.625)]
[71417.94, [440.0, 69.0, 29.0, 35.38, 363.5, 17.07, 266.04, 19.06, 148.37, 22.36, 141.87, 22.37], (494.6177, 1384.861, 2469.67)]
[92176.66, [440.0, 69.0, 29.0, 33.97, 364.3, 17.77, 277.42, 20.27, 202.41, 22.77, 126.24, 19.65], (564.4248, 1338.198, 2373.111)]
[107103.39, [440.0, 69.0, 29.0, 70.88, 320.37, 20.8, 279.3, 18.7, 180.65, 22.28, 143.07, 20.89], (608.7859, 1547.426, 2885.639)]
[123718.31, [440, 69, 29, 71.81, 304.78, 19.43, 288.54, 18.83, 209.51, 15.72, 93.58, 16.95], (658.4638, 1818.494, 2521.711)]

Population size: 30
Number of couples: 13
Number of kept parents: 0
Best parent kept: True
Mutation Probability: 0.2
Mutation range (x, y): 15, 1.5
Number of Parameters: 4
Length, Width, Height: [440, 69, 29]
Target Frequencies: (130.8, 523.2, 1308.0)

Written time: 28/03/2023 14:39:54