[26.33, [440.0, 69.0, 29.0, 42.91, 365.32, 19.44, 277.42, 21.87, 212.05, 22.69, 135.37, 19.65], (130.81, 530.8125, 1296.906)]
[26.83, [440.0, 69.0, 29.0, 42.91, 365.32, 19.44, 277.42, 22.03, 212.05, 22.57, 135.37, 19.65], (130.6533, 529.7419, 1294.817)]
[27.16, [440.0, 69.0, 29.0, 42.91, 365.32, 19.52, 277.42, 21.87, 212.05, 22.69, 135.37, 19.65], (130.6744, 529.8514, 1294.585)]
[36.88, [440.0, 69.0, 29.0, 42.91, 365.32, 19.44, 277.42, 21.87, 212.05, 22.94, 135.37, 19.27], (129.6237, 531.3942, 1300.263)]
[38.8, [440.0, 69.0, 29.0, 38.0, 365.32, 19.44, 277.42, 21.87, 216.8, 22.69, 135.37, 19.65], (131.4256, 532.6779, 1293.104)]
[44.4, [440.0, 69.0, 29.0, 42.91, 365.32, 19.44, 277.42, 21.87, 212.05, 22.69, 135.37, 20.15], (129.3317, 523.5513, 1282.092)]
[48.01, [440.0, 69.0, 29.0, 42.91, 361.32, 19.44, 277.42, 22.03, 212.05, 22.77, 139.05, 19.27], (130.601, 538.4951, 1324.532)]
[50.66, [440.0, 69.0, 29.0, 32.48, 361.79, 18.75, 277.42, 22.39, 207.09, 22.57, 135.37, 19.65], (129.0847, 527.9637, 1289.331)]
[91.16, [440.0, 69.0, 29.0, 38.62, 365.32, 19.44, 277.42, 21.87, 212.05, 22.69, 130.79, 20.13], (128.9792, 519.3498, 1249.112)]
[102.7, [440.0, 69.0, 29.0, 42.04, 365.32, 19.44, 277.42, 21.87, 212.05, 22.69, 127.53, 20.13], (128.5192, 515.3352, 1255.473)]
[127.44, [440.0, 69.0, 29.0, 38.95, 343.71, 19.06, 275.22, 22.61, 214.98, 22.69, 135.37, 19.65], (127.8315, 539.6004, 1351.495)]
[139.08, [440.0, 69.0, 29.0, 42.91, 365.32, 19.44, 277.42, 21.87, 212.05, 22.17, 135.37, 19.65], (135.4421, 540.6266, 1312.207)]
[182.44, [440.0, 69.0, 29.0, 40.67, 361.79, 19.21, 275.22, 22.61, 214.98, 22.69, 135.37, 20.1], (124.9925, 516.8505, 1278.211)]
[185.52, [440.0, 69.0, 29.0, 46.84, 343.71, 18.63, 277.42, 22.03, 210.46, 22.69, 138.21, 19.65], (132.4895, 557.7879, 1402.38)]
[197.36, [440.0, 69.0, 29.0, 38.95, 361.79, 18.75, 276.13, 22.84, 208.0, 22.69, 135.37, 19.65], (124.3501, 518.4757, 1283.898)]
[218.1, [440.0, 69.0, 29.0, 47.88, 343.71, 18.94, 277.42, 21.87, 212.05, 22.57, 135.37, 19.65], (134.1272, 557.7478, 1396.314)]
[261.26, [440.0, 69.0, 29.0, 42.91, 365.32, 19.44, 277.42, 21.87, 212.05, 22.77, 101.5, 19.65], (126.5527, 496.0425, 1188.588)]
[273.28, [440.0, 69.0, 29.0, 42.91, 365.32, 19.44, 277.42, 22.03, 212.05, 22.69, 135.37, 19.65], (137.6073, 553.9084, 1342.253)]
[509.52, [440.0, 69.0, 29.0, 38.95, 359.0, 18.63, 288.51, 20.42, 212.05, 22.69, 135.37, 19.65], (141.9045, 566.5801, 1360.722)]
[698.83, [440.0, 69.0, 29.0, 42.91, 365.32, 19.44, 277.42, 21.87, 168.2, 23.47, 130.79, 20.55], (117.8699, 472.2148, 1176.083)]
[1529.14, [440.0, 69.0, 29.0, 38.95, 365.32, 19.42, 284.82, 20.42, 168.2, 23.17, 131.22, 20.13], (135.2139, 751.5395, 2287.729)]
[7252.11, [440.0, 69.0, 29.0, 38.95, 365.32, 19.44, 280.42, 22.03, 212.05, 22.63, 135.37, 19.65], (60.1072, 153.7418, 738.5845)]
[7911.64, [440.0, 69.0, 29.0, 38.95, 361.79, 19.44, 277.42, 21.87, 212.05, 22.69, 130.79, 20.13], (54.94166, 180.8409, 688.0882)]
[11177.74, [440.0, 69.0, 29.0, 38.95, 365.32, 19.44, 277.42, 21.87, 212.05, 22.69, 135.37, 20.9], (33.5578, 127.0674, 511.7184)]
[11236.37, [440, 69, 29, 25.46, 327.4, 20.14, 262.66, 17.98, 205.25, 15.92, 145.92, 14.6], (231.7943, 813.4841, 1814.284)]
[11479.17, [440.0, 69.0, 29.0, 47.88, 365.32, 19.44, 277.42, 22.03, 212.05, 22.69, 135.37, 19.65], (26.74318, 135.6172, 1218.649)]
[13070.4, [440.0, 69.0, 29.0, 38.95, 359.19, 18.95, 281.78, 22.03, 212.05, 22.69, 135.37, 19.65], (22.081, 43.99814, 531.9582)]
[78019.7, [440.0, 69.0, 29.0, 39.32, 365.32, 19.44, 277.42, 22.49, 212.05, 22.77, 139.05, 19.65], (515.8182, 1266.414, 2293.456)]
[86638.77, [440.0, 69.0, 29.0, 42.91, 365.32, 19.44, 277.42, 21.87, 212.05, 22.69, 135.37, 19.65], (543.3813, 1437.298, 2314.659)]
[277220.93, [440.0, 69.0, 29.0, 38.95, 365.32, 19.44, 277.42, 22.78, 214.7, 23.47, 130.79, 20.13], (1035.556, 2161.545, 3109.216)]

Population size: 30
Number of couples: 14
Number of kept parents: 0
Best parent kept: True
Mutation Probability: 0.08
Mutation range (x, y): 5, 0.5
Number of Parameters: 4
Length, Width, Height: [440, 69, 29]
Target Frequencies: (130.8, 523.2, 1308.0)

Written time: 28/03/2023 18:17:52