[7.02, [440.0, 69.0, 29.0, 42.72, 341.4, 18.73, 284.82, 20.42, 162.56, 23.47, 129.29, 20.13], (131.1758, 524.3615, 1305.606)]
[7.02, [440.0, 69.0, 29.0, 42.72, 341.4, 18.73, 284.82, 20.42, 162.56, 23.47, 129.29, 20.13], (131.1758, 524.3615, 1305.606)]
[32.86, [440.0, 69.0, 29.0, 43.37, 340.29, 18.41, 289.72, 20.33, 167.89, 23.44, 117.78, 20.05], (131.0622, 520.4644, 1281.95)]
[33.18, [440.0, 69.0, 29.0, 46.59, 335.98, 18.63, 284.82, 20.42, 170.36, 23.47, 126.95, 20.32], (130.8228, 529.5372, 1328.469)]
[40.0, [440.0, 69.0, 29.0, 43.37, 340.29, 18.63, 284.82, 20.42, 177.71, 23.47, 126.95, 20.13], (131.4119, 532.5312, 1324.547)]
[53.06, [440.0, 69.0, 29.0, 46.59, 335.98, 18.41, 292.91, 20.33, 167.89, 23.44, 127.72, 20.05], (131.8918, 531.9022, 1332.243)]
[62.93, [440.0, 69.0, 29.0, 42.72, 341.4, 18.73, 281.76, 20.82, 185.68, 23.54, 121.12, 20.05], (127.9098, 521.817, 1296.971)]
[71.43, [440.0, 69.0, 29.0, 38.89, 347.04, 18.63, 276.21, 20.42, 171.98, 23.47, 129.29, 19.86], (133.162, 535.0824, 1319.368)]
[72.96, [440.0, 69.0, 29.0, 42.72, 324.85, 18.55, 275.5, 20.59, 179.38, 23.65, 116.1, 19.93], (130.0243, 536.8815, 1346.766)]
[83.32, [440.0, 69.0, 29.0, 60.78, 346.88, 18.76, 279.25, 20.44, 170.87, 23.22, 128.13, 20.34], (132.9743, 532.3709, 1340.915)]
[98.59, [440.0, 69.0, 29.0, 38.89, 352.49, 18.32, 284.82, 20.42, 162.56, 23.47, 111.52, 19.56], (131.0454, 511.2571, 1234.511)]
[6344.29, [440.0, 69.0, 29.0, 56.99, 341.4, 18.73, 284.82, 20.05, 162.56, 23.47, 129.29, 20.48], (69.61845, 132.6799, 530.2884)]
[10640.57, [440.0, 69.0, 29.0, 46.59, 335.98, 18.41, 283.69, 20.33, 167.89, 23.44, 127.72, 19.62], (36.90147, 134.3151, 544.0891)]
[11075.42, [440.0, 69.0, 29.0, 56.99, 341.4, 18.73, 283.69, 20.33, 167.89, 23.15, 127.72, 20.05], (37.74794, 56.63763, 141.8346)]
[11213.45, [440.0, 69.0, 29.0, 42.72, 341.4, 18.73, 284.82, 20.42, 162.56, 23.47, 129.29, 20.32], (36.61159, 70.0364, 141.9246)]

Population size: 15
Number of couples: 7
Number of kept parents: 0
Best parent kept: True
Mutation Probability: 0.05
Mutation range (x, y): 10, 0.4
Number of Parameters: 4
Length, Width, Height: [440, 69, 29]
Target Frequencies: (130.8, 523.2, 1308.0)

Written time: 29/03/2023 12:17:40