[9.87, [440.0, 69.0, 29.0, 42.72, 341.4, 18.91, 284.82, 20.42, 162.56, 23.47, 129.29, 20.13], (130.9403, 522.3364, 1300.379)]
[19.51, [440.0, 69.0, 29.0, 42.72, 341.4, 18.73, 284.82, 20.42, 162.56, 23.39, 129.29, 20.13], (131.9384, 526.2095, 1309.34)]
[20.19, [440.0, 69.0, 29.0, 42.72, 341.4, 18.73, 279.03, 20.42, 162.56, 23.47, 123.34, 20.13], (131.2531, 522.09, 1293.081)]
[26.8, [440.0, 69.0, 29.0, 42.72, 341.4, 18.73, 284.82, 20.42, 177.71, 23.47, 126.95, 20.13], (131.25, 530.5173, 1317.142)]
[31.01, [440.0, 69.0, 29.0, 51.19, 340.29, 18.63, 284.82, 20.42, 162.56, 23.47, 129.29, 20.13], (131.217, 527.6144, 1327.493)]
[33.18, [440.0, 69.0, 29.0, 46.59, 335.98, 18.63, 284.82, 20.42, 170.36, 23.47, 126.95, 20.32], (130.8228, 529.5372, 1328.469)]
[48.29, [440.0, 69.0, 29.0, 43.37, 340.29, 18.63, 284.82, 20.42, 179.38, 23.65, 116.1, 19.93], (129.1096, 520.9279, 1286.232)]
[52.92, [440.0, 69.0, 29.0, 46.59, 335.98, 18.63, 284.82, 20.29, 170.36, 23.47, 126.95, 20.32], (131.7596, 532.3768, 1333.168)]
[59.43, [440.0, 69.0, 29.0, 38.89, 347.04, 18.63, 276.21, 20.42, 171.98, 23.47, 129.29, 19.96], (132.87, 533.7886, 1316.468)]
[67.88, [440.0, 69.0, 29.0, 56.99, 341.4, 18.73, 284.82, 20.05, 162.56, 23.47, 129.29, 20.48], (132.6799, 530.2884, 1335.929)]
[71.22, [440.0, 69.0, 29.0, 38.89, 347.04, 18.55, 275.5, 20.59, 179.38, 23.65, 116.1, 19.93], (128.9053, 519.0345, 1271.191)]
[220.8, [440.0, 69.0, 29.0, 42.72, 324.85, 18.63, 276.21, 20.42, 171.98, 23.47, 129.29, 19.86], (134.3968, 554.1285, 1398.724)]
[506.73, [440.0, 69.0, 29.0, 42.72, 324.85, 18.55, 275.5, 20.59, 177.71, 23.47, 126.95, 20.13], (132.3918, 560.5361, 1719.973)]
[8796.32, [440, 69, 29, 12.56, 350.01, 18.02, 282.98, 19.22, 163.44, 15.44, 102.62, 16.83], (218.1009, 715.7417, 1562.278)]
[96114.46, [440.0, 69.0, 29.0, 43.37, 340.29, 18.63, 284.82, 20.42, 177.71, 23.47, 126.95, 20.13], (573.7069, 1394.83, 2467.882)]

Population size: 15
Number of couples: 7
Number of kept parents: 0
Best parent kept: False
Mutation Probability: 0.05
Mutation range (x, y): 10, 0.4
Number of Parameters: 4
Length, Width, Height: [440, 69, 29]
Target Frequencies: (130.8, 523.2, 1308.0)

Written time: 29/03/2023 12:22:23