[12.29, [440.0, 69.0, 29.0, 47.88, 343.97, 18.67, 286.22, 20.42, 169.89, 23.47, 124.87, 20.15], (130.45, 522.4526, 1299.272)]
[14.19, [440.0, 69.0, 29.0, 47.88, 343.97, 18.67, 286.22, 20.42, 169.89, 23.47, 124.87, 20.17], (130.3891, 522.1654, 1298.511)]
[17.07, [440.0, 69.0, 29.0, 47.88, 343.97, 18.67, 286.22, 20.44, 169.89, 23.47, 124.87, 20.17], (130.2449, 521.7551, 1297.959)]
[17.07, [440.0, 69.0, 29.0, 47.88, 343.97, 18.67, 286.22, 20.44, 169.89, 23.47, 124.87, 20.17], (130.2449, 521.7551, 1297.959)]
[21.21, [440.0, 69.0, 29.0, 43.79, 343.97, 18.67, 286.22, 20.42, 169.89, 23.47, 124.87, 20.17], (130.475, 521.6313, 1291.781)]
[21.21, [440.0, 69.0, 29.0, 43.79, 343.97, 18.67, 286.22, 20.42, 169.89, 23.47, 124.87, 20.17], (130.475, 521.6313, 1291.781)]
[28.61, [440.0, 69.0, 29.0, 45.82, 343.97, 18.85, 286.22, 20.42, 169.89, 23.47, 124.87, 20.17], (130.2087, 519.9877, 1290.357)]
[36.54, [440.0, 69.0, 29.0, 38.81, 343.97, 18.67, 286.22, 20.21, 169.89, 23.47, 124.87, 20.17], (132.1027, 525.2293, 1290.385)]
[40.23, [440.0, 69.0, 29.0, 47.88, 361.32, 19.44, 277.42, 21.87, 211.38, 22.69, 136.61, 19.65], (131.0394, 535.7864, 1321.881)]
[50.21, [440.0, 69.0, 29.0, 47.88, 349.87, 18.67, 286.75, 20.42, 169.89, 23.73, 139.98, 20.13], (129.3508, 528.6464, 1329.87)]
[69.46, [440.0, 69.0, 29.0, 47.88, 361.32, 19.04, 277.42, 21.87, 211.38, 22.69, 136.61, 19.65], (131.7044, 540.6576, 1333.941)]
[72.1, [440.0, 69.0, 29.0, 47.88, 361.32, 19.44, 277.42, 21.87, 214.12, 22.69, 136.61, 19.42], (131.9854, 540.8851, 1331.828)]
[99.6, [440.0, 69.0, 29.0, 47.88, 343.97, 18.67, 286.22, 20.42, 169.89, 23.47, 139.98, 20.13], (132.2538, 538.9954, 1358.485)]
[102.07, [440.0, 69.0, 29.0, 47.88, 360.64, 19.9, 277.42, 22.11, 212.05, 22.67, 135.97, 20.17], (127.1387, 518.1924, 1286.001)]
[107.39, [440.0, 69.0, 29.0, 47.88, 343.97, 18.67, 286.22, 20.83, 169.89, 23.47, 124.87, 20.17], (127.3872, 513.2033, 1283.647)]
[113.05, [440.0, 69.0, 29.0, 47.88, 351.85, 18.67, 286.22, 20.69, 169.89, 23.47, 124.87, 20.17], (128.0296, 510.9608, 1265.543)]
[118.29, [440.0, 69.0, 29.0, 45.82, 360.64, 19.87, 275.87, 21.87, 211.38, 22.36, 135.97, 19.33], (134.2032, 541.5925, 1326.727)]
[128.94, [440.0, 69.0, 29.0, 39.12, 343.97, 19.06, 286.22, 20.42, 164.13, 23.69, 124.87, 20.17], (127.8844, 508.8123, 1257.615)]
[144.71, [440.0, 69.0, 29.0, 45.26, 343.97, 19.44, 275.87, 21.87, 211.38, 22.67, 135.97, 19.65], (132.549, 550.199, 1375.585)]
[285.89, [440.0, 69.0, 29.0, 45.82, 360.64, 19.87, 275.87, 21.87, 211.38, 23.47, 139.98, 20.13], (122.4292, 513.3287, 1284.035)]
[562.95, [440.0, 69.0, 29.0, 47.88, 360.64, 19.9, 277.42, 21.89, 212.05, 23.63, 124.87, 20.17], (118.776, 491.8682, 1224.654)]
[622.03, [440.0, 69.0, 29.0, 47.88, 343.97, 19.06, 286.22, 20.42, 211.38, 22.69, 136.61, 19.65], (142.4394, 578.4941, 1422.346)]
[686.34, [440.0, 69.0, 29.0, 43.79, 343.97, 18.67, 286.22, 20.42, 169.89, 22.36, 135.97, 19.33], (144.5826, 567.3331, 1394.4)]
[781.17, [440.0, 69.0, 29.0, 47.88, 361.32, 19.44, 277.42, 21.87, 169.89, 23.69, 124.87, 20.17], (116.4031, 470.5811, 1178.33)]
[1436.05, [440.0, 69.0, 29.0, 47.88, 335.01, 18.67, 286.22, 21.87, 208.91, 22.67, 135.97, 19.65], (133.1338, 197.9087, 558.187)]
[2577.78, [440.0, 69.0, 29.0, 38.0, 361.32, 19.44, 275.87, 20.44, 169.89, 23.47, 124.87, 20.17], (139.5134, 1219.846, 2235.284)]
[13059.08, [440.0, 69.0, 29.0, 31.7, 361.32, 19.44, 277.42, 21.83, 211.81, 22.69, 135.37, 20.17], (21.10112, 130.1619, 524.5513)]
[50933.57, [440.0, 69.0, 29.0, 38.0, 361.32, 18.67, 286.22, 20.42, 211.38, 22.69, 128.33, 19.65], (416.5643, 1311.71, 2357.336)]
[52306.32, [440.0, 69.0, 29.0, 45.82, 343.97, 18.67, 286.22, 20.21, 169.89, 23.47, 124.87, 20.17], (421.9637, 1293.439, 2391.066)]
[79829.78, [440.0, 69.0, 29.0, 47.88, 343.97, 18.67, 286.22, 20.42, 169.89, 23.47, 124.87, 20.17], (521.4472, 1298.127, 2377.301)]

Population size: 30
Number of couples: 15
Number of kept parents: 0
Best parent kept: False
Mutation Probability: 0.05
Mutation range (x, y): 10, 0.5
Number of Parameters: 4
Length, Width, Height: [440, 69, 29]
Target Frequencies: (130.8, 523.2, 1308.0)

Written time: 28/03/2023 23:07:11