[104.96, [440.0, 69.0, 29.0, 13.69, 345.58, 18.32, 280.09, 18.97, 206.88, 23.56, 101.5, 21.96], (130.7593, 517.1646, 1209.159)]
[115.83, [440.0, 69.0, 29.0, 13.69, 345.58, 18.32, 280.09, 18.97, 198.27, 23.56, 101.5, 21.96], (131.2392, 515.0029, 1203.279)]
[171.29, [440.0, 69.0, 29.0, 19.16, 361.79, 18.63, 280.09, 20.42, 168.2, 24.01, 131.33, 20.13], (127.1917, 505.8486, 1222.606)]
[194.89, [440.0, 69.0, 29.0, 28.07, 361.79, 18.79, 280.09, 18.97, 198.27, 23.84, 110.64, 21.96], (127.4669, 505.9323, 1191.229)]
[248.07, [440.0, 69.0, 29.0, 56.94, 306.06, 18.32, 280.09, 20.37, 198.27, 23.56, 104.63, 21.96], (123.5962, 524.2607, 1361.659)]
[317.45, [440.0, 69.0, 29.0, 32.48, 374.94, 18.65, 283.74, 22.18, 212.51, 23.25, 129.12, 19.65], (123.2107, 503.7359, 1219.088)]
[359.54, [440.0, 69.0, 29.0, 56.94, 337.73, 18.32, 280.09, 22.39, 213.66, 22.79, 129.5, 21.96], (120.6573, 510.3241, 1331.639)]
[381.9, [440.0, 69.0, 29.0, 13.69, 343.91, 16.98, 266.15, 18.97, 198.27, 23.56, 101.5, 20.44], (141.3584, 561.806, 1307.784)]
[430.39, [440.0, 69.0, 29.0, 11.16, 337.73, 16.98, 280.09, 22.39, 213.66, 22.79, 129.5, 19.67], (120.7184, 440.6841, 1335.768)]
[546.45, [440.0, 69.0, 29.0, 60.98, 378.7, 17.51, 261.65, 20.15, 214.7, 23.23, 135.37, 19.65], (141.9212, 586.1788, 1420.595)]
[579.37, [440.0, 69.0, 29.0, 28.07, 361.79, 18.79, 277.42, 21.65, 168.59, 22.43, 73.31, 21.96], (122.634, 447.7889, 1037.397)]
[630.21, [440.0, 69.0, 29.0, 56.94, 330.33, 18.32, 269.75, 22.39, 213.66, 24.13, 129.5, 19.67], (117.0389, 534.8373, 1416.089)]
[736.74, [440.0, 69.0, 29.0, 44.78, 334.6, 18.79, 277.42, 23.45, 216.01, 23.55, 135.37, 19.65], (114.0309, 514.6534, 1349.497)]
[978.79, [440.0, 69.0, 29.0, 54.5, 345.27, 18.32, 280.09, 22.39, 203.2, 19.84, 87.72, 18.96], (150.9667, 563.9275, 1340.427)]
[1054.53, [440, 69, 29, 26.72, 366.06, 22.39, 257.67, 17.46, 149.12, 22.18, 85.74, 22.38], (149.7032, 489.0595, 1109.482)]
[3164.0, [440.0, 69.0, 29.0, 4.06, 345.58, 18.51, 280.09, 18.97, 201.69, 21.22, 101.5, 21.96], (162.457, 1252.995, 1961.037)]
[3520.43, [440, 69, 29, 41.28, 301.9, 19.8, 280.56, 18.66, 207.27, 20.02, 138.54, 16.6], (174.0817, 741.5176, 1762.665)]
[3537.14, [440.0, 69.0, 29.0, 13.69, 345.58, 18.32, 290.51, 18.97, 175.99, 20.62, 113.65, 16.93], (178.3655, 638.1073, 1449.751)]
[3994.1, [440, 69, 29, 69.93, 320.64, 16.43, 268.74, 15.23, 150.96, 21.88, 81.33, 20.82], (181.9753, 654.1084, 1510.267)]
[6907.46, [440.0, 69.0, 29.0, 56.94, 344.22, 18.32, 280.09, 22.39, 213.66, 22.79, 117.68, 19.67], (52.91216, 521.0623, 1339.399)]
[8648.92, [440.0, 69.0, 29.0, 11.16, 306.06, 18.32, 280.09, 20.18, 187.42, 22.6, 72.16, 21.96], (48.52503, 134.3519, 510.7258)]
[12384.89, [440.0, 69.0, 29.0, 18.28, 312.33, 18.32, 277.42, 21.38, 214.7, 22.13, 128.61, 19.65], (244.8838, 379.625, 1364.025)]
[35461.51, [440.0, 69.0, 29.0, 32.48, 374.94, 18.95, 283.74, 22.15, 218.71, 22.77, 129.12, 19.65], (356.5592, 1229.147, 2142.596)]
[44200.22, [440.0, 69.0, 29.0, 56.94, 337.73, 18.32, 280.09, 22.39, 209.74, 23.56, 101.5, 21.96], (394.219, 1085.626, 2192.4)]
[52425.57, [440.0, 69.0, 29.0, 13.69, 345.58, 22.2, 276.84, 20.33, 213.82, 22.9, 75.96, 22.86], (428.54, 1016.141, 1865.164)]
[75393.74, [440.0, 69.0, 29.0, 62.14, 335.65, 17.32, 280.09, 20.78, 198.27, 23.56, 101.5, 20.99], (508.91, 1299.706, 2401.548)]
[77628.08, [440.0, 69.0, 29.0, 44.78, 350.01, 18.63, 280.09, 20.42, 168.2, 23.77, 126.8, 20.13], (516.8066, 1282.216, 2338.156)]
[79237.13, [440.0, 69.0, 29.0, 13.69, 345.58, 19.01, 265.48, 18.97, 198.27, 23.56, 101.5, 21.96], (521.2594, 1439.033, 2474.346)]
[95474.08, [440.0, 69.0, 29.0, 64.4, 335.65, 18.32, 280.09, 20.78, 198.27, 22.79, 133.5, 19.67], (573.4638, 1483.862, 2686.823)]
[97852.72, [440.0, 69.0, 29.0, 52.94, 357.32, 14.74, 238.56, 20.88, 198.27, 23.56, 101.5, 21.96], (581.6551, 1413.057, 2539.231)]

Population size: 30
Number of couples: 13
Number of kept parents: 0
Best parent kept: True
Mutation Probability: 0.2
Mutation range (x, y): 15, 1.5
Number of Parameters: 4
Length, Width, Height: [440, 69, 29]
Target Frequencies: (130.8, 523.2, 1308.0)

Written time: 28/03/2023 16:19:16