[55.71, [440.0, 69.0, 29.0, 47.88, 352.09, 19.44, 288.15, 20.93, 229.81, 23.58, 126.76, 19.59], (129.3716, 535.3519, 1322.339)]
[67.23, [440.0, 69.0, 29.0, 47.88, 365.96, 19.57, 279.71, 20.93, 229.89, 23.58, 122.57, 19.59], (128.7779, 527.5995, 1278.322)]
[86.8, [440.0, 69.0, 29.0, 47.88, 352.09, 19.44, 277.52, 21.17, 229.89, 23.58, 126.76, 19.46], (129.3622, 542.5377, 1338.885)]
[93.07, [440.0, 69.0, 29.0, 47.88, 345.72, 19.44, 277.52, 20.93, 230.53, 23.58, 122.57, 19.59], (130.324, 545.6934, 1352.798)]
[94.83, [440.0, 69.0, 29.0, 47.88, 349.89, 19.44, 277.52, 21.17, 229.89, 23.58, 126.76, 19.46], (129.5, 544.2661, 1345.873)]
[124.31, [440.0, 69.0, 29.0, 47.88, 352.09, 19.44, 283.94, 21.87, 215.28, 23.09, 144.14, 19.17], (130.1907, 549.6612, 1374.63)]
[124.31, [440.0, 69.0, 29.0, 47.88, 352.09, 19.44, 283.94, 21.87, 215.28, 23.09, 144.14, 19.17], (130.1907, 549.6612, 1374.63)]
[133.89, [440.0, 69.0, 29.0, 47.88, 349.89, 19.44, 283.94, 21.87, 215.28, 23.09, 144.14, 19.17], (130.3421, 551.4806, 1382.226)]
[149.35, [440.0, 69.0, 29.0, 47.88, 352.09, 19.58, 283.94, 21.87, 215.28, 23.33, 144.14, 19.17], (127.7035, 543.0629, 1363.133)]
[150.93, [440.0, 69.0, 29.0, 47.88, 352.09, 19.47, 283.94, 21.87, 215.28, 23.33, 144.14, 19.17], (127.8717, 544.3886, 1366.439)]
[151.25, [440.0, 69.0, 29.0, 47.88, 352.09, 19.58, 283.94, 21.87, 211.97, 23.33, 144.14, 19.17], (127.3311, 540.7609, 1359.517)]
[158.29, [440.0, 69.0, 29.0, 47.88, 352.09, 18.67, 280.1, 21.87, 209.39, 23.33, 122.57, 19.59], (124.9194, 520.4633, 1297.792)]
[162.12, [440.0, 69.0, 29.0, 47.88, 352.09, 19.44, 283.94, 21.87, 215.28, 23.33, 144.14, 19.59], (126.6593, 538.4386, 1355.389)]
[177.68, [440.0, 69.0, 29.0, 47.88, 352.09, 19.44, 288.15, 20.93, 230.53, 23.58, 140.87, 19.26], (132.6902, 560.9459, 1384.205)]
[187.04, [440.0, 69.0, 29.0, 50.63, 352.09, 19.44, 283.94, 21.87, 215.28, 23.65, 139.17, 17.23], (129.4199, 560.5712, 1404.089)]
[211.65, [440.0, 69.0, 29.0, 47.88, 349.46, 19.58, 283.94, 21.87, 211.97, 23.33, 144.14, 19.17], (128.8889, 568.8533, 1401.926)]
[253.31, [440.0, 69.0, 29.0, 62.61, 336.07, 19.99, 283.94, 21.87, 215.28, 23.33, 144.14, 19.1], (128.2956, 557.3612, 1453.356)]
[349.82, [440.0, 69.0, 29.0, 47.88, 350.35, 19.58, 280.1, 20.72, 215.28, 23.33, 144.14, 19.17], (136.7609, 572.0993, 1414.482)]
[381.58, [440.0, 69.0, 29.0, 47.88, 352.09, 19.44, 283.94, 21.87, 215.28, 23.65, 122.57, 19.59], (121.0123, 506.4139, 1266.203)]
[387.83, [440.0, 69.0, 29.0, 47.88, 365.96, 19.29, 279.71, 20.93, 234.22, 23.86, 139.17, 17.23], (137.2419, 584.4024, 1409.925)]
[466.39, [440.0, 69.0, 29.0, 61.23, 336.07, 19.99, 280.1, 20.72, 215.28, 23.33, 144.14, 19.17], (137.1094, 584.4819, 1493.341)]
[501.82, [440.0, 69.0, 29.0, 74.36, 349.89, 19.44, 277.52, 20.93, 229.89, 23.33, 144.14, 19.17], (137.1192, 589.1663, 1519.037)]
[1422.53, [440.0, 69.0, 29.0, 47.88, 349.89, 19.44, 277.52, 21.21, 229.89, 23.58, 122.57, 19.59], (128.1972, 218.752, 536.3591)]
[2393.87, [440, 69, 29, 58.34, 340.65, 21.92, 231.54, 16.73, 206.89, 21.59, 75.05, 20.05], (167.3865, 585.1042, 1365.061)]
[3187.19, [440, 69, 29, 20.33, 344.84, 17.47, 268.22, 15.22, 209.91, 21.04, 90.37, 15.26], (92.81611, 373.0089, 762.1822)]
[6528.61, [440.0, 69.0, 29.0, 47.88, 352.09, 19.58, 283.94, 21.87, 211.97, 23.58, 126.76, 19.59], (59.84836, 265.2815, 1271.68)]
[10057.55, [440.0, 69.0, 29.0, 39.65, 318.97, 21.57, 277.7, 14.88, 202.1, 17.75, 118.97, 17.71], (225.465, 746.7359, 1707.956)]
[11682.01, [440.0, 69.0, 29.0, 47.88, 352.09, 19.58, 283.94, 21.87, 215.28, 23.33, 144.14, 19.17], (20.76418, 487.0564, 1375.191)]
[12722.42, [440.0, 69.0, 29.0, 47.88, 345.92, 19.44, 283.94, 21.87, 215.28, 23.65, 139.17, 17.23], (20.27223, 219.9664, 812.0733)]
[77351.33, [440.0, 69.0, 29.0, 47.88, 352.09, 19.44, 277.52, 21.17, 229.89, 23.58, 126.76, 19.56], (512.4375, 1334.952, 2480.866)]

Population size: 30
Number of couples: 14
Number of kept parents: 0
Best parent kept: False
Mutation Probability: 0.05
Mutation range (x, y): 5, 0.3
Number of Parameters: 4
Length, Width, Height: [440, 69, 29]
Target Frequencies: (130.8, 523.2, 1308.0)

Written time: 29/03/2023 04:09:58