[18.67, [440.0, 69.0, 29.0, 45.82, 360.64, 19.9, 275.87, 21.87, 211.38, 22.69, 135.97, 19.65], (130.3603, 530.372, 1306.59)]
[24.08, [440.0, 69.0, 29.0, 43.79, 365.32, 19.44, 275.87, 21.87, 211.38, 22.69, 135.97, 19.65], (130.9181, 532.2079, 1302.34)]
[29.08, [440.0, 69.0, 29.0, 38.0, 361.32, 19.44, 277.42, 21.87, 211.38, 22.69, 135.97, 19.65], (131.2009, 532.9834, 1301.025)]
[29.7, [440.0, 69.0, 29.0, 45.82, 360.64, 19.9, 277.42, 22.11, 212.05, 22.67, 135.97, 19.33], (129.4893, 529.7803, 1306.47)]
[42.6, [440.0, 69.0, 29.0, 43.87, 375.31, 19.44, 277.42, 21.69, 212.26, 22.77, 139.98, 20.13], (129.9991, 524.7018, 1275.568)]
[44.13, [440.0, 69.0, 29.0, 31.7, 361.32, 19.44, 277.42, 21.87, 211.81, 22.69, 135.37, 20.15], (129.9285, 524.0302, 1273.668)]
[46.22, [440.0, 69.0, 29.0, 47.39, 367.19, 19.4, 278.1, 22.03, 211.59, 22.67, 139.05, 19.16], (131.2743, 538.2756, 1320.804)]
[47.4, [440.0, 69.0, 29.0, 42.91, 359.25, 19.44, 277.2, 22.03, 212.08, 22.66, 135.97, 19.33], (131.2344, 538.0988, 1322.74)]
[64.95, [440.0, 69.0, 29.0, 47.88, 361.32, 19.44, 277.42, 21.87, 212.05, 22.67, 139.86, 19.7], (131.5402, 539.7089, 1333.56)]
[73.35, [440.0, 69.0, 29.0, 28.48, 361.32, 19.44, 277.42, 21.87, 212.05, 22.67, 139.86, 19.34], (133.1986, 540.6104, 1306.619)]
[89.33, [440.0, 69.0, 29.0, 39.02, 365.88, 19.36, 277.57, 22.4, 212.05, 22.67, 139.05, 19.7], (127.3496, 523.0704, 1283.023)]
[172.76, [440.0, 69.0, 29.0, 37.73, 343.97, 18.67, 288.07, 21.83, 212.08, 22.66, 139.05, 19.65], (133.6387, 553.3422, 1372.65)]
[207.72, [440.0, 69.0, 29.0, 47.88, 343.97, 18.67, 286.22, 20.42, 169.89, 23.47, 124.87, 20.17], (124.0561, 522.163, 1277.484)]
[221.63, [440.0, 69.0, 29.0, 48.28, 343.97, 18.67, 277.2, 22.03, 212.08, 22.66, 135.97, 19.33], (133.5325, 561.3828, 1408.095)]
[253.6, [440.0, 69.0, 29.0, 31.7, 361.32, 19.08, 286.22, 20.42, 169.89, 23.47, 117.34, 20.65], (127.3995, 491.9132, 1179.68)]
[316.55, [440.0, 69.0, 29.0, 42.91, 366.65, 19.44, 286.22, 20.86, 169.89, 23.47, 124.87, 20.17], (125.2141, 489.3508, 1191.171)]
[434.51, [440.0, 69.0, 29.0, 31.7, 361.32, 19.44, 277.42, 21.87, 211.81, 22.69, 135.37, 20.15], (129.6161, 505.2015, 922.3725)]
[855.32, [440.0, 69.0, 29.0, 47.88, 343.97, 18.67, 286.22, 20.42, 169.89, 23.47, 124.87, 20.17], (130.3601, 152.5948, 1196.808)]
[1121.53, [440.0, 69.0, 29.0, 42.91, 365.32, 19.44, 277.2, 22.03, 212.08, 22.66, 135.37, 19.65], (130.4301, 603.2014, 2267.279)]
[1510.31, [440.0, 69.0, 29.0, 45.82, 360.64, 20.11, 277.42, 21.69, 212.26, 22.77, 139.98, 20.13], (129.6943, 164.2536, 527.2098)]
[10089.3, [440.0, 69.0, 29.0, 41.54, 361.32, 19.44, 277.73, 21.87, 211.81, 22.69, 135.37, 20.13], (40.92516, 129.6303, 526.1851)]
[11004.81, [440.0, 69.0, 29.0, 37.73, 363.27, 19.44, 277.42, 21.87, 211.81, 22.69, 135.37, 20.13], (24.51993, 537.4586, 1327.648)]
[16542.5, [440.0, 69.0, 29.0, 39.02, 365.88, 19.36, 277.57, 22.4, 212.05, 22.67, 139.05, 19.27], (269.0717, 416.4451, 1238.239)]
[69759.72, [440.0, 69.0, 29.0, 34.5, 366.73, 19.44, 275.87, 21.87, 211.38, 22.69, 135.97, 19.65], (487.2576, 1269.971, 2274.677)]
[72570.61, [440.0, 69.0, 29.0, 45.82, 366.95, 19.9, 277.42, 22.11, 212.05, 22.67, 135.37, 19.65], (497.0644, 1273.765, 2281.673)]
[81563.93, [440.0, 69.0, 29.0, 34.5, 366.73, 19.44, 275.87, 21.83, 213.72, 22.71, 135.37, 19.65], (527.8416, 1268.956, 2266.291)]
[83095.45, [440.0, 69.0, 29.0, 47.88, 343.97, 18.67, 286.22, 20.42, 169.89, 23.47, 124.87, 20.17], (532.0534, 1321.238, 2431.064)]
[83522.81, [440.0, 69.0, 29.0, 37.73, 361.32, 19.44, 277.42, 21.87, 212.05, 22.67, 139.86, 19.27], (533.7565, 1309.113, 2370.394)]
[91172.08, [440.0, 69.0, 29.0, 42.74, 343.97, 18.89, 277.73, 21.87, 211.81, 22.69, 135.37, 20.13], (558.2343, 1338.143, 2480.354)]
[143285.3, [440.0, 69.0, 29.0, 31.7, 361.32, 19.4, 278.1, 22.03, 211.59, 22.67, 139.05, 19.27], (712.3275, 1446.816, 2511.399)]

Population size: 30
Number of couples: 15
Number of kept parents: 0
Best parent kept: False
Mutation Probability: 0.05
Mutation range (x, y): 10, 0.5
Number of Parameters: 4
Length, Width, Height: [440, 69, 29]
Target Frequencies: (130.8, 523.2, 1308.0)

Written time: 28/03/2023 22:07:53