[23.3, [440.0, 69.0, 29.0, 38.13, 358.76, 19.43, 277.52, 22.03, 216.88, 22.69, 135.37, 19.65], (130.6435, 534.3643, 1307.648)]
[28.75, [440.0, 69.0, 29.0, 47.11, 365.32, 19.44, 276.32, 22.03, 213.68, 22.51, 132.32, 19.5], (131.4167, 532.2362, 1302.161)]
[29.94, [440.0, 69.0, 29.0, 42.91, 364.79, 19.44, 281.28, 22.06, 213.5, 22.66, 139.05, 19.27], (131.0188, 535.9841, 1311.351)]
[30.58, [440.0, 69.0, 29.0, 42.91, 361.96, 19.68, 279.89, 21.87, 211.93, 22.69, 135.37, 19.81], (129.9525, 526.5046, 1291.828)]
[31.87, [440.0, 69.0, 29.0, 42.91, 365.32, 19.44, 277.52, 21.89, 212.05, 22.69, 135.37, 19.83], (130.1274, 527.7255, 1290.698)]
[35.09, [440.0, 69.0, 29.0, 47.11, 365.32, 19.44, 276.32, 22.03, 216.55, 22.51, 135.37, 19.65], (131.6552, 535.2187, 1311.145)]
[35.4, [440.0, 69.0, 29.0, 41.75, 365.32, 19.67, 281.81, 21.87, 212.05, 22.69, 133.66, 19.19], (131.2306, 529.9628, 1288.948)]
[37.19, [440.0, 69.0, 29.0, 42.91, 365.32, 19.44, 277.42, 22.06, 213.5, 22.75, 139.05, 19.65], (129.3992, 530.7687, 1302.529)]
[43.36, [440.0, 69.0, 29.0, 43.5, 364.18, 19.46, 282.72, 21.87, 212.05, 22.46, 130.79, 20.13], (130.5747, 520.9822, 1270.146)]
[48.42, [440.0, 69.0, 29.0, 38.56, 365.32, 19.44, 281.21, 21.92, 212.05, 22.52, 139.05, 19.65], (132.2262, 533.8576, 1297.932)]
[56.55, [440.0, 69.0, 29.0, 44.78, 365.32, 19.34, 277.42, 21.87, 213.5, 22.64, 138.79, 19.61], (132.0633, 538.7636, 1319.223)]
[57.85, [440.0, 69.0, 29.0, 47.74, 362.48, 19.68, 276.9, 21.87, 216.34, 22.92, 131.07, 19.65], (128.3622, 524.7048, 1291.224)]
[58.65, [440.0, 69.0, 29.0, 38.13, 360.34, 19.44, 277.42, 22.06, 213.5, 22.75, 141.39, 19.27], (131.189, 541.6589, 1327.308)]
[64.79, [440.0, 69.0, 29.0, 38.62, 366.87, 19.44, 277.42, 21.87, 213.5, 22.69, 140.25, 19.27], (132.6395, 540.5893, 1313.058)]
[68.81, [440.0, 69.0, 29.0, 47.26, 360.66, 19.49, 277.42, 21.99, 212.05, 22.97, 135.88, 19.65], (127.5165, 526.9579, 1306.206)]
[82.9, [440.0, 69.0, 29.0, 42.91, 365.32, 19.43, 277.42, 21.87, 213.5, 22.69, 140.25, 19.27], (132.6509, 542.9169, 1326.289)]
[91.89, [440.0, 69.0, 29.0, 43.51, 361.32, 19.44, 277.42, 22.0, 212.05, 22.84, 135.37, 20.14], (127.263, 521.1548, 1286.719)]
[107.74, [440.0, 69.0, 29.0, 47.11, 365.32, 19.2, 279.97, 21.87, 215.04, 22.69, 135.37, 19.65], (132.9111, 555.4497, 1320.566)]
[162.81, [440.0, 69.0, 29.0, 47.26, 360.66, 19.44, 277.42, 22.23, 212.05, 22.86, 127.15, 19.65], (125.7937, 515.208, 1273.187)]
[196.21, [440.0, 69.0, 29.0, 45.17, 367.71, 19.44, 277.42, 21.87, 216.34, 22.69, 134.53, 19.65], (130.9334, 617.6923, 1301.266)]
[1182.36, [440.0, 69.0, 29.0, 49.52, 361.32, 19.94, 281.81, 21.87, 215.39, 22.48, 135.37, 19.65], (154.4755, 533.6218, 1317.524)]
[1837.32, [440, 69, 29, 19.61, 341.6, 19.55, 283.61, 22.65, 182.82, 19.12, 125.22, 15.11], (159.0143, 621.0048, 1451.044)]
[4757.54, [440.0, 69.0, 29.0, 42.91, 365.32, 19.44, 281.81, 21.91, 212.86, 22.72, 132.32, 19.65], (168.8115, 1250.786, 2266.832)]
[6847.24, [440.0, 69.0, 29.0, 48.28, 362.48, 19.9, 277.42, 21.8, 212.05, 22.81, 139.45, 19.65], (69.60669, 81.79209, 130.4884)]
[10308.61, [440.0, 69.0, 29.0, 43.75, 361.96, 19.44, 279.89, 21.68, 212.05, 22.72, 135.37, 19.65], (39.08906, 138.3676, 551.8257)]
[11855.58, [440.0, 69.0, 29.0, 54.32, 346.45, 19.06, 279.02, 22.61, 210.02, 22.54, 133.18, 19.45], (21.89201, 294.6555, 1340.96)]
[75445.3, [440.0, 69.0, 29.0, 42.91, 365.32, 19.44, 277.42, 21.99, 209.16, 22.67, 131.06, 19.94], (507.2301, 1246.461, 2272.535)]
[77895.23, [440.0, 69.0, 29.0, 38.56, 365.32, 19.46, 279.06, 21.87, 212.05, 22.69, 130.79, 20.13], (515.4294, 1268.933, 2278.359)]
[113649.81, [440.0, 69.0, 29.0, 42.91, 365.32, 19.44, 281.81, 21.86, 212.05, 22.88, 138.28, 19.52], (628.4278, 1338.168, 2319.186)]
[137781.35, [440.0, 69.0, 29.0, 50.75, 372.46, 19.44, 277.42, 21.87, 212.05, 22.7, 135.37, 19.41], (695.3011, 1620.438, 2773.752)]

Population size: 30
Number of couples: 14
Number of kept parents: 0
Best parent kept: True
Mutation Probability: 0.25
Mutation range (x, y): 5, 0.3
Number of Parameters: 4
Length, Width, Height: [440, 69, 29]
Target Frequencies: (130.8, 523.2, 1308.0)

Written time: 28/03/2023 20:56:25