[70.36, [440.0, 69.0, 29.0, 47.88, 349.89, 19.44, 277.52, 20.93, 229.89, 23.58, 122.57, 19.59], (130.0209, 541.8969, 1334.092)]
[89.06, [440.0, 69.0, 29.0, 58.18, 352.09, 19.44, 288.15, 20.93, 230.53, 23.58, 126.76, 19.59], (129.3303, 540.1068, 1345.433)]
[108.63, [440.0, 69.0, 29.0, 47.88, 352.09, 19.44, 283.94, 19.13, 169.11, 24.38, 149.95, 20.39], (132.1111, 542.8524, 1362.315)]
[128.01, [440.0, 69.0, 29.0, 47.88, 352.09, 19.44, 283.94, 21.87, 215.28, 23.33, 144.14, 19.17], (127.9169, 544.7311, 1343.996)]
[149.35, [440.0, 69.0, 29.0, 47.88, 352.09, 19.58, 283.94, 21.87, 215.28, 23.33, 144.14, 19.17], (127.7035, 543.0629, 1363.133)]
[202.02, [440.0, 69.0, 29.0, 47.88, 336.07, 18.67, 280.1, 20.92, 229.89, 23.58, 126.76, 19.59], (132.0597, 564.4761, 1413.325)]
[231.02, [440.0, 69.0, 29.0, 58.18, 352.09, 19.44, 288.15, 21.87, 214.12, 23.66, 134.33, 18.88], (123.733, 527.8846, 1341.778)]
[232.8, [440.0, 69.0, 29.0, 74.36, 365.96, 19.29, 280.07, 21.87, 214.12, 23.66, 134.33, 18.88], (123.5976, 525.5441, 1342.817)]
[235.28, [440.0, 69.0, 29.0, 47.88, 336.07, 18.67, 283.94, 21.87, 215.28, 23.33, 144.14, 19.17], (130.1515, 567.9864, 1448.488)]
[249.55, [440.0, 69.0, 29.0, 39.76, 343.97, 17.41, 280.1, 21.87, 215.28, 23.33, 144.14, 19.17], (131.8367, 575.6874, 1442.016)]
[263.26, [440.0, 69.0, 29.0, 58.18, 336.07, 19.44, 290.08, 21.87, 214.12, 23.33, 141.33, 19.17], (129.2099, 568.5343, 1460.537)]
[268.32, [440.0, 69.0, 29.0, 47.88, 352.09, 18.67, 280.46, 20.72, 169.89, 23.47, 86.97, 19.39], (127.1835, 491.2441, 1172.369)]
[268.39, [440.0, 69.0, 29.0, 47.88, 342.07, 16.82, 288.15, 21.87, 214.12, 23.33, 144.14, 19.17], (131.3262, 576.5484, 1465.88)]
[274.44, [440.0, 69.0, 29.0, 58.18, 336.07, 19.99, 280.1, 21.87, 212.19, 23.65, 139.17, 17.23], (129.5395, 571.1141, 1472.455)]
[286.67, [440.0, 69.0, 29.0, 58.18, 336.07, 19.99, 280.1, 21.87, 212.19, 23.65, 141.59, 17.23], (129.8383, 574.463, 1482.714)]
[296.52, [440.0, 69.0, 29.0, 74.36, 343.97, 17.41, 288.15, 21.87, 214.12, 23.33, 140.87, 19.17], (129.8071, 570.2449, 1500.539)]
[330.52, [440.0, 69.0, 29.0, 39.76, 343.97, 17.41, 280.1, 19.13, 167.85, 24.38, 150.45, 20.39], (135.5039, 573.4695, 1435.958)]
[380.02, [440.0, 69.0, 29.0, 47.88, 349.89, 19.44, 288.15, 20.72, 169.89, 23.47, 86.97, 19.5], (125.2913, 479.5909, 1144.491)]
[396.66, [440.0, 69.0, 29.0, 52.3, 352.09, 19.58, 283.94, 21.87, 215.28, 23.23, 144.14, 19.17], (128.5525, 363.9538, 1352.474)]
[711.82, [440.0, 69.0, 29.0, 47.88, 352.09, 18.67, 280.1, 21.87, 209.39, 23.33, 140.87, 19.26], (128.1033, 324.5043, 1037.852)]
[817.39, [440.0, 69.0, 29.0, 46.54, 355.51, 20.62, 234.78, 22.0, 166.39, 23.47, 86.97, 19.6], (117.3788, 457.8567, 1112.982)]
[2685.44, [440.0, 69.0, 29.0, 47.88, 352.09, 19.44, 280.07, 20.93, 169.89, 23.33, 144.14, 19.17], (132.0209, 1332.332, 2361.687)]
[3216.7, [440.0, 69.0, 29.0, 58.18, 352.09, 19.44, 288.15, 20.93, 229.89, 24.38, 150.45, 20.4], (144.1235, 1325.324, 2434.127)]
[3962.15, [440, 69, 29, 27.3, 297.34, 15.99, 252.03, 17.4, 196.24, 22.71, 85.59, 16.98], (178.3869, 707.5219, 1618.803)]
[5091.24, [440, 69, 29, 65.04, 331.55, 21.34, 276.21, 21.26, 180.47, 14.87, 120.73, 17.99], (189.141, 684.0695, 1621.341)]
[7378.25, [440.0, 69.0, 29.0, 47.88, 352.09, 19.44, 283.94, 21.87, 215.28, 23.33, 144.14, 19.17], (64.4163, 127.9169, 129.0068)]
[10685.72, [440.0, 69.0, 29.0, 47.88, 336.07, 18.67, 280.1, 20.92, 169.89, 23.47, 142.26, 19.37], (34.48248, 134.0813, 1762.733)]
[12095.72, [440.0, 69.0, 29.0, 47.88, 352.09, 19.58, 280.1, 20.92, 169.89, 23.33, 144.14, 19.17], (30.04994, 119.6866, 132.0296)]
[97423.02, [440.0, 69.0, 29.0, 47.88, 341.99, 16.82, 280.07, 21.87, 214.12, 23.33, 142.26, 19.37], (577.0271, 1465.128, 2585.762)]
[131348.52, [440.0, 69.0, 29.0, 47.88, 352.09, 19.44, 292.01, 21.87, 214.12, 15.02, 124.36, 17.45], (677.4506, 1534.633, 2823.684)]

Population size: 30
Number of couples: 14
Number of kept parents: 0
Best parent kept: False
Mutation Probability: 0.05
Mutation range (x, y): 5, 0.3
Number of Parameters: 4
Length, Width, Height: [440, 69, 29]
Target Frequencies: (130.8, 523.2, 1308.0)

Written time: 29/03/2023 03:23:12